15 0.4826975806451613 0.4894751853964632 0.061229838709677416 0.026041072447233315
2 0.203375 0.2913690815744438 0.12874193548387095 0.034677695379349685
15 0.16428225806451613 0.4302852253280091 0.0529274193548387 0.026919566457501425
3 0.2925645161290322 0.381905305191101 0.03954838709677419 0.015373645179691956
0 0.38276209677419354 0.4578722190530519 0.018044354838709677 0.04371933827723902
2 0.6634354838709677 0.3404962920707359 0.067125 0.018385624643468337
15 0.7020927419354839 0.30462635482030803 0.021673387096774195 0.07530519110096977
2 0.6169233870967742 0.2718938961779806 0.16129032258064516 0.017450085567598403
15 0.5288346774193549 0.29115231032515687 0.023971774193548387 0.07215059897318882
15 0.3007983870967742 0.3048659440958357 0.053955645161290325 0.026486023958927553
2 0.1249233870967742 0.4572162007986309 0.021858870967741934 0.08388476896748431
0 0.44544354838709677 0.3701540216771249 0.019818548387096773 0.14214489446662865
1 0.7389314516129032 0.42780376497432976 0.05841129032258065 0.015835710211066743
2 0.55925 0.3401540216771249 0.0818266129032258 0.016936679977181974
15 0.40438306451612904 0.38816314888762127 0.05228629032258064 0.030370792926411868
2 0.6222016129032257 0.3726069594980034 0.051431451612903224 0.015681688533941814
6 0.7259475806451613 0.3720878494010268 0.03675 0.01581289218482601
0 0.6325766129032258 0.4580547632629778 0.01271774193548387 0.03710781517398745
