11 0.2991008064516129 0.2952652595550485 0.1112258064516129 0.06702795208214489
12 0.39560080645161294 0.660347974900171 0.10035483870967742 0.018853394181403308
16 0.9050120967741935 0.6840901312036509 0.13954032258064517 0.03981175128351398
15 0.396366935483871 0.456406160867085 0.06104032258064516 0.03200228180262407
0 0.11606451612903225 0.33086138049058755 0.03766935483870968 0.044945807187678266
15 0.7221008064516129 0.30905875641756986 0.05547580645161291 0.030433542498573874
7 0.5475927419354839 0.5907073588134626 0.0700524193548387 0.02118653736451797
1 0.6829072580645161 0.42274386765544786 0.0797217741935484 0.022298916143753567
7 0.6820282258064516 0.5868739304050199 0.06759274193548387 0.020096976611523102
15 0.6293266129032258 0.279937250427838 0.021798387096774195 0.07335424985738734
0 0.7425887096774193 0.4666628636622932 0.01435483870967742 0.03928693667997719
15 0.5614758064516129 0.5327210496292071 0.05939112903225806 0.02919566457501426
15 0.6025604838709677 0.2819908727895037 0.021907258064516127 0.0732344552196235
0 0.4849274193548387 0.3035025670279521 0.01949193548387097 0.15807758128921848
0 0.39491129032258065 0.6355390758699372 0.08963709677419356 0.0165031374786081
1 0.6778104838709678 0.6534854535082715 0.05704032258064516 0.016001140901312036
15 0.39249596774193546 0.48168282943525387 0.06789516129032258 0.027501426126640045
