16 0.783483870967742 0.5445153933865451 0.20741129032258065 0.030057012542759408
2 0.2593951612903226 0.37446408209806153 0.06066129032258064 0.014139110604332953
2 0.22834677419354837 0.5165963511972634 0.05798387096774194 0.016322690992018243
2 0.6326935483870968 0.51384834663626 0.06422580645161291 0.013038768529076398
0 0.7369193548387096 0.3986259977194983 0.015403225806451613 0.04003990877993159
2 0.6088709677419355 0.373751425313569 0.0612741935483871 0.01281641961231471
15 0.21375806451612903 0.38873432155074117 0.024741935483870967 0.0243557582668187
0 0.1118790322580645 0.44636830102622577 0.014443548387096774 0.018586088939566706
15 0.7705806451612903 0.4624344355758267 0.03267741935483871 0.050763968072976055
6 0.18304838709677418 0.4476396807297605 0.013814516129032258 0.025843785632839223
2 0.6448790322580645 0.4845496009122007 0.05196774193548387 0.01217217787913341
15 0.13026612903225807 0.4739566704675029 0.032330645161290326 0.02203534777651083
15 0.6126290322580645 0.4825826681870012 0.02633064516129032 0.022383124287343216
2 0.24358064516129033 0.39749714937286207 0.03669354838709677 0.01347206385404789
15 0.2457983870967742 0.4811231470923603 0.02633870967741935 0.01604332953249715
15 0.6518387096774193 0.3906214367160775 0.025862903225806453 0.021818700114025088
0 0.31628225806451615 0.4105587229190422 0.01675806451612903 0.029293044469783355
0 0.7024274193548387 0.411921322690992 0.01467741935483871 0.020678449258836946
0 0.14631451612903226 0.3982953249714937 0.019016129032258064 0.04024515393386545
15 0.22480645161290322 0.5006157354618016 0.03167741935483871 0.015171037628278221
2 0.22404032258064516 0.48797605473204103 0.0628467741935484 0.011556442417331813
15 0.17013709677419356 0.4737115165336374 0.024524193548387096 0.021311288483466365
15 0.6297096774193549 0.5063968072976055 0.02809677419354839 0.01589509692132269
15 0.7244838709677419 0.47244583808437857 0.0235 0.01806157354618016
