15 0.5734838709677419 0.2600285225328009 0.040875 0.12227609811751283
11 0.11043145161290323 0.5578094694808899 0.0671008064516129 0.03949800342270393
15 0.4841975806451613 0.3382316029663434 0.08865322580645162 0.04280661722760982
15 0.11132661290322579 0.21969195664575014 0.03325403225806452 0.11763262977752424
15 0.4334758064516129 0.4702167712492869 0.08815322580645162 0.04061038220193953
0 0.3169637096774194 0.11723901882487166 0.09768145161290323 0.022892184826012553
8 0.42355645161290323 0.16816885339418142 0.06020967741935484 0.01912150598973189
2 0.06883064516129032 0.40427837992013693 0.02069758064516129 0.09581859669138619
2 0.09795564516129032 0.45193953223046207 0.016596774193548387 0.07348545350827153
0 0.3065362903225807 0.3087278950370793 0.09940725806451613 0.020929834569309753
0 0.3183508064516129 0.16537364517969194 0.07715725806451612 0.0245750142612664
