15 0.7486823529411765 0.6238568829593694 0.02988235294117647 0.03727713765918739
4 0.889650980392157 0.5112431776834445 0.11889019607843138 0.02343844754396604
15 0.7642 0.2840933899332929 0.02803921568627451 0.039714978775015154
15 0.8294235294117648 0.2885870224378411 0.02488627450980392 0.02872043662825955
15 0.888286274509804 0.2935112189205579 0.031599999999999996 0.03263796240145543
2 0.7723960784313725 0.22265615524560342 0.09709411764705883 0.019041843541540326
11 0.8666039215686275 0.3334141904184354 0.02243529411764706 0.07611279563371741
7 0.8304666666666667 0.1660278956943602 0.11374901960784314 0.023098847786537296
1 0.7177372549019608 0.6917950272892662 0.06986274509803922 0.02082474226804124
15 0.8437882352941176 0.3391813220133414 0.0262 0.03719830200121286
2 0.8289411764705883 0.252134627046695 0.08112549019607844 0.03334141904184354
0 0.7296666666666667 0.4920557913887204 0.01996078431372549 0.015433596118859914
