2 0.5406935483870968 0.7323046206503138 0.05633467741935484 0.028642327438676556
8 0.3068387096774194 0.43830005704506564 0.015395161290322581 0.0626468910439247
8 0.7295201612903226 0.43082715345122646 0.014213709677419355 0.06554478037649744
2 0.526875 0.1512093553907587 0.2334959677419355 0.025282373074729036
2 0.16966129032258065 0.5508214489446663 0.1322741935483871 0.030176839703365658
2 0.444116935483871 0.4374158585282373 0.07445967741935483 0.01855675984027382
15 0.49069758064516134 0.6884654877353109 0.018564516129032257 0.020792926411865375
7 0.6852701612903226 0.20645179691956647 0.051133064516129034 0.016891043924700512
2 0.5996572580645162 0.43665715915573305 0.0497258064516129 0.016799771819737592
2 0.5384798387096774 0.43562464346833996 0.07465725806451613 0.01825442099258414
3 0.4971935483870968 0.6388990302338847 0.027963709677419353 0.034409583571021106
8 0.3670645161290323 0.4369594980034227 0.012741935483870969 0.062007986309184256
0 0.6107016129032258 0.7164460924130063 0.022608870967741935 0.09334854535082715
0 0.6763508064516128 0.3711808328579578 0.021298387096774195 0.09960638904734741
0 0.32478629032258066 0.393000570450656 0.016987903225806452 0.042395892755276665
2 0.6463467741935484 0.42313177410154024 0.04344758064516129 0.04162007986309184
2 0.3912540322580645 0.18807758128921848 0.043516129032258065 0.018482601254991442
15 0.3989516129032258 0.3460239589275528 0.015931451612903224 0.018819167142042216
10 0.36505645161290323 0.21665715915573303 0.05422983870967742 0.01725042783799201
15 0.11406048387096775 0.5330975470621792 0.024205645161290323 0.023884768967484312
0 0.5143104838709678 0.36142612664004564 0.014391129032258063 0.037119224187107815
15 0.6674596774193549 0.3096748431260696 0.017528225806451612 0.017592698231602966
15 0.3196935483870968 0.24984597832287508 0.01718548387096774 0.020981175128351397
0 0.4562258064516129 0.359281232173417 0.014302419354838709 0.0402281802624073
8 0.6948225806451613 0.4294352538505419 0.013479838709677418 0.06102681118083286
0 0.4435241935483871 0.7200513405590416 0.02225 0.09168853394181403
0 0.710350806451613 0.36832857957786647 0.024318548387096774 0.10262977752424415
2 0.5283709677419355 0.18820878494010268 0.23053225806451613 0.01984027381631489
15 0.4378185483870968 0.31324586423274386 0.018375 0.020638904734740445
15 0.12528629032258062 0.3923046206503138 0.01522983870967742 0.016765544780376496
2 0.49224999999999997 0.4375185396463206 0.022153225806451612 0.016771249286936678
15 0.5883629032258065 0.6771534512264689 0.017237903225806452 0.018705077010838563
0 0.3497620967741935 0.37030233884768965 0.023556451612903227 0.11567598402738163
15 0.6455967741935483 0.3448374215630348 0.016693548387096774 0.02118653736451797
11 0.4054758064516129 0.27649172846548775 0.0382741935483871 0.035390758699372506
2 0.1528467741935484 0.3433656588705077 0.02609274193548387 0.08180832857957787
15 0.14215322580645162 0.39293782087849405 0.011407258064516129 0.017415858528237307
3 0.08767338709677419 0.35629777524244155 0.029786290322580646 0.033148887621220764
3 0.08598790322580645 0.41825442099258414 0.034766129032258064 0.032880775812892185
0 0.28543951612903223 0.3685111237877924 0.027935483870967743 0.0876155162578437
15 0.5561451612903225 0.30958927552766685 0.01807258064516129 0.022601254991443238
15 0.7049838709677418 0.3062692527096406 0.018850806451612905 0.021112378779235594
15 0.5191330645161291 0.7072162007986309 0.014935483870967742 0.020929834569309753
2 0.16449596774193548 0.15154592127780947 0.01740725806451613 0.07490587564175699
3 0.19006048387096774 0.19422703936109528 0.021161290322580645 0.021602966343411294
3 0.261741935483871 0.195687393040502 0.022403225806451613 0.019908727895037077
15 0.22741532258064517 0.1620193953223046 0.010919354838709677 0.015738733599543638
15 0.19447177419354839 0.13890473474044496 0.020181451612903224 0.021893896177980605
15 0.2524596774193548 0.13921277809469482 0.017447580645161293 0.019429549343981747
15 0.21957258064516127 0.1310439247005134 0.010483870967741936 0.015419281232173418
15 0.23054435483870966 0.12103251568739304 0.011189516129032259 0.013879064460924129
2 0.22629838709677422 0.10334854535082715 0.025782258064516127 0.02273245864232744
6 0.8563064516129032 0.17614375356531659 0.03205645161290323 0.017010838562464346
