2 0.38681854838709673 0.12538505419281232 0.12592741935483873 0.028037649743297203
2 0.24885887096774192 0.5525727324586424 0.06613306451612903 0.04034227039361095
0 0.25671774193548386 0.3360182544209926 0.02586693548387097 0.062236166571591554
0 0.5345403225806452 0.3358300057045066 0.02621774193548387 0.07329720479178552
0 0.4957137096774193 0.34144324015972616 0.025431451612903225 0.06310895607529948
2 0.3374072580645161 0.18003422703936112 0.03193548387096774 0.020211066742726755
0 0.21789516129032258 0.33411294922989165 0.027749999999999997 0.06974329720479179
3 0.3855040322580645 0.39779806046776955 0.03021774193548387 0.018636622932116372
2 0.43554435483870974 0.1796006845407872 0.033536290322580646 0.023217341699942957
2 0.3902983870967742 0.16844266970907015 0.0716008064516129 0.04063320022818027
2 0.3046209677419355 0.6633257273245864 0.03353225806451613 0.03900171135196806
15 0.12663709677419355 0.6180832857957786 0.01819758064516129 0.02006274957216201
15 0.17674193548387096 0.5846776953793498 0.01516532258064516 0.01920136908157444
2 0.1629435483870968 0.5521620079863092 0.0682258064516129 0.04301768397033656
0 0.34199596774193547 0.6602909298345693 0.030943548387096773 0.07469480889903023
2 0.10199193548387096 0.654529378208785 0.024350806451612902 0.06253280091272105
2 0.2631693548387097 0.6232059326868226 0.016862903225806452 0.07158585282373074
2 0.1280766129032258 0.6616200798630918 0.015875 0.03987450085567599
15 0.3098951612903226 0.3419452367370222 0.013983870967741936 0.021500285225328007
15 0.23681854838709676 0.6334284084426698 0.015241935483870967 0.017010838562464346
2 0.2227661290322581 0.5904734740444951 0.041774193548387094 0.016400456360524816
2 0.18306854838709677 0.7322589845978323 0.03429032258064516 0.021437535653166
11 0.27413306451612907 0.6059498003422704 0.016274193548387095 0.03123787792355961
15 0.2983467741935484 0.35478608100399317 0.015129032258064517 0.020924130062749572
11 0.15900806451612903 0.6617683970336565 0.02084274193548387 0.06325156873930404
15 0.14488709677419354 0.6691443240159726 0.011431451612903227 0.017119224187107818
0 0.17144354838709677 0.6610553337136337 0.009411290322580645 0.023776383342840844
0 0.18808467741935483 0.6807929264118654 0.009076612903225808 0.019498003422703934
15 0.17833467741935483 0.7076668568168853 0.013108870967741935 0.0180718767826583
