10 0.597984 0.697091 0.042742 0.015402
7 0.48629 0.692527 0.047177 0.017114
8 0.658065 0.483742 0.010484 0.057045
8 0.633065 0.483742 0.0125 0.058186
0 0.655242 0.415288 0.01371 0.053622
0 0.631048 0.414718 0.014919 0.046777
0 0.607258 0.426697 0.009677 0.027952
2 0.719758 0.170565 0.047177 0.018254
0 0.680242 0.223617 0.019355 0.055904
2 0.528629 0.290359 0.020161 0.01255
2 0.514113 0.290359 0.01129 0.010839
3 0.592742 0.156303 0.018548 0.009698
2 0.559677 0.168853 0.008065 0.037079
2 0.563306 0.129492 0.019758 0.013691
2 0.546371 0.130063 0.014919 0.014832
2 0.528629 0.131774 0.018145 0.015973
2 0.556855 0.108956 0.022177 0.014261
2 0.532661 0.111238 0.02621 0.015402
2 0.574597 0.092413 0.015726 0.01312
2 0.543548 0.092983 0.046371 0.017684
2 0.546371 0.074159 0.05121 0.015973
15 0.639516 0.167142 0.01129 0.015973
15 0.621371 0.180833 0.01129 0.015973
15 0.57621 0.212208 0.01129 0.015973
15 0.573387 0.148888 0.012903 0.016543
15 0.514919 0.149458 0.01129 0.015973
15 0.441935 0.167712 0.01129 0.015973
0 0.468548 0.426127 0.018548 0.026241
0 0.443145 0.426127 0.018548 0.026241
0 0.416129 0.41814 0.020968 0.055334
0 0.280242 0.572732 0.01129 0.030804
0 0.260484 0.571592 0.010887 0.030804
2 0.214919 0.583571 0.033871 0.017684
15 0.236694 0.513406 0.010484 0.014832
2 0.238306 0.439817 0.029435 0.013691
0 0.305242 0.300627 0.010081 0.032516
0 0.289919 0.301198 0.010484 0.029663
0 0.275 0.300627 0.008871 0.027952
0 0.260887 0.301768 0.008468 0.026241
2 0.215726 0.315459 0.032258 0.01312
2 0.200806 0.289789 0.02379 0.01312
2 0.276613 0.207074 0.01129 0.038791
2 0.247177 0.110667 0.037097 0.022248
2 0.214113 0.115801 0.029435 0.014261
