12 0.3815156107911488 0.521243137254902 0.09385268263110033 0.017192156862745098
12 0.3933525310700212 0.34047058823529414 0.0994755986662625 0.01668235294117647
11 0.9317065777508335 0.5440313725490196 0.03526523188845105 0.08179607843137256
3 0.7948347984237647 0.5377137254901961 0.05814792361321613 0.03004313725490196
11 0.9364746892997877 0.4003294117647059 0.02894513488936041 0.08774509803921568
0 0.9073567747802364 0.3112156862745098 0.023501060927553805 0.021650980392156863
3 0.8017368899666565 0.42125490196078436 0.050833585935131854 0.03356470588235294
3 0.5763625341012428 0.48529803921568626 0.043103970900272806 0.03282745098039216
15 0.5908729918157017 0.38706666666666667 0.039712033949681716 0.03269019607843137
3 0.7955380418308579 0.5056941176470588 0.04483176720218248 0.0312078431372549
15 0.45632919066383754 0.5963960784313725 0.02840254622612913 0.03234901960784314
2 0.42598666262503787 0.7839843137254903 0.047135495604728704 0.07627058823529412
15 0.7941861170051531 0.8026117647058824 0.025134889360412246 0.03251372549019608
0 0.6425219763564716 0.399 0.01762655350106093 0.01644313725490196
0 0.6466020006062443 0.2990392156862745 0.022240072749317975 0.013949019607843137
0 0.8974598363140345 0.2508705882352941 0.022576538344953018 0.013513725490196079
