12 0.8922488584474886 0.6887075332348597 0.06650684931506849 0.014711964549483014
7 0.3214954337899543 0.3542097488921714 0.07252283105022832 0.019025110782865586
7 0.18962899543378997 0.3554431314623338 0.07375570776255708 0.01913589364844904
15 0.18091324200913242 0.3200295420974889 0.027728310502283103 0.034844903988183164
15 0.5021118721461187 0.4217282127031019 0.03134132420091324 0.03212703101920236
15 0.4264840182648402 0.427082717872969 0.024897260273972602 0.02618168389955687
3 0.16072488584474884 0.7325406203840473 0.032031963470319634 0.012474150664697195
2 0.2513527397260274 0.31915805022156574 0.11483447488584475 0.016344165435745937
0 0.46706050228310503 0.4976735598227474 0.04265981735159817 0.02612998522895126
15 0.3371518264840183 0.5193943870014771 0.02529109589041096 0.029763663220088624
15 0.3876826484018265 0.501698670605613 0.02386986301369863 0.027791728212703103
0 0.5069178082191781 0.4669202363367799 0.03939497716894977 0.026809453471196454
2 0.7205993150684932 0.3882717872968981 0.13099885844748857 0.013190546528803545
15 0.32465182648401825 0.3198522895125554 0.024389269406392692 0.031957163958641066
2 0.18299657534246577 0.38159527326440174 0.056278538812785384 0.01673559822747415
15 0.2925799086757991 0.6003766617429838 0.0270148401826484 0.0328877400295421
2 0.19144406392694066 0.5299187592319055 0.06017123287671233 0.010465288035450517
2 0.7648458904109589 0.37042097488921716 0.0929109589041096 0.012141802067946825
15 0.17514269406392696 0.4260339734121123 0.02526255707762557 0.02618168389955687
15 0.7084018264840182 0.5533234859675037 0.027888127853881277 0.027459379615952732
0 0.4218835616438356 0.5143057607090104 0.040256849315068496 0.023892171344165436
2 0.22323059360730596 0.7469276218611521 0.06511415525114155 0.015657311669128506
15 0.21063926940639272 0.5990324963072379 0.02526826484018265 0.03448301329394387
15 0.174263698630137 0.5000221565731167 0.023453196347031965 0.0277178729689808
2 0.2529280821917808 0.37764401772525846 0.06493721461187214 0.016454948301329396
5 0.11146118721461187 0.4330871491875923 0.06291095890410958 0.018161004431314624
2 0.7231164383561645 0.34404726735598223 0.16948059360730594 0.014771048744460856
2 0.235513698630137 0.7776366322008863 0.09376712328767123 0.012274741506646973
4 0.11805365296803653 0.4919276218611522 0.07602739726027397 0.019342688330871494
0 0.3684246575342466 0.5761299852289513 0.051101598173515984 0.024209748892171343
2 0.14411529680365298 0.4260192023633678 0.032568493150684934 0.07324963072378139
2 0.7530821917808219 0.41169867060561305 0.06122146118721462 0.011107828655834564
15 0.7061187214611871 0.5830059084194977 0.02500570776255708 0.026639586410635154
4 0.4231678082191781 0.5516691285081241 0.07465182648401826 0.016587887740029544
2 0.8629737442922375 0.5670088626292467 0.03589611872146119 0.05468980797636632
12 0.9121518264840183 0.5373781388478582 0.056792237442922375 0.01344903988183161
4 0.3637271689497717 0.5996602658788774 0.08029109589041095 0.01846381093057607
0 0.8941837899543379 0.39662481536189065 0.04856164383561644 0.013212703101920237
0 0.41307077625570776 0.3492983751846381 0.05747146118721461 0.017141802067946826
0 0.8805707762557078 0.6290398818316101 0.042231735159817346 0.03287296898079763
