1 0.4923960784313725 0.2588269172476508 0.07354901960784314 0.02173992118823886
2 0.5864725490196079 0.14334343740527433 0.0641607843137255 0.01660806304940891
7 0.6513176470588234 0.8238769324037587 0.06938627450980392 0.01801454986359503
8 0.7276313725490197 0.4105516823279782 0.06542745098039215 0.013070627462867536
15 0.6411137254901961 0.23647468929978782 0.018280392156862744 0.024183085783570778
0 0.668607843137255 0.4542437102152167 0.022488235294117646 0.014574113367687177
7 0.5218294117647059 0.826883904213398 0.06861764705882353 0.017332525007578054
15 0.7147058823529412 0.19196423158532888 0.019176470588235295 0.026244316459533193
15 0.5482509803921568 0.14822370415277358 0.012574509803921568 0.02429827220369809
15 0.6240137254901961 0.17301000303122158 0.021376470588235292 0.026244316459533193
