7 0.2900636556532282 0.1638313725490196 0.0710397090027281 0.01652156862745098
7 0.21184601394361927 0.16101960784313726 0.07418611700515308 0.01836470588235294
0 0.05042437102152167 0.30557254901960784 0.03548044862079418 0.02747450980392157
12 0.5437556835404668 0.722243137254902 0.06037284025462261 0.01832549019607843
0 0.08854198241891482 0.34928235294117643 0.03752349196726281 0.03777254901960784
2 0.38681115489542284 0.24994117647058825 0.03780236435283419 0.030545098039215686
15 0.12292816004849955 0.2475294117647059 0.02473476811154895 0.028956862745098042
2 0.3743225219763565 0.3103843137254902 0.035628978478326766 0.07434117647058823
0 0.12199151257956957 0.3954078431372549 0.044658987571991514 0.02831372549019608
15 0.3563261594422552 0.6459568627450981 0.025247044558957262 0.027074509803921572
2 0.2697605334949985 0.7226588235294118 0.07494392240072749 0.015105882352941177
2 0.501048802667475 0.38054901960784315 0.035762352227947866 0.13681960784313724
15 0.8178690512276447 0.7898941176470589 0.03186117005153077 0.04324313725490196
2 0.29905729008790544 0.2119450980392157 0.06681418611700515 0.011952941176470588
2 0.3818460139436193 0.6437764705882353 0.026480751742952408 0.06644313725490196
15 0.35750530463776903 0.36103529411764707 0.025247044558957262 0.027890196078431375
2 0.4709427099120946 0.4465686274509804 0.030833585935131858 0.2665058823529412
2 0.3744316459533192 0.40120784313725494 0.03902394665050016 0.10087450980392157
2 0.6721036677781146 0.17990980392156863 0.05627765989693846 0.02155686274509804
2 0.27436495907850866 0.6934588235294118 0.06378599575628979 0.013901960784313726
2 0.23862988784480146 0.22538039215686276 0.05180054561988481 0.01247843137254902
2 0.27184298272203694 0.10590980392156862 0.08340406183692027 0.016325490196078433
2 0.28482873598060016 0.43073725490196085 0.0712943316156411 0.014894117647058822
2 0.30655350106092755 0.4009607843137255 0.0627220369809033 0.017729411764705882
15 0.2166535313731434 0.34496470588235295 0.024064868141861172 0.02539607843137255
2 0.7163655653228251 0.36800392156862743 0.022725068202485602 0.16105098039215687
4 0.1665201576235223 0.33790588235294117 0.0732434070930585 0.020478431372549018
12 0.866659593816308 0.6998980392156863 0.06192179448317672 0.014576470588235295
13 0.8723037284025462 0.32608627450980393 0.07490451652015763 0.014003921568627451
0 0.555213701121552 0.6663921568627451 0.037875113670809334 0.024419607843137257
5 0.31006971809639283 0.6398470588235293 0.058545013640497114 0.017729411764705882
3 0.2050621400424371 0.651164705882353 0.03309184601394362 0.015592156862745097
2 0.3280115186420127 0.3045764705882353 0.03426492876629282 0.06111764705882353
15 0.23408305547135497 0.1334980392156863 0.021706577750833587 0.025568627450980392
15 0.26486207941800544 0.13894901960784314 0.02429827220369809 0.02808235294117647
0 0.8553288875416794 0.6385764705882353 0.03952712943316156 0.02808235294117647
