11 0.232446 0.22634 0.034705 0.04333
0 0.82163 0.245724 0.028249 0.019384
0 0.807103 0.268529 0.025827 0.016534
2 0.813559 0.360319 0.02502 0.056442
9 0.647296 0.414481 0.05569 0.015393
15 0.701372 0.395667 0.027441 0.021095
15 0.702179 0.376283 0.029056 0.020525
2 0.709443 0.41106 0.071025 0.015393
2 0.589992 0.36431 0.026634 0.070696
8 0.4205 0.888255 0.071025 0.015393
3 0.54318 0.619156 0.016142 0.026796
3 0.764326 0.617446 0.016142 0.023945
15 0.734463 0.628278 0.035513 0.026226
15 0.617433 0.639681 0.038741 0.019384
0 0.645682 0.713227 0.049233 0.010832
15 0.524617 0.798746 0.035513 0.037628
0 0.635997 0.86431 0.034705 0.010832
0 0.638418 0.883694 0.034705 0.011403
15 0.819209 0.768529 0.040355 0.026226
2 0.7046 0.768529 0.024213 0.04561
2 0.730428 0.799886 0.025827 0.071836
2 0.823245 0.826682 0.01937 0.021095
15 0.840194 0.844926 0.033898 0.022805
10 0.908797 0.748575 0.021792 0.039909
7 0.900726 0.534778 0.026634 0.055302
2 0.872478 0.786773 0.022599 0.115735
2 0.873285 0.705245 0.01937 0.04447
2 0.8523 0.659635 0.022599 0.042189
2 0.874899 0.629418 0.026634 0.104333
2 0.848265 0.603193 0.01937 0.053592
2 0.82728 0.586659 0.020985 0.019384
15 0.748184 0.567845 0.034705 0.021665
15 0.514931 0.535348 0.029056 0.026796
0 0.636804 0.540479 0.033898 0.011403
0 0.640839 0.512543 0.077482 0.021665
