16 0.8600725806451613 0.6105019965772961 0.1508467741935484 0.050011409013120366
2 0.16283870967741934 0.09806046776953793 0.11014516129032259 0.01551625784369652
2 0.2522661290322581 0.609155733029093 0.1014274193548387 0.014535082715345123
2 0.3563266129032258 0.6096292070735881 0.10944758064516129 0.014723331431831146
2 0.15759274193548387 0.6087906446092414 0.09968145161290323 0.013896177980604678
15 0.08871774193548387 0.15471192241871076 0.02355241935483871 0.029406731317741013
2 0.7646774193548388 0.30968054763262975 0.018971774193548386 0.09433542498573874
15 0.4077056451612903 0.0659155733029093 0.03048790322580645 0.027404449515116943
15 0.09809274193548388 0.2145464917284655 0.024455645161290323 0.027644038790644608
11 0.2796411290322581 0.1480376497432972 0.023866935483870966 0.05318881916714204
2 0.5455645161290322 0.35390758699372504 0.015213709677419354 0.3419167142042213
15 0.3310846774193549 0.13437535653166002 0.025241935483870968 0.029652025099828862
15 0.7433790322580645 0.1287278950370793 0.025556451612903226 0.02790074158585282
2 0.3910040322580645 0.12419281232173418 0.039830645161290326 0.015362236166571591
15 0.37382661290322583 0.49976041072447236 0.021907258064516127 0.026891043924700514
0 0.33714516129032257 0.355687393040502 0.012850806451612904 0.040867084997147744
2 0.12206854838709678 0.12017683970336565 0.03167338709677419 0.01367940673131774
8 0.2806088709677419 0.3530119794637764 0.01565725806451613 0.07091842555618938
0 0.4446048387096774 0.35271534512264685 0.012782258064516128 0.034449515116942386
7 0.06147580645161291 0.0562749572162008 0.0565241935483871 0.01816314888762122
3 0.21883467741935486 0.48865373645179694 0.02115725806451613 0.022407301768397034
2 0.2588790322580645 0.060690245293782086 0.28608870967741934 0.023108956075299485
1 0.4408629032258064 0.5758585282373074 0.022935483870967742 0.013650884198516828
3 0.2885806451612903 0.49026240730176834 0.019516129032258064 0.023930405019965774
0 0.26763709677419356 0.3578208784940103 0.011862903225806453 0.05735881346263548
0 0.06324193548387097 0.3546092413006275 0.00869758064516129 0.06383913291500284
1 0.08315725806451613 0.5645521962350256 0.026358870967741938 0.013131774101540216
3 0.22462096774193546 0.20762692527096407 0.014754032258064518 0.025841414717626923
8 0.07491532258064516 0.3535082715345123 0.015447580645161291 0.0710439247005134
0 0.23465322580645165 0.358625213918996 0.013560483870967742 0.05855675984027382
15 0.7361048387096774 0.15714774671990875 0.025814516129032256 0.028288648031945238
2 0.1490766129032258 0.12062179121505989 0.018907258064516128 0.013890473474044497
