2 0.42308870967741935 0.8544729344729344 0.027854838709677417 0.10401709401709403
2 0.6804758064516129 0.39325925925925925 0.027604838709677417 0.10865527065527066
2 0.7111612903225807 0.3933675213675214 0.025330645161290324 0.1544045584045584
2 0.5053870967741935 0.272017094017094 0.16014516129032258 0.02343019943019943
2 0.4998225806451613 0.23922507122507122 0.2156774193548387 0.024774928774928772
2 0.40118548387096775 0.26823361823361824 0.05625806451612904 0.01989173789173789
2 0.711 0.5860626780626781 0.020725806451612903 0.05419373219373219
3 0.5624032258064516 0.8605413105413106 0.03766935483870968 0.03328205128205128
0 0.5046612903225807 0.7082051282051283 0.03794354838709677 0.01617094017094017
0 0.583725806451613 0.7825868945868946 0.06445967741935485 0.02821082621082621
0 0.503008064516129 0.6783646723646723 0.03533064516129032 0.017658119658119656
2 0.6701290322580645 0.6113675213675214 0.023233870967741935 0.06206267806267806
2 0.6806774193548387 0.47073504273504274 0.023991935483870967 0.042444444444444444
2 0.5783225806451613 0.6511225071225072 0.08512903225806452 0.024034188034188032
2 0.6531612903225806 0.41127065527065526 0.02360483870967742 0.08842165242165242
2 0.6809274193548387 0.32165811965811963 0.023830645161290322 0.04189173789173789
3 0.46430645161290324 0.8671566951566951 0.037266129032258066 0.030883190883190886
15 0.4585483870967742 0.8355726495726497 0.025088709677419354 0.021487179487179486
3 0.6336532258064517 0.5533732193732194 0.02812903225806452 0.024364672364672362
2 0.6084516129032258 0.2684501424501424 0.05494354838709677 0.02268945868945869
2 0.6834112903225806 0.5731452991452991 0.024516129032258062 0.02662108262108262
0 0.5045322580645162 0.6504786324786325 0.0550241935483871 0.014581196581196582
11 0.6209596774193549 0.591988603988604 0.052072580645161286 0.039225071225071226
15 0.49666935483870966 0.8842564102564102 0.019653225806451614 0.01700854700854701
15 0.521233870967742 0.8861652421652422 0.020637096774193547 0.020131054131054132
