11 0.7528029654975763 0.22722983870967742 0.08529227259766183 0.052455645161290324
16 0.8975506130595952 0.688516129032258 0.10927573424579413 0.03737903225806452
0 0.6731422868548617 0.2615927419354839 0.01928999144568007 0.0318508064516129
3 0.20453664100370686 0.8296653225806452 0.02418021100655831 0.03216532258064516
15 0.1520102651839179 0.11225 0.018314798973481608 0.021649193548387097
2 0.30295979469632167 0.07377822580645162 0.23928714000570286 0.015463709677419356
2 0.22690903906472767 0.2268991935483871 0.08502994011976048 0.013169354838709676
2 0.3449329911605361 0.22793951612903224 0.1727944111776447 0.013782258064516129
11 0.1557171371542629 0.7736572580645161 0.017088679783290563 0.04045967741935484
1 0.4614086113487311 0.19170967741935485 0.0242571998859424 0.011661290322580646
2 0.41362703165098375 0.09719758064516129 0.05585115483319076 0.010487903225806451
2 0.30850299401197606 0.1372943548387097 0.022021670943826635 0.059729838709677414
2 0.1035871114913031 0.7883629032258065 0.042286854861705164 0.01202016129032258
11 0.3869518106643855 0.13736290322580647 0.025061305959509554 0.05127822580645161
3 0.11199600798403193 0.7378508064516128 0.01132877102936983 0.024673387096774194
2 0.25791274593669805 0.7261209677419355 0.05669232962646136 0.019895161290322583
0 0.09607071571143427 0.3653024193548387 0.013889364128885088 0.05730645161290323
3 0.2645223838038209 0.7783629032258064 0.017011690903906473 0.016979838709677418
2 0.19778443113772454 0.10118548387096774 0.03509837467921301 0.013717741935483873
3 0.09155403478756771 0.7329637096774193 0.013706871970345024 0.018879032258064515
3 0.2936526946107784 0.7815967741935483 0.015249500998003991 0.0195
3 0.3059823210721414 0.8397983870967741 0.019552323923581406 0.03256451612903226
3 0.2228172226974622 0.7137379032258064 0.014818933561448531 0.02725
15 0.3417536355859709 0.12401612903225806 0.019635015682919876 0.02257258064516129
2 0.0697262617621899 0.7454717741935484 0.012543484459652124 0.0567983870967742
0 0.13152266894781864 0.3537983870967742 0.010188195038494439 0.026588709677419355
3 0.23084687767322498 0.6246854838709678 0.015243798118049615 0.015306451612903227
