2 0.3949274193548387 0.6974116305587229 0.022185483870967745 0.05720068415051311
2 0.7404112903225807 0.7653078677309008 0.07191129032258065 0.01685860889395667
2 0.06355645161290323 0.6933238312428733 0.028451612903225808 0.07640820980615735
0 0.3074274193548387 0.8282554161915622 0.05875 0.01612314709236032
15 0.23333870967741935 0.5341448118586088 0.040669354838709676 0.039834663625997725
0 0.2978548387096774 0.5155131128848347 0.07676612903225806 0.017947548460661347
0 0.30543548387096775 0.5652223489167617 0.08211290322580644 0.01843785632839225
15 0.26191935483870965 0.7556100342075256 0.041185483870967744 0.03648232611174459
2 0.09970161290322581 0.7137970353477765 0.028661290322580645 0.07681870011402508
2 0.9243548387096775 0.5939623717217788 0.023870967741935485 0.1675769669327252
2 0.13235483870967743 0.706351197263398 0.024846774193548388 0.06323831242873432
0 0.2943951612903226 0.876624857468643 0.07971774193548387 0.0170866590649943
15 0.7546532258064516 0.7215735461801597 0.038870967741935485 0.04107753705815279
0 0.29712903225806453 0.851060433295325 0.03305645161290323 0.015992018244013684
1 0.4441612903225806 0.7476111744583808 0.016637096774193547 0.03748004561003421
15 0.8900080645161289 0.6610775370581528 0.04807258064516129 0.029492588369441276
1 0.4179032258064517 0.7514253135689852 0.01809677419354839 0.04248574686431015
15 0.7214435483870968 0.7320980615735462 0.04074193548387097 0.03564994298745724
5 0.3171532258064516 0.6212713797035347 0.020798387096774194 0.05627708095781071
2 0.4513064516129032 0.7100798175598632 0.01728225806451613 0.04084948688711517
15 0.2915322580645161 0.6883979475484607 0.05345967741935485 0.026807297605473207
15 0.17374193548387096 0.7395952109464082 0.052838709677419354 0.03164196123147092
