7 0.282258 0.174458 0.070565 0.018814
7 0.164919 0.174458 0.071371 0.020525
11 0.245968 0.211517 0.028226 0.049031
11 0.200806 0.214937 0.027823 0.050741
11 0.236694 0.373432 0.021774 0.070125
8 0.3625 0.647092 0.074597 0.018814
15 0.470968 0.534778 0.02379 0.033067
11 0.494758 0.292474 0.022581 0.04732
15 0.390726 0.243444 0.027016 0.041049
15 0.419355 0.161345 0.032258 0.039909
15 0.516532 0.156214 0.030645 0.042189
15 0.813306 0.27195 0.028629 0.038769
15 0.775 0.213227 0.025806 0.033067
15 0.68871 0.208666 0.027823 0.038769
