0 0.44443724696356274 0.5106613454960092 0.03785425101214575 0.10103192702394527
2 0.5380161943319839 0.3091619156214367 0.08010526315789475 0.022126567844925886
2 0.2846882591093117 0.06009122006841505 0.09425101214574899 0.02200684150513113
0 0.18467206477732792 0.2951140250855188 0.022226720647773278 0.038973774230330674
2 0.26772469635627527 0.09358038768529076 0.03840485829959514 0.02216647662485747
0 0.3867935222672065 0.5116305587229191 0.034064777327935225 0.09127137970353479
15 0.7122995951417005 0.6577594070695553 0.04794331983805668 0.04238882554161915
11 0.21375708502024293 0.08404218928164196 0.05634008097165992 0.042565564424173315
2 0.4775060728744939 0.6487970353477766 0.11116599190283401 0.02847776510832383
0 0.1420242914979757 0.27814709236031926 0.022445344129554654 0.05896807297605473
0 0.39104453441295545 0.18249144811858609 0.027700404858299596 0.08721208665906499
