6 0.828629 0.10154 0.02379 0.033657
11 0.878629 0.440388 0.028226 0.087279
15 0.122984 0.536794 0.015726 0.022248
0 0.287097 0.665145 0.030645 0.023959
0 0.286694 0.513406 0.043952 0.0251
2 0.101613 0.598973 0.015726 0.071306
11 0.647984 0.437536 0.036694 0.090131
8 0.582661 0.475756 0.014113 0.071306
0 0.567339 0.375357 0.020161 0.084997
0 0.542742 0.390188 0.016935 0.035938
0 0.4375 0.371363 0.020161 0.103822
2 0.514113 0.275528 0.041935 0.021677
11 0.544355 0.147747 0.028226 0.08899
15 0.564516 0.156874 0.013306 0.019395
15 0.532661 0.170565 0.017339 0.022248
15 0.523387 0.238448 0.015726 0.021107
15 0.471371 0.239019 0.01371 0.022818
15 0.460081 0.187108 0.014516 0.019395
2 0.497177 0.134056 0.041935 0.024529
2 0.114919 0.300627 0.018548 0.036509
2 0.112903 0.245294 0.017742 0.061609
2 0.115323 0.195094 0.016532 0.038791
2 0.093952 0.247005 0.017339 0.074159
0 0.296774 0.314889 0.027823 0.026241
0 0.306452 0.165431 0.062903 0.034227
0 0.296774 0.132345 0.031048 0.023388
