11 0.37801905518062723 0.7146149553571428 0.024029376736800317 0.051584821428571424
15 0.7854069075029774 0.11184151785714284 0.0274235807860262 0.034430803571428574
11 0.3964628820960699 0.15420758928571426 0.02125446605795951 0.06726004464285715
2 0.7741524414450178 0.07243861607142857 0.1050932909884875 0.0232421875
15 0.399428344581183 0.44460937500000003 0.026943231441048036 0.03424665178571428
11 0.3046883684001588 0.7131696428571429 0.026149265581579994 0.044112723214285714
2 0.37352917824533544 0.6352232142857143 0.06258038904327114 0.02446986607142857
0 0.5845414847161572 0.31271763392857144 0.01816593886462882 0.09508928571428572
2 0.48191742755061534 0.0669140625 0.12016673283048829 0.021478794642857145
2 0.402508932115919 0.09724330357142856 0.09281857880111155 0.023331473214285716
15 0.8226875744342993 0.11343191964285715 0.02629217943628424 0.030228794642857142
2 0.4080190551806272 0.5280970982142857 0.11352123858674076 0.02392299107142857
2 0.31119888844779675 0.6362332589285715 0.05999206034140532 0.021406249999999998
15 0.8443152044462088 0.12830915178571428 0.029658594680428738 0.03633370535714286
2 0.51844779674474 0.5296261160714286 0.10710996427153632 0.02299107142857143
0 0.4878920206431123 0.31412946428571425 0.01849543469630806 0.09518415178571428
2 0.5656808257244939 0.09593191964285715 0.10724096863834855 0.022751116071428573
0 0.36331877729257644 0.31241629464285714 0.026335847558554983 0.11063616071428571
2 0.21676458912266772 0.6386439732142858 0.04136562127828503 0.02677455357142857
0 0.32896784438269155 0.3129073660714286 0.02870583564906709 0.11338169642857143
11 0.14487892020643112 0.6805915178571428 0.021163159984120685 0.05927455357142857
3 0.1644898769352918 0.7186160714285714 0.04285033743549027 0.030128348214285717
3 0.8306867804684399 0.2455747767857143 0.0388646288209607 0.059659598214285715
