2 0.673234 0.182745 0.058503 0.012941
13 0.860564 0.325882 0.060624 0.016078
0 0.847226 0.300392 0.031828 0.015686
0 0.848742 0.275686 0.040921 0.015294
15 0.857533 0.403529 0.028493 0.01451
12 0.865111 0.698824 0.060928 0.012549
0 0.853592 0.638039 0.045165 0.021176
15 0.819945 0.788235 0.035162 0.045882
12 0.644438 0.720392 0.056078 0.018824
12 0.643225 0.703137 0.055774 0.019216
12 0.544104 0.723137 0.063353 0.018431
0 0.55532 0.660784 0.050318 0.021961
2 0.285238 0.426667 0.069112 0.016471
2 0.304638 0.398824 0.058199 0.014118
0 0.371628 0.403137 0.034556 0.017647
15 0.35829 0.363529 0.023644 0.03098
2 0.371325 0.311373 0.028797 0.071765
2 0.327675 0.303922 0.037587 0.063137
2 0.384662 0.250588 0.03789 0.034902
2 0.296757 0.210196 0.070021 0.019608
2 0.235526 0.223922 0.05244 0.015294
7 0.291604 0.164314 0.070021 0.018824
7 0.208245 0.163529 0.07184 0.020784
2 0.268566 0.103529 0.081843 0.021961
15 0.216732 0.342745 0.026069 0.037647
4 0.167323 0.336471 0.073356 0.018824
0 0.120946 0.395294 0.04365 0.027451
0 0.087602 0.340392 0.041831 0.028627
0 0.048803 0.30549 0.045468 0.031373
15 0.121249 0.250196 0.023947 0.037255
3 0.203395 0.650588 0.034859 0.022745
2 0.269779 0.721961 0.061534 0.020392
2 0.270688 0.694902 0.058806 0.019216
15 0.356472 0.649412 0.022128 0.035294
2 0.380721 0.639216 0.0194 0.053725
5 0.311003 0.638824 0.059715 0.02
0 0.427402 0.607451 0.0388 0.029412
2 0.472264 0.446667 0.033343 0.261569
2 0.503486 0.381569 0.035465 0.132941
2 0.624129 0.456863 0.016975 0.06902
