1 0.7507058823529411 0.31201334141904186 0.16386274509803922 0.05648878107944209
2 0.6761450980392157 0.5400909642207399 0.061901960784313724 0.06858095815645847
7 0.5515254901960784 0.22656761673741663 0.13806666666666667 0.032468162522741054
2 0.5542666666666667 0.2804426925409339 0.20407843137254902 0.05682838083687083
7 0.6971333333333334 0.22414190418435417 0.1414470588235294 0.0343844754396604
1 0.7359294117647058 0.7321103699211643 0.1462549019607843 0.03328684050939964
0 0.5342078431372549 0.46260764099454216 0.12934117647058824 0.04675560946027895
2 0.15410588235294118 0.9858277744087326 0.016192156862745097 0.027731958762886595
8 0.5019607843137255 0.6646452395391146 0.13647058823529412 0.029108550636749546
0 0.5129411764705882 0.624620982413584 0.09568627450980392 0.043662825955124315
