8 0.771958 0.223932 0.054392 0.018803
15 0.824738 0.181197 0.014907 0.025071
15 0.823932 0.132194 0.017325 0.024501
15 0.636986 0.189744 0.019339 0.030199
15 0.609992 0.190313 0.016116 0.02792
2 0.32917 0.168661 0.014102 0.035328
2 0.330379 0.129345 0.014907 0.039316
15 0.282836 0.121368 0.012893 0.018234
3 0.162369 0.145299 0.01531 0.018234
15 0.107575 0.179487 0.012893 0.018234
15 0.149073 0.181197 0.012893 0.018234
15 0.179694 0.176068 0.012893 0.018234
15 0.179694 0.123647 0.012893 0.018234
