3 0.43156831042845595 0.2828563283922463 0.022085691188358934 0.02143101482326112
15 0.769514955537591 0.2853363740022805 0.028641875505254648 0.026465222348916764
0 0.5812772837510105 0.36471493728620297 0.03262732417138238 0.015433295324971494
2 0.8363055780113177 0.25407069555302164 0.02482619240097009 0.04702394526795895
2 0.8731770412287793 0.27883124287343214 0.027275666936135815 0.09525655644241734
0 0.47131770412287793 0.41891676168757125 0.035642683912692 0.014863169897377423
0 0.6466451091350041 0.12339794754846066 0.03814066289409863 0.016670467502850627
0 0.5318593371059014 0.3942987457240593 0.06557801131770413 0.017770809578107186
15 0.765626515763945 0.14307297605473204 0.029183508488278092 0.024230330672748004
16 0.2959579628132579 0.5966761687571265 0.042764753435731606 0.08652793614595211
2 0.5376313662085691 0.27699543899657925 0.020396119644300728 0.04918472063854048
2 0.8036297493936945 0.30005131128848345 0.020582053354890866 0.05227480045610034
2 0.5142926434923201 0.2577765108323831 0.0189733225545675 0.05428734321550741
2 0.5184397736459175 0.6585062713797035 0.020638641875505254 0.10761117445838084
0 0.6014874696847211 0.15014823261117446 0.03490703314470493 0.01620296465222349
2 0.606127728375101 0.25876282782212084 0.020921584478577202 0.04558722919042189
1 0.33593371059013744 0.2186259977194983 0.019765561843168956 0.03610034207525656
2 0.3885448666127728 0.23866020524515394 0.020889248181083266 0.05098631698973775
2 0.5807275666936136 0.24763968072976056 0.020735650767987064 0.02998859749144812
1 0.5546483427647535 0.21807297605473205 0.019765561843168956 0.03058722919042189
1 0.6133872271624898 0.34039338654503987 0.02154405820533549 0.03246864310148233
15 0.6820776071139855 0.28140820980615733 0.029450282942603073 0.02106043329532497
0 0.5755375909458368 0.6860034207525656 0.023492320129345188 0.027052451539338655
3 0.4577445432497979 0.2886374002280502 0.02078415521422797 0.02155074116305587
0 0.5844947453516572 0.19470353477765107 0.0531770412287793 0.01758266818700114
0 0.5950848827809216 0.1717502850627138 0.05466451091350041 0.01725769669327252
2 0.41864187550525467 0.23087799315849486 0.02089733225545675 0.039310148232611176
2 0.8048181083265966 0.2664595210946408 0.021883589329021826 0.029800456100342078
2 0.5700565885206144 0.626915621436716 0.07892481810832659 0.01950399087799316
6 0.5850363783346807 0.7632269099201825 0.03744543249797898 0.015034207525655645
