3 0.8495282258064516 0.4367997718197376 0.027137096774193546 0.035533371363377066
2 0.5491895161290322 0.111374786081004 0.09710483870967741 0.024557900741585852
2 0.5402943548387097 0.1717969195664575 0.06836290322580645 0.020165430690245293
15 0.6643185483870968 0.523377067883628 0.02268951612903226 0.03827723901882487
2 0.5430846774193548 0.1476440387906446 0.0851491935483871 0.020171135196805474
2 0.8404596774193549 0.3681688533941814 0.01397983870967742 0.06053622361665716
0 0.7673185483870968 0.45633770678836283 0.015080645161290322 0.04243011979463776
0 0.14943951612903225 0.49142042213348547 0.02617741935483871 0.04164289788933257
1 0.4767903225806452 0.4288419851682829 0.0462258064516129 0.017187678265830005
1 0.4796895161290323 0.3748659440958357 0.045314516129032256 0.01829435253850542
0 0.6984354838709677 0.4578265830005705 0.01303225806451613 0.03776953793496862
1 0.611008064516129 0.6707929264118654 0.04493548387096774 0.013656588705077011
2 0.4996935483870968 0.2316371933827724 0.07339516129032259 0.02076440387906446
0 0.723008064516129 0.453593839132915 0.01429032258064516 0.03800912721049629
2 0.5795282258064516 0.08223046206503137 0.1522701612903226 0.025539075869937252
3 0.516758064516129 0.34707929264118653 0.018963709677419355 0.0461437535653166
15 0.5563790322580645 0.5117912150598973 0.02114516129032258 0.07391329150028522
11 0.8254153225806452 0.40203650884198516 0.01847983870967742 0.04444951511694239
3 0.5994838709677419 0.5472732458642328 0.014391129032258063 0.03010838562464347
0 0.43187096774193545 0.4515972618368511 0.019193548387096776 0.12554478037649744
15 0.40741935483870967 0.5980718767826584 0.06272580645161291 0.03665145464917285
0 0.36499193548387093 0.45964632059326865 0.015995967741935485 0.11728465487735311
5 0.33576209677419355 0.2143468339988591 0.06724193548387096 0.023154592127780947
0 0.23268951612903227 0.13486594409583572 0.03981451612903226 0.018151739874500857
15 0.4746653225806452 0.33701083856246433 0.0637016129032258 0.03692527096406161
0 0.34084677419354836 0.4581118083285796 0.01636693548387097 0.06007986309184255
16 0.2306975806451613 0.7162635482030804 0.11191935483870968 0.05694808899030234
0 0.323375 0.15426697090701655 0.04777822580645161 0.016896748431260697
