15 0.8515051311288483 0.6974365175332526 0.05988027366020524 0.04467553405884724
1 0.43875142531356903 0.4572027408303103 0.04944697833523375 0.01694074969770254
0 0.3196693272519955 0.4249334945586457 0.09618015963511972 0.03912132204756147
2 0.6696636259977194 0.10383313180169287 0.07201254275940708 0.03819830713422007
2 0.5643500570125428 0.06575574365175332 0.1397491448118586 0.03884320838371624
1 0.7027137970353478 0.4573599355098751 0.0462314709236032 0.015868601370415153
5 0.38795895096921323 0.1446876259572753 0.10685860889395668 0.02162031438935913
0 0.3816533637400228 0.34932688432083836 0.08354618015963511 0.03504635227730754
5 0.19978335233751426 0.17570334542523178 0.11238882554161915 0.024615074566706974
1 0.43741163055872295 0.17534864973800887 0.054982896237172174 0.019419588875453447
1 0.488369441277081 0.7288351471180975 0.08144811858608894 0.021193067311567917
0 0.7579874572405929 0.3799556630390971 0.07832383124287343 0.03268037081821846
