2 0.7234103222127174 0.24527016129032259 0.07419446820644425 0.012919354838709677
0 0.8024950099800399 0.4640766129032258 0.04537496435700029 0.02376209677419355
2 0.7244225834046194 0.3994475806451613 0.074947248360422 0.01382258064516129
0 0.6719475335044197 0.46580241935483874 0.04606216139150271 0.026318548387096772
0 0.16038779583689763 0.3368991935483871 0.04200741374394069 0.014701612903225806
0 0.49278300541773595 0.337258064516129 0.05401197604790419 0.014431451612903226
5 0.8043712574850299 0.4853387096774194 0.040769888793840886 0.01639516129032258
11 0.25570002851439977 0.24535887096774195 0.14406900484744797 0.11199596774193549
4 0.4755802680353578 0.6603669354838709 0.06747362418021101 0.02026209677419355
0 0.48404904476760763 0.645633064516129 0.048457370972341034 0.01584274193548387
