1 0.3606785714285714 0.3917875 0.07991071428571428 0.025162499999999997
16 0.7956964285714285 0.7528125 0.1282142857142857 0.041137499999999994
2 0.6062678571428571 0.2958625 0.08317857142857142 0.0197875
0 0.2475357142857143 0.41411250000000005 0.03182142857142857 0.0613125
0 0.9302142857142857 0.3668 0.03592857142857143 0.0686875
2 0.5818392857142857 0.6037625 0.13135714285714287 0.019925
0 0.20632142857142857 0.3972625 0.024160714285714285 0.0352875
1 0.7081071428571429 0.3921875 0.07096428571428572 0.023525
0 0.7886607142857143 0.4272125 0.02505357142857143 0.039599999999999996
0 0.8904821428571429 0.4111875 0.031017857142857146 0.055287499999999996
15 0.477125 0.2383875 0.03755357142857143 0.0297125
0 0.8418749999999999 0.4056625 0.023482142857142858 0.0388875
2 0.4049285714285714 0.2184625 0.11716071428571428 0.023624999999999997
2 0.5352678571428572 0.18183749999999999 0.23380357142857144 0.0228125
2 0.5729464285714286 0.23736249999999998 0.14896428571428572 0.0191375
2 0.5527857142857143 0.207575 0.18742857142857142 0.0206125
1 0.496875 0.2995 0.05892857142857143 0.023475000000000003
0 0.15769642857142857 0.4061625 0.023553571428571427 0.042025
2 0.5557678571428571 0.57725 0.04605357142857143 0.0229625
