7 0.8400912200684151 0.6526666666666667 0.044692132269099204 0.01936546184738956
15 0.8638654503990878 0.14517269076305223 0.025347776510832382 0.03459437751004016
2 0.7153249714937286 0.2582008032128514 0.07991448118586088 0.01855421686746988
7 0.5920695553021664 0.6531325301204819 0.04446978335233751 0.018546184738955824
8 0.5554332953249715 0.17722891566265062 0.05356898517673888 0.018690763052208834
2 0.7136259977194983 0.6611646586345381 0.18178449258836946 0.018120481927710843
15 0.842309007981756 0.5021204819277109 0.02661345496009122 0.03283534136546185
8 0.932018244013683 0.12470682730923693 0.049646522234891674 0.01700401606425703
2 0.13196123147092362 0.3683694779116466 0.025410490307867732 0.29762248995983936
7 0.7130957810718358 0.6167710843373494 0.04745153933865451 0.020618473895582332
2 0.6538996579247435 0.6231164658634538 0.055034207525655646 0.017783132530120482
11 0.7927137970353478 0.6180481927710844 0.04293614595210946 0.03518072289156626
0 0.5835290763968073 0.37648995983935746 0.018169897377423035 0.04937349397590361
1 0.7100456100342075 0.4232289156626506 0.03476624857468643 0.015285140562248997
0 0.86960661345496 0.3759759036144578 0.017314709236031928 0.0443855421686747
0 0.9005017103762828 0.3797269076305221 0.024133409350057013 0.05673895582329317
2 0.8083808437856329 0.12116465863453815 0.049429874572405934 0.019775100401606426
3 0.7829361459521095 0.08648192771084337 0.04042189281641961 0.026008032128514057
3 0.4370011402508552 0.11559839357429717 0.029236031927023946 0.02985542168674699
8 0.9297947548460661 0.1256867469879518 0.05051881413911061 0.024289156626506023
8 0.5514994298745725 0.17736546184738955 0.052525655644241734 0.024851405622489962
