2 0.3127302631578947 0.1166281087333719 0.12631578947368421 0.042064777327935225
2 0.489235197368421 0.8539386928860613 0.026866776315789476 0.07316367842683633
0 0.29009046052631576 0.38854251012145746 0.02479440789473684 0.043458646616541356
2 0.5020641447368421 0.47603817235396184 0.017911184210526315 0.09985540775014459
0 0.34064144736842106 0.352058993637941 0.02410361842105263 0.048449971081550025
0 0.30078125 0.9177501445922498 0.05084703947368421 0.04960670908039329
2 0.4861266447368421 0.7875997686524002 0.022796052631578946 0.033724696356275306
2 0.1645641447368421 0.24800462695199538 0.03923519736842105 0.0744360902255639
0 0.28764802631578945 0.7356043956043955 0.0347203947368421 0.03142857142857143
0 0.2652220394736842 0.7722556390977444 0.030649671052631583 0.028253325621746674
5 0.5131825657894736 0.7134875650665123 0.023643092105263157 0.08345864661654136
2 0.5406743421052632 0.6580335454019665 0.021430921052631578 0.4683227299016773
3 0.7488651315789474 0.7567553499132447 0.025024671052631578 0.0373048004626952
3 0.7449424342105263 0.8911740890688259 0.023610197368421054 0.03481203007518797
5 0.4462746710526315 0.29543088490456915 0.02515625 0.09139965297860035
