0 0.920068493150685 0.44287296898079764 0.07825342465753424 0.02451255539143279
0 0.4505022831050228 0.3802584933530281 0.0641837899543379 0.023759231905465288
15 0.922945205479452 0.2773855243722304 0.021683789954337902 0.02731166912850812
0 0.37457762557077623 0.2867208271787297 0.04512557077625571 0.023567208271787297
2 0.29240867579908675 0.8686041358936484 0.06667237442922375 0.026262924667651406
15 0.46779680365296805 0.48263663220088626 0.02621004566210046 0.02587887740029542
2 0.0981906392694064 0.11703101920236338 0.042825342465753424 0.053581979320531756
2 0.7273972602739727 0.24229689807976365 0.14049657534246576 0.021425406203840473
15 0.5258504566210045 0.6436779911373707 0.023247716894977167 0.028988183161004433
0 0.41364726027397264 0.3367651403249631 0.04198630136986301 0.024778434268833086
2 0.6626141552511416 0.7498670605612999 0.26621004566210044 0.02385524372230428
7 0.5748287671232877 0.7021196454948301 0.08823630136986302 0.015192023633677991
0 0.8669006849315068 0.4097784342688331 0.0448458904109589 0.02290989660265879
12 0.10369863013698631 0.6895642540620384 0.0981906392694064 0.014438700147710488
2 0.5748173515981735 0.19186115214180205 0.07865867579908675 0.021713441654357457
15 0.8212100456621004 0.4588404726735598 0.022734018264840183 0.022016248153618904
2 0.16945776255707762 0.05793205317577548 0.10948630136986301 0.025827178729689808
15 0.31619292237442925 0.8362776957163958 0.02288812785388128 0.027119645494830133
0 0.49274543378995433 0.42621861152141804 0.0340296803652968 0.023301329394387
0 0.3197716894977169 0.24930576070901034 0.04710616438356165 0.02467503692762186
15 0.6506107305936072 0.6059453471196455 0.020565068493150686 0.02443870014771049
2 0.5865639269406393 0.6755539143279173 0.10238584474885845 0.023508124076809453
0 0.05946917808219178 0.15494091580502214 0.060291095890410956 0.026329394387001475
1 0.723458904109589 0.568234859675037 0.04796232876712329 0.015288035450516987
10 0.6783447488584475 0.6548744460856721 0.0814783105022831 0.012451994091580501
0 0.3103538812785388 0.7746454948301329 0.08605593607305936 0.02522895125553914
0 0.8966210045662101 0.5797488921713442 0.07242579908675799 0.021971935007385524
1 0.8436529680365297 0.3244830132939439 0.04551940639269406 0.023707533234859676
15 0.6048858447488584 0.2130502215657312 0.020810502283105024 0.025738552437223044
15 0.5253938356164384 0.4438552437223043 0.020302511415525113 0.02446824224519941
4 0.9042922374429223 0.6017060561299853 0.08418378995433791 0.014719350073855244
0 0.3285616438356164 0.5658493353028065 0.040901826484018265 0.02205317577548006
1 0.841912100456621 0.3562555391432792 0.03888127853881279 0.02462333825701625
0 0.07279680365296803 0.6490694239290989 0.038122146118721466 0.022370753323485967
2 0.6576826484018264 0.6330206794682423 0.03916666666666667 0.01931314623338257
4 0.9236244292237443 0.46324224519940915 0.09018835616438356 0.015199409158050221
12 0.30973744292237443 0.6837740029542098 0.09818493150684932 0.015169867060561299
15 0.10392123287671233 0.07225997045790251 0.02194634703196347 0.04292466765140325
3 0.71375 0.5302732644017726 0.033139269406392696 0.02187592319054653
3 0.2079337899543379 0.1616691285081241 0.053407534246575336 0.025960118168389956
2 0.6130422374429223 0.6297932053175775 0.052014840182648396 0.0272821270310192
13 0.26909246575342466 0.1914032496307238 0.04903538812785388 0.009867060561299852
2 0.20832762557077625 0.8837740029542098 0.053207762557077626 0.024246676514032495
