2 0.4958064516129032 0.10277239018824871 0.07813709677419355 0.023685111237877924
7 0.45640725806451615 0.7088248716486023 0.06891935483870967 0.024158585282373076
8 0.37464112903225805 0.5613633770678836 0.01975806451612903 0.08655447803764973
15 0.38018145161290323 0.20191671420422133 0.023947580645161292 0.025265259555048488
3 0.24115725806451616 0.4766685681688534 0.028754032258064516 0.03974900171135197
2 0.4813145161290323 0.12944095835710212 0.04528225806451613 0.020057045065601825
2 0.1772983870967742 0.4589161437535653 0.018939516129032257 0.08901882487164861
2 0.4524233870967742 0.31120935539075867 0.056020161290322584 0.019018824871648604
2 0.5393145161290323 0.31061038220193954 0.06620564516129032 0.01975470621791215
2 0.5137379032258065 0.15961779806046777 0.04051209677419355 0.018562464346834
0 0.5830282258064516 0.44921277809469484 0.02068548387096774 0.05215059897318882
11 0.5740322580645161 0.16961209355390758 0.03674596774193548 0.08932116371933828
2 0.5198346774193549 0.12904164289788933 0.024608870967741937 0.01997718197375927
0 0.38717338709677424 0.4253337136337707 0.030173387096774192 0.12883057615516258
15 0.420258064516129 0.2417626925270964 0.01988709677419355 0.02250427837992014
0 0.6234758064516129 0.449469480889903 0.023770161290322583 0.05338847689674844
2 0.18547983870967744 0.38430690245293786 0.10791129032258065 0.022835139760410725
8 0.6914072580645162 0.18462635482030804 0.0192258064516129 0.14397604107244721
0 0.34792338709677423 0.41907586993725043 0.03409274193548387 0.134312606959498
15 0.5003790322580646 0.18172276098117512 0.018431451612903226 0.025978322875071305
15 0.7127016129032258 0.2284597832287507 0.015443548387096773 0.021043924700513406
15 0.7538951612903226 0.2488933257273246 0.01604435483870968 0.019321163719338275
15 0.7470403225806452 0.2718938961779806 0.017391129032258066 0.024449515116942384
2 0.7354274193548387 0.3075413576725613 0.02075806451612903 0.01679406731317741
2 0.7601895161290323 0.19875641756988022 0.019858870967741936 0.023998859098687965
