2 0.5111330645161289 0.09159155733029094 0.10771370967741935 0.023377067883628064
7 0.4759032258064516 0.7316428978893326 0.06956451612903226 0.02293211637193383
2 0.4962661290322581 0.12438676554478038 0.07575806451612903 0.02244723331431831
8 0.3424758064516129 0.5779235596120935 0.021286290322580646 0.08858528237307473
3 0.23271370967741936 0.501597261836851 0.027181451612903224 0.03940102681118083
0 0.32199596774193545 0.4481688533941814 0.030955645161290322 0.12126069594980034
15 0.3389959677419355 0.21833998859098688 0.02038709677419355 0.028710781517398743
2 0.17658870967741935 0.41536794067313176 0.10906048387096776 0.023399885909868797
2 0.5521048387096774 0.1237250427837992 0.024786290322580645 0.01963491158014832
0 0.3931653225806451 0.45005704506560185 0.029653225806451616 0.11737022247575585
2 0.16925 0.48172846548773535 0.018129032258064517 0.10195094124358244
0 0.3604112903225807 0.4679920136908157 0.019915322580645163 0.05090701654306902
11 0.4880282258064516 0.19349115801483172 0.036774193548387096 0.10621791215059896
2 0.45552822580645164 0.18171135196805477 0.05441935483870968 0.02067313177410154
2 0.363616935483871 0.21805476326297776 0.02102016129032258 0.06236737022247575
0 0.6053467741935484 0.46642327438676556 0.02645967741935484 0.053166001140901316
15 0.4178467741935484 0.2563091842555619 0.023697580645161292 0.027952082144894468
15 0.5276612903225806 0.19151739874500856 0.01895564516129032 0.022549914432401598
0 0.6466532258064517 0.4654649172846549 0.024741935483870967 0.05100399315459213
2 0.5361774193548388 0.16585852823730748 0.047 0.01737592698231603
