2 0.42667046750285065 0.5638095238095238 0.04719498289623717 0.01645682001614205
1 0.44781071835803876 0.3036238902340597 0.022286202964652224 0.014665052461662633
7 0.48870581527936147 0.5839225181598063 0.05477194982896237 0.020992736077481842
1 0.1381527936145952 0.3042372881355932 0.024304446978335236 0.01211460855528652
2 0.16871151653363742 0.39872477804681195 0.0559806157354618 0.02304277643260694
2 0.4594697833523375 0.37458434221146086 0.015427594070695553 0.05198547215496368
2 0.16336374002280502 0.19896690879741727 0.04789053591790194 0.014979822437449554
2 0.2847605473204105 0.5940193704600484 0.29047320410490307 0.018111380145278452
1 0.45264538198403653 0.19635996771589992 0.02470353477765108 0.015577078288942696
3 0.3903363740022805 0.30350282485875707 0.024019384264538198 0.036820016142050035
0 0.48625427594070697 0.38426957223567393 0.017394526795895097 0.08350282485875705
0 0.097787913340935 0.38163034705407584 0.016391106043329533 0.07563357546408393
10 0.29198403648802734 0.6121065375302663 0.037029646522234894 0.018724778046811944
8 0.07645952109464083 0.380225988700565 0.014372862029646523 0.073954802259887
0 0.06442987457240593 0.3866505246166263 0.011459521094640822 0.09709443099273607
2 0.5847776510832383 0.38044390637610975 0.016425313568985175 0.09966101694915254
