15 0.497423 0.414902 0.024553 0.025882
0 0.394059 0.761569 0.04365 0.02549
11 0.13398 0.591373 0.027281 0.147451
12 0.092149 0.496863 0.099424 0.017647
0 0.073659 0.455686 0.040921 0.027059
4 0.500455 0.53098 0.095483 0.016863
0 0.49803 0.512549 0.043346 0.027059
0 0.575023 0.59451 0.081237 0.026275
12 0.785996 0.601176 0.097908 0.01451
4 0.879054 0.55451 0.091543 0.014118
0 0.878448 0.534902 0.079115 0.029412
15 0.706881 0.456471 0.016369 0.030196
15 0.637163 0.387059 0.017581 0.029412
2 0.728099 0.337255 0.104274 0.02549
2 0.618975 0.341569 0.103062 0.02902
10 0.769627 0.269412 0.083662 0.016078
7 0.695665 0.203137 0.093059 0.016863
