15 0.619608 0.265009 0.038039 0.044876
0 0.676471 0.36325 0.019216 0.124318
0 0.648235 0.366283 0.022353 0.112189
1 0.601569 0.364463 0.04902 0.029715
5 0.717255 0.499697 0.072549 0.031534
2 0.421176 0.62826 0.295294 0.031534
2 0.548235 0.583384 0.04 0.032747
11 0.62549 0.442086 0.028627 0.092177
2 0.551765 0.471195 0.053333 0.028502
3 0.592157 0.493633 0.021176 0.04245
3 0.509412 0.460885 0.025882 0.044876
15 0.594902 0.448757 0.025882 0.041844
15 0.578824 0.56034 0.031765 0.052153
15 0.516863 0.557914 0.029804 0.055185
15 0.543137 0.406307 0.028235 0.045482
15 0.465882 0.408733 0.03451 0.050334
0 0.430196 0.338993 0.016078 0.065494
1 0.329804 0.386295 0.043922 0.032141
3 0.339216 0.460279 0.021176 0.043663
3 0.316863 0.488781 0.03098 0.019406
15 0.310588 0.530625 0.029412 0.040631
15 0.310196 0.53487 0.029412 0.04245
2 0.257255 0.546392 0.081961 0.030321
2 0.264314 0.511219 0.061569 0.03396
15 0.263137 0.476046 0.032549 0.039418
10 0.239216 0.573075 0.058431 0.028502
5 0.211765 0.638569 0.07098 0.033354
15 0.261176 0.608247 0.031765 0.041237
2 0.185882 0.46695 0.024706 0.071559
0 0.214118 0.36325 0.021569 0.083081
0 0.182745 0.359005 0.023529 0.081868
15 0.211765 0.449363 0.026667 0.04245
15 0.247451 0.417829 0.029412 0.043056
15 0.249412 0.335355 0.027843 0.047301
2 0.301569 0.263796 0.029412 0.026076
2 0.325098 0.231656 0.059608 0.030928
0 0.408235 0.174651 0.001961 0.003032
