11 0.7899435483870968 0.41159635119726345 0.07948387096774194 0.02878563283922463
5 0.8145645161290322 0.12594070695553022 0.024338709677419353 0.07626567844925884
0 0.6924838709677419 0.1692132269099202 0.07228225806451613 0.030923603192702397
15 0.610016129032258 0.8227765108323831 0.046919354838709675 0.03407069555302166
2 0.4919193548387097 0.34842075256556443 0.02531451612903226 0.06778221208665906
2 0.4802741935483871 0.7511117445838085 0.02714516129032258 0.06811858608893957
15 0.7986370967741935 0.28472633979475487 0.04680645161290323 0.032177879133409346
2 0.8672338709677418 0.31474344355758266 0.022653225806451613 0.06333523375142532
15 0.6105564516129033 0.26682440136830105 0.049459677419354836 0.03494868871151653
0 0.7080806451612903 0.4935803876852908 0.05425 0.017451539338654502
2 0.8341693548387096 0.773358038768529 0.01928225806451613 0.05587799315849487
2 0.524766129032258 0.7609064994298746 0.025846774193548385 0.04827822120866591
2 0.44456451612903225 0.5472348916761688 0.030451612903225806 0.4665963511972634
0 0.695008064516129 0.20436716077537057 0.08376612903225807 0.030330672748004564
0 0.6731048387096774 0.8657924743443557 0.03791129032258064 0.018608893956670466
16 0.3418145161290323 0.8056271379703535 0.06679032258064516 0.17728620296465222
15 0.8171774193548387 0.36412770809578104 0.052637096774193544 0.029635119726339792
2 0.5507983870967742 0.6538198403648803 0.038008064516129036 0.020832383124287344
2 0.5238870967741935 0.6961972633979476 0.023443548387096773 0.10973774230330673
