15 0.5006911185207639 0.385878431372549 0.020172779630190967 0.026611764705882352
1 0.4037162776598969 0.384243137254902 0.04518338890572901 0.01672941176470588
15 0.4377750833585935 0.33384313725490194 0.026917247650803274 0.0306156862745098
15 0.49777508335859355 0.33615686274509804 0.02595028796605032 0.027780392156862746
5 0.6004364959078509 0.3470274509803921 0.06018793573810246 0.021423529411764706
0 0.5326311003334344 0.4079450980392157 0.04548044862079418 0.013831372549019609
2 0.46814489239163387 0.3162745098039216 0.04712337071839952 0.01128235294117647
15 0.557708396483783 0.3418509803921569 0.024164898454076992 0.02902352941176471
0 0.9879296756592907 0.666721568627451 0.020069718096392845 0.09383529411764706
0 0.5857623522279479 0.3873372549019608 0.04942406789936345 0.02053725490196078
