0 0.4470806451612903 0.27504278379920133 0.024669354838709676 0.05835139760410725
0 0.4815 0.27978322875071304 0.02311290322580645 0.06722760981175128
0 0.1730483870967742 0.28387906446092415 0.024935483870967744 0.07027381631488876
0 0.13458870967741934 0.28634341129492297 0.025387096774193547 0.06263548203080434
2 0.3178951612903226 0.12318311466058186 0.09335483870967742 0.02547632629777524
15 0.8657338709677419 0.05219623502567028 0.053338709677419355 0.04987450085567599
2 0.7191370967741936 0.45928693667997716 0.28650806451612904 0.02103251568739304
0 0.10033870967741935 0.28556759840273815 0.02645967741935484 0.05655447803764974
2 0.3981693548387097 0.4336794067313178 0.05890322580645162 0.01737592698231603
2 0.32140322580645164 0.10182544209925841 0.09505645161290323 0.023011979463776384
2 0.5250967741935484 0.2812093553907587 0.02618548387096774 0.09002281802624074
2 0.3646129032258065 0.45437535653166 0.08086290322580644 0.0189218482601255
2 0.3915725806451613 0.12422133485453508 0.04743548387096774 0.019560752994865944
3 0.4015483870967742 0.18730176839703364 0.04466129032258065 0.01871648602395893
2 0.2949516129032258 0.42357672561323445 0.10790322580645162 0.023422703936109526
2 0.22574193548387098 0.41978322875071306 0.019959677419354838 0.0632344552196235
3 0.4068548387096774 0.2334341129492299 0.0735725806451613 0.019492298916143756
