0 0.9152295409181637 0.3637822580645161 0.026176218990590246 0.015346774193548388
0 0.6034559452523525 0.4514677419354839 0.02619332763045338 0.018975806451612905
2 0.5428514399771884 0.2902016129032258 0.039309951525520394 0.013052419354838708
0 0.5037125748502994 0.46623387096774194 0.02874251497005988 0.021810483870967744
11 0.2206102081551183 0.2988790322580645 0.06936412888508697 0.027169354838709674
2 0.5408411747932707 0.3220806451612903 0.04699458226404334 0.01082258064516129
5 0.5007157114342743 0.48758870967741935 0.03974907328200741 0.013778225806451614
0 0.718001140575991 0.366758064516129 0.03607641859138865 0.013858870967741934
12 0.4009210151126319 0.5259233870967742 0.06620188195038494 0.015375000000000002
0 0.39084117479327063 0.5112459677419355 0.03663530082691759 0.012544354838709677
15 0.5840433418876532 0.6522177419354839 0.019666381522668946 0.028358870967741936
