6 0.68073 0.225989 0.020525 0.029056
0 0.702395 0.644068 0.021095 0.020178
2 0.675599 0.465698 0.082668 0.021792
3 0.675029 0.353511 0.033067 0.017756
11 0.684721 0.306699 0.061574 0.047619
2 0.618016 0.284907 0.04675 0.018563
2 0.602052 0.504439 0.066705 0.020985
2 0.575827 0.432607 0.011973 0.094431
9 0.577537 0.356739 0.015964 0.059726
8 0.519954 0.411622 0.017104 0.071025
0 0.525086 0.486683 0.017674 0.071025
11 0.507412 0.265537 0.015964 0.048426
2 0.484036 0.225989 0.0439 0.028249
2 0.469783 0.355932 0.051311 0.015335
2 0.429304 0.353511 0.027936 0.027441
1 0.466933 0.51816 0.027366 0.029056
2 0.324971 0.639225 0.352338 0.029863
2 0.439567 0.602098 0.117446 0.031477
2 0.324401 0.605327 0.112315 0.033091
2 0.209806 0.609362 0.116306 0.029863
2 0.156784 0.585956 0.04618 0.029056
2 0.155074 0.349475 0.051881 0.03067
0 0.31642 0.443906 0.019384 0.041969
0 0.210946 0.389023 0.021095 0.049233
0 0.122007 0.455206 0.019384 0.049233
1 0.196693 0.527845 0.027936 0.027441
1 0.193273 0.238902 0.027936 0.027441
15 0.625428 0.547215 0.019384 0.027441
15 0.594641 0.413236 0.019384 0.027441
15 0.563854 0.40678 0.019384 0.027441
15 0.504561 0.594027 0.019384 0.027441
15 0.339225 0.251816 0.019384 0.027441
15 0.251425 0.543987 0.019384 0.027441
15 0.343786 0.541566 0.019384 0.027441
15 0.140251 0.610977 0.019384 0.027441
15 0.13512 0.258273 0.019384 0.027441
