16 0.7658380843785633 0.7105084745762712 0.12096921322690993 0.03519774011299435
5 0.2729418472063854 0.6211864406779661 0.047970353477765106 0.016351896690879743
11 0.4199429874572406 0.263365617433414 0.033637400228050174 0.08087974172719935
2 0.3705701254275941 0.7892413236481033 0.05056442417331813 0.01530266343825666
2 0.3377309007981756 0.7704681194511703 0.04465792474344356 0.015262308313155771
2 0.47368871151653363 0.6116384180790961 0.037468643101482325 0.018127522195318806
2 0.7893842645381983 0.31325262308313157 0.2242417331812999 0.019386602098466505
15 0.4450228050171038 0.2156093623890234 0.02299315849486887 0.027191283292978208
2 0.46979475484606614 0.1590637610976594 0.03947548460661345 0.01808716707021792
15 0.3435860889395667 0.3271428571428571 0.025450399087799315 0.029394673123486686
2 0.29773660205245156 0.19451170298627926 0.2154618015963512 0.02062953995157385
2 0.3261174458380844 0.1597094430992736 0.2631356898517674 0.022631154156577883
15 0.29484036488027365 0.8228410008071025 0.022873432155074116 0.021807909604519775
11 0.2665735461801596 0.8362469733656174 0.02066704675028506 0.03218724778046812
15 0.3998574686431015 0.8447941888619855 0.021436716077537058 0.02903954802259887
2 0.3435005701254276 0.13004842615012105 0.28767958950969214 0.022437449556093624
2 0.3515336374002281 0.6538418079096046 0.27770809578107186 0.020645682001614204
15 0.44054161915621437 0.3414366424535916 0.02045610034207526 0.0342453591606134
3 0.3499144811858609 0.834317998385795 0.022782212086659065 0.024584342211460858
0 0.11783352337514254 0.4264164648910412 0.014977194982896238 0.03586763518966909
0 0.1556157354618016 0.4495964487489911 0.014868871151653362 0.0249636803874092
11 0.406054732041049 0.33280871670702183 0.0217787913340935 0.03833736884584342
2 0.227018244013683 0.2288781275221953 0.06850627137970353 0.019749798224374494
0 0.5855929304446978 0.4097982243744956 0.014675028506271379 0.0653591606133979
0 0.5572291904218928 0.4389588377723971 0.013893956670467503 0.036497175141242934
0 0.5220011402508552 0.4400322841000808 0.01653363740022805 0.05050847457627119
0 0.0825199543899658 0.4215334947538337 0.015210946408209806 0.04864406779661017
15 0.22507981755986317 0.3217110573042777 0.019486887115165337 0.021323648103309122
15 0.22282212086659064 0.40497175141242936 0.020843785632839226 0.03389830508474576
0 0.39973204104903076 0.9237933817594834 0.012394526795895096 0.07696529459241323
