2 0.5535080645161291 0.7350199657729607 0.05743145161290323 0.030907016543069023
2 0.5405282258064517 0.4564575014261266 0.07388709677419356 0.017792355961209354
2 0.16963306451612903 0.5673588134626355 0.13183870967741934 0.030444951511694237
15 0.5042459677419354 0.6909925841414717 0.018995967741935484 0.019458071876782657
2 0.4465362903225807 0.4580091272104963 0.07811693548387097 0.017678265830005705
2 0.5220362903225807 0.16952652595550485 0.23256451612903226 0.027564175698802054
15 0.11529032258064517 0.5508385624643468 0.02154032258064516 0.024922989161437533
2 0.5346088709677419 0.2094751853964632 0.23358064516129032 0.021312036508841985
2 0.5997782258064517 0.4556360524814604 0.049842741935483874 0.01746149458071877
8 0.3040241935483871 0.4560125499144324 0.01590725806451613 0.06359954363947518
2 0.3930120967741935 0.20984597832287508 0.046637096774193545 0.020678836280661722
0 0.5145806451612903 0.3813804905875641 0.014588709677419355 0.036548773531089554
0 0.32462903225806455 0.4139132915002852 0.01679838709677419 0.043964632059326866
3 0.5108911290322581 0.642219053051911 0.02636290322580645 0.029053051911009698
0 0.6237096774193548 0.7191386195094125 0.01986693548387097 0.09127210496292071
7 0.6869758064516129 0.2262350256702795 0.051383064516129034 0.018385624643468337
10 0.35426209677419357 0.23456360524814604 0.055044354838709675 0.017170564746149457
15 0.668100806451613 0.3300912721049629 0.017350806451612903 0.017775242441528807
0 0.45707258064516126 0.3778950370792927 0.014838709677419354 0.03919566457501426
2 0.6461975806451613 0.4422133485453508 0.04382661290322581 0.047501426126640045
8 0.36908467741935486 0.4586309184255562 0.014612903225806452 0.06439817455790074
2 0.49306854838709674 0.45527096406160866 0.016782258064516126 0.015898459783228753
15 0.6444475806451613 0.36277809469480893 0.015665322580645163 0.020981175128351397
0 0.3489112903225806 0.36067313177410154 0.020193548387096773 0.04864803194523674
0 0.45583064516129035 0.7206845407872219 0.02359677419354839 0.08988020536223616
0 0.349983870967742 0.39354249857387336 0.023560483870967742 0.11908157444381061
15 0.533875 0.7137706788362806 0.016475806451612902 0.015122646891043926
0 0.7119435483870967 0.388499714774672 0.023076612903225806 0.10149458071876782
15 0.4757661290322581 0.2672162007986309 0.018201612903225806 0.019691956645750144
15 0.4385645161290323 0.33172276098117515 0.017314516129032256 0.019178551055333712
15 0.601258064516129 0.6819851682829435 0.01321774193548387 0.021962350256702796
0 0.2879475806451613 0.386657159155733 0.02336290322580645 0.0844438106103822
3 0.08766129032258065 0.37267541357672557 0.026826612903225806 0.036446092413006274
3 0.08259274193548388 0.4361209355390759 0.03159677419354839 0.03361665715915573
15 0.12448790322580645 0.41095265259555047 0.011842741935483871 0.01715915573302909
15 0.14193548387096774 0.4107472903593839 0.012169354838709677 0.01616657159155733
15 0.4000524193548387 0.3641585852823731 0.015298387096774193 0.025071306332002285
11 0.4046693548387097 0.2958927552766686 0.041899193548387094 0.03608670849971477
15 0.5570927419354839 0.3299714774671991 0.016391129032258065 0.019652025099828867
15 0.7059314516129033 0.32652025099828863 0.016165322580645163 0.018705077010838563
8 0.7295 0.45023958927552765 0.01280241935483871 0.06435253850541928
8 0.6951088709677419 0.4515516257843697 0.012931451612903226 0.06382772390188249
0 0.6789637096774194 0.39136908157444383 0.0203991935483871 0.09684540787221906
6 0.8557580645161291 0.19560752994865943 0.03305241935483871 0.018077581289218485
