5 0.1044078431372549 0.4609763493026076 0.0704470588235294 0.030400242571255308
0 0.7858235294117647 0.4497210430563978 0.0476235294117647 0.027453001819284416
2 0.43218431372549015 0.2105942995755003 0.306843137254902 0.02993329290479078
15 0.15078039215686276 0.3399575500303214 0.042654901960784315 0.053602183141297756
2 0.4565843137254902 0.16103092783505155 0.35160392156862746 0.030891449363250452
15 0.6430862745098038 0.45522134627046695 0.037054901960784314 0.04238932686476653
0 0.7313254901960785 0.4325409338993329 0.05672941176470588 0.043747725894481504
0 0.839835294117647 0.4451546391752577 0.048145098039215684 0.028805336567616736
2 0.2958627450980392 0.29064281382656154 0.0928078431372549 0.02187992722862341
2 0.504407843137255 0.29314736203759856 0.11334117647058822 0.0224620982413584
1 0.22322745098039215 0.5791873862947241 0.06101960784313725 0.027798665858095817
0 0.16845098039215686 0.42889630078835655 0.05006666666666667 0.03639781685870225
2 0.6229019607843138 0.6833414190418435 0.12194117647058823 0.02512431776834445
0 0.10629803921568627 0.42808368708308064 0.06993725490196079 0.04638568829593693
2 0.5550156862745098 0.2497938144329897 0.0915843137254902 0.024675560946027894
2 0.6279254901960785 0.2922134627046695 0.08078039215686275 0.02302607640994542
1 0.6818980392156863 0.5817768344451183 0.06089803921568627 0.023329290479078228
13 0.42501960784313725 0.6844572468162523 0.08983921568627451 0.023383869011522136
0 0.2269607843137255 0.441127956337174 0.0591607843137255 0.04927228623408126
2 0.6432 0.5183323226197696 0.12311372549019607 0.029769557307459067
11 0.6881137254901961 0.31594299575500306 0.03538039215686274 0.12199514857489387
2 0.2740078431372549 0.6855427531837478 0.08632941176470588 0.023990297149787752
15 0.651643137254902 0.4068708308065494 0.03467058823529412 0.038671922377198305
0 0.13796470588235293 0.5498787143723469 0.04128627450980392 0.028338386901152212
5 0.769478431372549 0.6513826561552457 0.0716235294117647 0.02873862947240752
