2 0.12854618015963512 0.16238636363636363 0.09210946408209807 0.012106060606060606
2 0.8963968072976054 0.5376439393939394 0.04573546180159635 0.018015151515151515
15 0.8194469783352337 0.48194696969696965 0.01672177879133409 0.016712121212121213
2 0.2568757126567845 0.15959848484848485 0.17274800456100342 0.011818181818181818
2 0.10811858608893955 0.9186742424242424 0.04506271379703535 0.012325757575757575
15 0.9228962371721778 0.21113636363636362 0.014064994298745725 0.01675757575757576
15 0.8825712656784492 0.22897727272727272 0.01435005701254276 0.0159469696969697
2 0.13502280501710376 0.19047727272727275 0.09613454960091221 0.011727272727272727
2 0.39996579247434433 0.7523030303030303 0.028107183580387683 0.01043939393939394
15 0.6067616875712657 0.1895530303030303 0.018922462941847205 0.020803030303030302
2 0.38194982896237173 0.6485984848484848 0.05503990877993159 0.013507575757575756
2 0.8468700114025086 0.15677272727272726 0.16003990877993157 0.01365151515151515
15 0.8804618015963511 0.517439393939394 0.01838084378563284 0.01540151515151515
15 0.844618015963512 0.5165303030303031 0.01580387685290764 0.017393939393939396
2 0.34996009122006844 0.5419242424242424 0.04076396807297605 0.014962121212121211
2 0.8446807297605473 0.539810606060606 0.03515963511972634 0.014363636363636365
15 0.05812428734321551 0.739030303030303 0.015467502850627137 0.01534848484848485
15 0.3916077537058153 0.4814924242424243 0.015746864310148233 0.019416666666666665
0 0.06057582668187001 0.808628787878788 0.009931584948688713 0.02265909090909091
2 0.9402508551881414 0.1548939393939394 0.022531356898517676 0.010651515151515151
15 0.1155872291904219 0.5271969696969697 0.01661915621436716 0.015378787878787879
2 0.35090649942987456 0.33351515151515154 0.02629418472063854 0.012704545454545454
2 0.11276510832383124 0.5448560606060606 0.0400285062713797 0.013431818181818182
15 0.9068358038768528 0.4815909090909091 0.012805017103762828 0.01781060606060606
15 0.15768529076396806 0.48860606060606065 0.016351197263397947 0.02156060606060606
0 0.04556442417331813 0.7954696969696969 0.013329532497149372 0.05001515151515151
8 0.22781071835803876 0.22281060606060607 0.009942987457240593 0.032234848484848484
2 0.6916932725199544 0.1571060606060606 0.148557582668187 0.012507575757575759
15 0.7129475484606613 0.23010606060606062 0.016476624857468643 0.018303030303030304
2 0.06982896237172179 0.16333333333333333 0.024828962371721778 0.014272727272727272
15 0.5661630558722919 0.7793712121212121 0.015210946408209806 0.017924242424242426
2 0.20061003420752566 0.13884848484848486 0.28845496009122007 0.015416666666666667
7 0.9085119726339794 0.17890151515151514 0.02163055872291904 0.009704545454545455
2 0.385096921322691 0.7404090909090909 0.03445838084378563 0.012545454545454544
2 0.7839452679589509 0.1338181818181818 0.3346636259977195 0.013962121212121212
2 0.8488825541619156 0.1915909090909091 0.18230900798175598 0.01437878787878788
2 0.3392018244013683 0.345969696969697 0.027086659064994297 0.010272727272727274
15 0.12261687571265678 0.8800530303030304 0.01330672748004561 0.014628787878787878
2 0.3648916761687571 0.6673560606060606 0.025769669327252 0.012893939393939393
2 0.4807240592930445 0.13628030303030303 0.27301596351197266 0.01634848484848485
15 0.36887685290763966 0.7239242424242425 0.018648802736602053 0.016015151515151517
2 0.11682440136830102 0.9016590909090909 0.025062713797035348 0.011196969696969697
15 0.8643956670467503 0.21301515151515152 0.01274230330672748 0.014280303030303032
0 0.6791562143671608 0.3318863636363636 0.013329532497149372 0.02796969696969697
8 0.12149372862029646 0.2243939393939394 0.010045610034207526 0.03425
0 0.4281356898517674 0.34678030303030305 0.018990877993158496 0.03746212121212122
1 0.6326168757126567 0.17799242424242423 0.027217787913340938 0.00981060606060606
11 0.45454389965792474 0.7907651515151515 0.018517673888255416 0.10871212121212122
0 0.44706955530216647 0.7916136363636365 0.007411630558722919 0.02403030303030303
15 0.13956100342075256 0.2375378787878788 0.013996579247434436 0.018424242424242423
15 0.33210946408209807 0.21100757575757573 0.014697833523375144 0.016234848484848484
2 0.5512200684150513 0.7998484848484848 0.01339224629418472 0.0440530303030303
11 0.8623318129988597 0.4283560606060606 0.05275940706955531 0.036083333333333335
6 0.34263968072976053 0.8221439393939394 0.011744583808437858 0.02268181818181818
15 0.3736716077537058 0.6808106060606061 0.014543899657924745 0.016477272727272726
3 0.54327251995439 0.22929545454545455 0.013346636259977195 0.015575757575757574
15 0.3993728620296465 0.6817575757575757 0.014395667046750285 0.015098484848484849
15 0.5654561003420753 0.8022803030303031 0.014726339794754845 0.028704545454545455
15 0.8431128848346636 0.46235606060606055 0.014133409350057012 0.01475
0 0.5297434435575826 0.34675 0.018979475484606614 0.03737878787878788
3 0.6258152793614595 0.2243939393939394 0.014064994298745725 0.013901515151515153
15 0.07666476624857468 0.8719924242424242 0.018762827822120864 0.013015151515151514
2 0.4089224629418472 0.785121212121212 0.023038768529076395 0.012075757575757575
0 0.2179418472063854 0.3593863636363636 0.01909350057012543 0.06991666666666667
3 0.36311288483466364 0.8905000000000001 0.009714937286202964 0.02411363636363636
0 0.429521094640821 0.7904318181818181 0.00855188141391106 0.020265151515151514
1 0.4015165336374002 0.8913257575757575 0.016727480045610033 0.011083333333333334
1 0.35804446978335236 0.18024242424242423 0.029429874572405926 0.011893939393939394
0 0.11429874572405929 0.3593863636363636 0.016299885974914483 0.06918939393939394
2 0.5792873432155075 0.7579621212121213 0.020273660205245157 0.017136363636363637
0 0.3260376282782212 0.771530303030303 0.01347206385404789 0.06916666666666667
15 0.3697491448118586 0.47175 0.015860889395667047 0.018318181818181817
15 0.2450570125427594 0.23540909090909093 0.014013683010262257 0.01618939393939394
2 0.14245724059293044 0.45609090909090905 0.014885974914481185 0.038386363636363635
3 0.35023375142531354 0.2243409090909091 0.01581527936145952 0.01437121212121212
15 0.09418472063854047 0.8755681818181819 0.02590649942987457 0.015583333333333333
15 0.0716533637400228 0.8963560606060607 0.02176168757126568 0.014583333333333334
5 0.42350627137970354 0.6575 0.025598631698973775 0.010598484848484848
2 0.9137799315849486 0.43837878787878787 0.017793614595210946 0.06454545454545454
0 0.6884549600912201 0.3690378787878788 0.011408209806157355 0.03318181818181818
1 0.6962941847206385 0.21666666666666667 0.01 0.034833333333333334
2 0.06937856328392246 0.8566439393939393 0.027958950969213227 0.013674242424242426
8 0.33359179019384266 0.8885984848484849 0.010233751425313568 0.02918939393939394
15 0.07612314709236033 0.7517499999999999 0.017075256556442417 0.01437878787878788
0 0.47274800456100347 0.7791818181818182 0.013586088939566704 0.07053030303030303
15 0.12860889395667047 0.46949242424242427 0.014726339794754845 0.018303030303030304
15 0.3517616875712657 0.5275 0.019412770809578105 0.017795454545454545
8 0.47842075256556443 0.6976439393939394 0.011271379703534777 0.02971212121212121
15 0.4438312428734322 0.7122045454545455 0.012234891676168758 0.017537878787878786
0 0.4376111744583809 0.7922575757575757 0.006180159635119726 0.021924242424242426
1 0.3412884834663626 0.69975 0.016795895096921323 0.01275
10 0.41944697833523376 0.6953712121212121 0.020062713797035347 0.011401515151515152
2 0.3921436716077537 0.66825 0.02684150513112885 0.012234848484848484
15 0.5814994298745725 0.7747954545454545 0.013745724059293044 0.015113636363636364
1 0.09636259977194983 0.7174545454545455 0.01798745724059293 0.008962121212121213
3 0.11158494868871152 0.72175 0.008580387685290765 0.024962121212121213
1 0.14510262257696693 0.705590909090909 0.0174230330672748 0.010651515151515151
