16 0.902375249500998 0.6984233870967742 0.10307670373538637 0.035967741935483875
2 0.49991730824066155 0.2926411290322581 0.06704590818363274 0.009770161290322581
2 0.5578614200171087 0.6097701612903226 0.19019104647847163 0.012947580645161291
2 0.44650698602794414 0.29401209677419354 0.03751639577986883 0.01130241935483871
2 0.4922070145423439 0.6535282258064516 0.0645794126033647 0.016330645161290323
3 0.3515911035072712 0.6650725806451613 0.013823781009409751 0.016786290322580645
0 0.6857428001140576 0.3333951612903226 0.010698602794411179 0.03156854838709678
2 0.6758140861134873 0.5857620967741936 0.05155118334759053 0.010548387096774194
2 0.8672882805816937 0.1291774193548387 0.08298260621613915 0.022403225806451613
2 0.5671285999429713 0.09090725806451612 0.27463644140290844 0.015149193548387096
0 0.3936897633304819 0.33275 0.011776447105788422 0.03214112903225806
3 0.4376589677787282 0.741766129032258 0.02486170516110636 0.026721774193548386
8 0.603781009409752 0.3354395161290323 0.013655546050755632 0.06012903225806452
1 0.4157570573139435 0.09994354838709678 0.009806102081551183 0.03021370967741936
0 0.6722611919019105 0.33211290322580644 0.011100655831194753 0.02942338709677419
0 0.23765611633875108 0.29485887096774194 0.018867978329056175 0.01888709677419355
2 0.6892044482463644 0.725141129032258 0.04979469632164243 0.013411290322580644
1 0.7164585115483318 0.10104435483870967 0.010031365839749073 0.03038709677419355
0 0.37117194183062446 0.33699596774193546 0.011582549187339605 0.049326612903225805
11 0.6600085543199316 0.2039233870967742 0.026475620188195038 0.03322177419354839
0 0.7093071000855432 0.3330967741935484 0.01005417735956658 0.02618951612903226
2 0.478865126889079 0.2627298387096774 0.11123182207014541 0.012375
3 0.5562360992301112 0.1901048387096774 0.011611063587111491 0.02083064516129032
1 0.5772141431422868 0.2734556451612903 0.03410607356715141 0.012145161290322582
0 0.41506415739948677 0.3375201612903226 0.01050755631593955 0.0551733870967742
8 0.3814741944682064 0.34108467741935483 0.012335329341317364 0.05736693548387097
15 0.8447904191616766 0.17664516129032257 0.018865126889078983 0.017012096774193547
0 0.5948018249215854 0.3348145161290323 0.013016823495865412 0.05688306451612903
0 0.6470687197034503 0.33537500000000003 0.011819218705446251 0.05755241935483871
15 0.6266923296264614 0.24401612903225806 0.015993726832050185 0.022294354838709677
3 0.5416424294268606 0.20578629032258067 0.016763615625891074 0.0229758064516129
1 0.6298118049615056 0.2767298387096774 0.030536070715711437 0.014044354838709677
0 0.633538637011691 0.3352943548387097 0.012001710863986314 0.05584677419354839
2 0.6313373253493014 0.5862459677419355 0.04218705446250356 0.010879032258064516
0 0.3954975762760194 0.7226693548387096 0.012854291417165669 0.03941935483870968
3 0.5258597091531223 0.7512701612903226 0.028408896492728826 0.04259677419354839
3 0.6198602794411178 0.19741532258064515 0.01709438266324494 0.017774193548387097
15 0.8446735101226119 0.15675403225806453 0.016575420587396635 0.017983870967741938
2 0.49032506415739946 0.19 0.05650413458796692 0.010875
5 0.6949443969204449 0.567266129032258 0.03919304248645566 0.013354838709677418
2 0.9474222982606216 0.33095564516129033 0.01791559737667522 0.21768951612903226
8 0.5424721984602224 0.6938104838709678 0.012078699743370402 0.05808064516129032
2 0.5318876532648987 0.25421370967741935 0.027199885942400914 0.013895161290322582
2 0.65526375819789 0.46291532258064516 0.03029369831765041 0.011286290322580645
2 0.5263872255489022 0.1900201612903226 0.015597376675220988 0.01092741935483871
2 0.5460992301112062 0.24224596774193546 0.028186484174508124 0.012548387096774194
3 0.7797690333618478 0.13803225806451613 0.01731964642144283 0.021866935483870968
15 0.47825777017393784 0.11498790322580646 0.01446820644425435 0.023580645161290322
2 0.3577017393783861 0.7204999999999999 0.04402338180781294 0.011891129032258065
11 0.43861134873110924 0.19370967741935483 0.018146564014827487 0.014419354838709677
11 0.21191331622469345 0.26999193548387096 0.03180211006558312 0.03731048387096774
3 0.45340461933276305 0.20365322580645162 0.01242087254063302 0.015592741935483871
15 0.5724693470202452 0.23869354838709678 0.01516110635871115 0.019254032258064515
8 0.7213202167094382 0.3326612903225806 0.011134873110921014 0.05064516129032258
11 0.6026832050185345 0.17393548387096774 0.029712004562303964 0.027024193548387095
9 0.8870972341032222 0.13711290322580647 0.036187624750499 0.015403225806451613
2 0.8236869118905047 0.21057661290322582 0.012668947818648418 0.05936290322580645
0 0.5298602794411178 0.6955604838709677 0.01088109495295124 0.049358870967741934
15 0.4800228115198175 0.6734717741935484 0.01816367265469062 0.023334677419354837
15 0.4818933561448531 0.7251693548387097 0.016558311947533506 0.024633064516129035
3 0.5108240661534075 0.7710040322580645 0.022862845737097237 0.03826209677419355
3 0.5383119475335044 0.7440362903225807 0.000028514399771884804 0.00644758064516129
3 0.44464784716281724 0.767258064516129 0.03030795551753636 0.03606854838709678
11 0.371437125748503 0.7456653225806451 0.031485600228115196 0.02630241935483871
15 0.6616053607071571 0.43143145161290325 0.01838323353293413 0.02557258064516129
15 0.5097205588822356 0.42675403225806446 0.015742800114057598 0.02403225806451613
2 0.656760764185914 0.7079354838709677 0.05270031365839749 0.012955645161290323
6 0.3135186769318506 0.5596612903225806 0.021263187909894496 0.009733870967741936
6 0.31071856287425154 0.11634274193548386 0.02422013116623895 0.011491935483870968
