2 0.25925841414717626 0.7726048387096774 0.07210496292070737 0.019266129032258064
0 0.38645750142612667 0.4327822580645161 0.028511123787792355 0.08753225806451613
2 0.8019623502567027 0.43898387096774194 0.026851112378779237 0.4184838709677419
2 0.6102966343411295 0.16603225806451613 0.052087849401026814 0.024024193548387095
0 0.0916657159155733 0.4339758064516129 0.02010838562464347 0.05449193548387096
2 0.2715173987450086 0.7361129032258065 0.048596691386195094 0.017653225806451612
2 0.21635482030804334 0.683725806451613 0.07033656588705077 0.017637096774193547
0 0.11407301768397034 0.43423387096774196 0.018431260695949803 0.046870967741935485
0 0.199532230462065 0.4353225806451613 0.028745008556759842 0.14008064516129032
0 0.32975470621791214 0.4304758064516129 0.030935539075869937 0.15069354838709678
0 0.1396406160867085 0.43406451612903224 0.02112949229891614 0.049701612903225806
2 0.2198003422703936 0.7099516129032258 0.07034797490017113 0.022008064516129033
0 0.16452367370222476 0.4329435483870968 0.021471762692527097 0.051725806451612906
0 0.35748431260695945 0.4331854838709677 0.027159155733029093 0.08633064516129033
