0 0.5974253430185634 0.14195553021664767 0.0937449556093624 0.02718928164196123
2 0.32438256658595643 0.377309007981756 0.02852300242130751 0.1394811858608894
2 0.6142453591606134 0.4170581527936146 0.02861178369652946 0.07422462941847206
2 0.6132526230831316 0.234327251995439 0.027732041969330105 0.07082098061573545
0 0.4762953995157385 0.18083808437856327 0.052017756255044394 0.025131128848346635
11 0.5507828894269572 0.338939566704675 0.046731234866828085 0.02675598631698974
2 0.28135593220338984 0.407212086659065 0.02975786924939467 0.0956841505131129
11 0.5524213075060533 0.29559293044469787 0.05847457627118644 0.02843785632839225
0 0.6198627925746569 0.10946408209806158 0.12246973365617435 0.022924743443557584
15 0.4031638418079096 0.17863740022805016 0.03200968523002421 0.03668187001140251
2 0.27723163841807913 0.2434150513112885 0.02563357546408394 0.09785062713797035
2 0.37248587570621466 0.27622576966932727 0.02483454398708636 0.11885404789053591
2 0.6797175141242937 0.3220011402508552 0.025940274414850688 0.20827251995438997
3 0.4047134786117837 0.5853591790193843 0.05483454398708636 0.03817559863169897
16 0.8230831315577077 0.5867787913340935 0.27462469733656175 0.05731470923603193
3 0.41529459241323646 0.6133523375142531 0.059249394673123484 0.03652793614595211
