5 0.165906 0.643636 0.071836 0.020364
2 0.332383 0.578182 0.09179 0.032
2 0.483466 0.613818 0.124287 0.032
13 0.556442 0.569455 0.099202 0.026182
0 0.644812 0.392727 0.054162 0.023273
0 0.582098 0.421091 0.053022 0.031273
3 0.469783 0.461091 0.041049 0.018182
2 0.36317 0.369455 0.154504 0.022545
0 0.345496 0.433455 0.052452 0.027636
0 0.218358 0.428364 0.054162 0.027636
0 0.140251 0.399273 0.054162 0.028364
11 0.176169 0.289455 0.023945 0.069091
0 0.525086 0.233455 0.070696 0.020364
2 0.336374 0.217455 0.080958 0.020364
2 0.479475 0.173818 0.117446 0.021091
2 0.377423 0.132364 0.185291 0.019636
2 0.2748 0.175273 0.072406 0.019636
5 0.320981 0.101818 0.071266 0.019636
