2 0.202659 0.105983 0.15552 0.017664
2 0.214746 0.194302 0.035455 0.019943
0 0.064061 0.301425 0.011281 0.034188
0 0.08058 0.28604 0.015713 0.062108
0 0.10274 0.300285 0.011684 0.02906
0 0.235697 0.282051 0.011281 0.02735
0 0.254633 0.283761 0.011281 0.026781
0 0.313457 0.28547 0.016116 0.071225
0 0.297744 0.301994 0.01249 0.035328
2 0.282434 0.309402 0.019742 0.015954
2 0.249396 0.310541 0.056406 0.018234
2 0.21394 0.309402 0.026591 0.016524
2 0.129734 0.312821 0.032635 0.018234
2 0.249799 0.340741 0.053183 0.017094
2 0.174859 0.340171 0.103546 0.020513
2 0.190975 0.492308 0.153102 0.022222
15 0.100725 0.620513 0.014907 0.015954
0 0.086221 0.705983 0.014504 0.034758
2 0.164384 0.728775 0.097905 0.022222
2 0.239323 0.729915 0.054795 0.022222
15 0.219581 0.637037 0.014504 0.020513
15 0.278002 0.590313 0.014504 0.020513
0 0.290492 0.688319 0.016116 0.050142
2 0.662369 0.74188 0.048348 0.019943
3 0.660757 0.661538 0.016922 0.026211
11 0.730056 0.705413 0.014907 0.040456
15 0.676068 0.723647 0.012893 0.017094
15 0.699033 0.71396 0.012893 0.015954
15 0.704271 0.695157 0.012893 0.015954
2 0.715552 0.674644 0.010475 0.055271
6 0.630137 0.505983 0.010073 0.010826
8 0.768332 0.381766 0.010878 0.052991
0 0.756245 0.368091 0.016922 0.079202
0 0.667204 0.373789 0.016922 0.070085
0 0.649476 0.369231 0.017325 0.078632
0 0.629734 0.374359 0.018533 0.058689
8 0.660757 0.433618 0.011281 0.051852
8 0.679694 0.434758 0.010878 0.055271
7 0.772361 0.539601 0.038678 0.015954
2 0.757454 0.42792 0.090653 0.015954
2 0.799758 0.420513 0.018533 0.02906
2 0.833199 0.42792 0.050363 0.015954
10 0.837631 0.452422 0.039081 0.015954
8 0.93755 0.442735 0.011684 0.054131
8 0.919017 0.442165 0.011281 0.055271
0 0.924658 0.366382 0.016922 0.080912
0 0.90693 0.368661 0.01531 0.079202
0 0.890411 0.386895 0.010878 0.030769
2 0.796938 0.250142 0.014907 0.045014
2 0.697019 0.139031 0.034649 0.022222
15 0.706285 0.340741 0.015713 0.022222
15 0.686946 0.321368 0.015713 0.022222
15 0.660355 0.282051 0.015713 0.022222
15 0.815068 0.345869 0.015713 0.022222
15 0.904512 0.291168 0.015713 0.022222
15 0.921434 0.244444 0.015713 0.022222
15 0.762288 0.247293 0.015713 0.022222
15 0.744964 0.190883 0.012893 0.018803
15 0.714746 0.191453 0.01249 0.020513
2 0.84166 0.17265 0.028203 0.020513
2 0.798952 0.173219 0.051974 0.021083
2 0.75423 0.17094 0.030218 0.021652
2 0.729654 0.146439 0.020548 0.021083
2 0.79855 0.147009 0.119259 0.023932
2 0.784448 0.117949 0.143433 0.02906
