11 0.2701535974130962 0.6390193842645382 0.041018593371059016 0.09121436716077537
15 0.8042603071948262 0.20895096921322692 0.03156831042845594 0.02590649942987457
16 0.24678253839935327 0.37814709236031924 0.041802748585286986 0.07871151653363741
1 0.6222797089733225 0.19181870011402508 0.016952303961196444 0.04100912200684151
0 0.6898059822150363 0.15515963511972633 0.08127728375101051 0.017109464082098062
2 0.8809377526273242 0.23895096921322692 0.021018593371059015 0.08282212086659066
2 0.8434680679062246 0.22466932725199543 0.01776879547291835 0.05846636259977195
0 0.6076313662085691 0.3342189281641961 0.07750202101859338 0.022149372862029646
0 0.5118835893290219 0.6179133409350057 0.02770412287793048 0.03340364880273661
1 0.7898464025869038 0.2881014823261117 0.01950687146321746 0.039327251995438996
0 0.5839773645917542 0.30150513112884836 0.05852869846402587 0.018289623717217787
2 0.7136944219886823 0.5558323831242873 0.0917946645109135 0.046391106043329536
2 0.29172999191592563 0.6996522234891677 0.03396928051738076 0.05827822120866591
2 0.819733225545675 0.25805587229190424 0.02658043654001617 0.0653762827822121
15 0.7093128536782538 0.18962371721778792 0.03224737267582862 0.021351197263397948
11 0.44136620856911885 0.6971778791334093 0.037138237671786575 0.030273660205245155
0 0.43403395311236864 0.663084378563284 0.04493936944219887 0.01723489167616876
