12 0.3803637465898757 0.5217803921568628 0.09322825098514702 0.018078431372549022
12 0.3931918763261595 0.34049411764705884 0.09967869051227644 0.01696470588235294
11 0.9315944225522885 0.5438313725490196 0.03523491967262807 0.08034509803921569
3 0.7990633525310701 0.5381960784313726 0.05463170657775083 0.03344705882352941
0 0.9237738708699607 0.31141568627450983 0.0572719005759321 0.02205098039215686
11 0.9387511367080934 0.40283529411764707 0.03375265231888451 0.09047058823529411
3 0.5765292512882692 0.485643137254902 0.04252197635647166 0.0317843137254902
3 0.8017520460745681 0.4208862745098039 0.04819642315853289 0.032423529411764705
15 0.5919096695968475 0.3865529411764706 0.03954834798423765 0.03375686274509804
0 0.8976598969384663 0.2537843137254902 0.02926341315550167 0.017901960784313727
3 0.7948257047590179 0.5066745098039216 0.042715974537738705 0.02947843137254902
15 0.4587390118217642 0.6015019607843137 0.0306456501970294 0.03494901960784314
2 0.42674143679903 0.7836901960784314 0.049342224916641406 0.07605490196078431
2 0.45571991512579574 0.7366196078431373 0.017659896938466202 0.05914901960784314
11 0.9410669899969688 0.47699607843137254 0.02485904819642316 0.05403921568627451
15 0.7921582297665959 0.8014470588235294 0.029278569263413157 0.034792156862745095
0 0.6467596241285237 0.29772549019607847 0.022755380418308577 0.014905882352941175
0 0.6431585328887542 0.4003843137254902 0.017856926341315547 0.01527843137254902
