0 0.8294755986662625 0.5169137254901961 0.11189754471051833 0.030745098039215688
0 0.4792179448317672 0.44630588235294116 0.05488329796908154 0.029870588235294118
2 0.7022370415277356 0.7242117647058823 0.08750530463776902 0.025725490196078428
12 0.27458017581085176 0.3068862745098039 0.12328887541679297 0.019094117647058824
0 0.3260988178235829 0.6861098039215686 0.1302455289481661 0.05360392156862745
2 0.23057896332221883 0.28461176470588234 0.13444073961806607 0.027701960784313726
3 0.6036010912397696 0.5672705882352941 0.05850560775992725 0.02381176470588235
0 0.43735677478023643 0.4075058823529412 0.052637162776598974 0.029854901960784313
3 0.27215519854501363 0.3508470588235294 0.08314640800242498 0.028847058823529413
0 0.8312670506214004 0.5528156862745098 0.1009002728099424 0.028360784313725487
1 0.46167929675659286 0.6135960784313725 0.0805213701121552 0.02911764705882353
2 0.7315065171264019 0.688278431372549 0.11190663837526524 0.024305882352941174
7 0.4867747802364352 0.7259450980392157 0.1003940588056987 0.01844705882352941
2 0.5738041830857836 0.6852274509803922 0.18075780539557443 0.026227450980392156
15 0.23151561079114882 0.6589490196078431 0.023840557744771146 0.027803921568627453
2 0.6352925128826917 0.3312 0.20325856320096997 0.024949019607843136
13 0.7991057896332222 0.48754117647058826 0.051194301303425276 0.017709803921568627
2 0.3629948469233101 0.5058666666666667 0.1101303425280388 0.25276078431372545
0 0.988748105486511 0.3866313725490196 0.02219157320400121 0.02750980392156863
