0 0.36664 0.173789 0.031023 0.021083
0 0.366237 0.130484 0.03747 0.021083
3 0.155117 0.247293 0.017728 0.025071
2 0.134166 0.312821 0.015713 0.031339
2 0.134569 0.259259 0.014907 0.058689
2 0.134972 0.209687 0.014907 0.02906
2 0.107575 0.261538 0.016519 0.083761
0 0.374698 0.336752 0.080177 0.053561
15 0.16801 0.516809 0.017325 0.024501
2 0.107575 0.578917 0.020951 0.082051
0 0.36664 0.654131 0.031426 0.024501
0 0.366237 0.494587 0.053183 0.026781
0 0.778405 0.4 0.034247 0.092308
0 0.737712 0.40114 0.033038 0.102564
15 0.711523 0.311681 0.018936 0.025071
15 0.657937 0.311111 0.016116 0.026781
15 0.728042 0.239316 0.017728 0.025641
15 0.780016 0.195442 0.016922 0.026781
2 0.684126 0.17151 0.04029 0.025071
