10 0.633065 0.177981 0.047984 0.017114
2 0.797177 0.609241 0.218145 0.039361
15 0.868548 0.559612 0.023387 0.029093
3 0.904435 0.424415 0.025 0.031375
3 0.897984 0.356532 0.029032 0.032516
3 0.897177 0.327439 0.029032 0.042784
2 0.817339 0.446663 0.084677 0.033086
15 0.847984 0.402168 0.014919 0.019966
15 0.832258 0.391329 0.014516 0.022248
2 0.810484 0.353679 0.028226 0.138049
8 0.444355 0.478608 0.01371 0.062179
2 0.537097 0.446092 0.029032 0.021107
2 0.503226 0.446092 0.037097 0.021677
15 0.594758 0.351968 0.015726 0.030234
0 0.615726 0.390188 0.014516 0.047347
0 0.458871 0.367941 0.021371 0.123217
0 0.427823 0.369652 0.022984 0.087849
15 0.495968 0.353109 0.015323 0.028523
15 0.524194 0.350257 0.018548 0.019395
15 0.527419 0.332573 0.017742 0.022818
15 0.607661 0.232744 0.014919 0.022248
15 0.485484 0.273816 0.018952 0.023388
15 0.450806 0.226469 0.018145 0.0251
15 0.535081 0.220194 0.017339 0.023388
11 0.522177 0.212778 0.033468 0.090702
7 0.464113 0.168853 0.047984 0.017114
2 0.573387 0.153451 0.029839 0.021677
2 0.555645 0.15174 0.01129 0.018825
2 0.527016 0.15174 0.044355 0.017114
2 0.546774 0.11352 0.08629 0.027952
2 0.261694 0.480319 0.092339 0.027952
15 0.184677 0.513976 0.016532 0.023388
0 0.181048 0.695379 0.018548 0.043354
0 0.154435 0.693098 0.017339 0.06275
0 0.184274 0.356532 0.015726 0.034797
0 0.149597 0.339418 0.022581 0.096406
0 0.120161 0.341129 0.028629 0.084427
2 0.309274 0.15174 0.047581 0.019395
2 0.249597 0.15174 0.046371 0.022248
2 0.210887 0.151169 0.033468 0.019395
2 0.265323 0.116942 0.08871 0.029093
