6 0.868654 0.524786 0.013699 0.019373
3 0.190975 0.519088 0.023368 0.025641
15 0.161966 0.562963 0.011281 0.020513
15 0.160757 0.580627 0.011281 0.019943
2 0.145044 0.509402 0.057212 0.02963
2 0.121273 0.609117 0.020951 0.131054
8 0.278002 0.634188 0.011281 0.054701
8 0.331185 0.634188 0.009267 0.054701
2 0.437147 0.643305 0.02216 0.019943
2 0.39444 0.644444 0.067687 0.023362
7 0.628525 0.700855 0.04311 0.017094
8 0.653505 0.635328 0.011281 0.055271
8 0.626914 0.634758 0.011684 0.05641
2 0.580177 0.633618 0.026994 0.036467
2 0.533038 0.643875 0.066882 0.019373
2 0.558824 0.573219 0.05278 0.019373
11 0.59589 0.524217 0.023368 0.043305
0 0.639404 0.59886 0.020548 0.088889
0 0.612409 0.603419 0.018533 0.092308
0 0.265512 0.597151 0.018131 0.088319
0 0.290894 0.601709 0.018936 0.069516
0 0.317083 0.59886 0.020951 0.104274
0 0.481869 0.589174 0.016116 0.049573
0 0.458904 0.598291 0.016519 0.038177
15 0.638195 0.675783 0.015713 0.022222
15 0.596696 0.594302 0.015713 0.022222
15 0.57494 0.596011 0.015713 0.022222
15 0.581789 0.535043 0.015713 0.022222
15 0.522965 0.562963 0.015713 0.022222
15 0.354956 0.711111 0.015713 0.022222
15 0.351732 0.633618 0.015713 0.022222
15 0.381144 0.562393 0.015713 0.022222
15 0.286463 0.483191 0.015713 0.022222
2 0.349718 0.451852 0.027397 0.023362
2 0.475826 0.449003 0.22361 0.022792
2 0.475826 0.411396 0.23328 0.026781
3 0.151491 0.178348 0.018533 0.026211
3 0.411362 0.185755 0.018533 0.026211
0 0.414988 0.275214 0.020951 0.090028
0 0.128928 0.288319 0.012893 0.033048
0 0.103546 0.289459 0.014102 0.045584
2 0.409347 0.133333 0.025786 0.017664
2 0.153102 0.135613 0.0278 0.017664
2 0.280822 0.133333 0.230862 0.023932
2 0.277196 0.098006 0.234891 0.040456
0 0.594279 0.291738 0.015713 0.034188
0 0.568493 0.288889 0.015713 0.05584
15 0.591459 0.157835 0.015713 0.022222
2 0.745367 0.125356 0.240935 0.037607
