2 0.419017 0.187571 0.111201 0.028506
2 0.400483 0.157925 0.085415 0.021095
2 0.384367 0.132839 0.109589 0.025086
6 0.193392 0.301596 0.036261 0.074686
0 0.13618 0.31756 0.029009 0.035918
0 0.09589 0.296465 0.029815 0.04447
11 0.307816 0.248575 0.066076 0.055872
7 0.210314 0.397377 0.037067 0.087799
6 0.254633 0.379133 0.029009 0.030217
2 0.331185 0.393957 0.059629 0.021665
2 0.371475 0.436716 0.14021 0.024515
15 0.460919 0.352338 0.051571 0.040479
11 0.511684 0.216078 0.048348 0.063284
0 0.500403 0.299886 0.028203 0.033067
2 0.855761 0.310718 0.029009 0.075827
