2 0.22512510088781276 0.29969783352337515 0.019120258272800648 0.06611744583808438
0 0.5538498789346247 0.3888369441277081 0.07571428571428572 0.01846066134549601
2 0.8832445520581114 0.6923375142531356 0.020032284100080712 0.07271949828962372
2 0.2013236481033091 0.24860889395667046 0.019757869249394672 0.10779361459521095
0 0.5542050040355125 0.19393956670467505 0.04224374495560936 0.016431014823261116
0 0.5548991121872477 0.13168757126567845 0.05716707021791768 0.015370581527936146
0 0.5546327683615819 0.15469783352337513 0.056908797417272 0.01880273660205245
2 0.2733010492332526 0.23848916761687572 0.017949959644874898 0.06552451539338655
2 0.24398708635996771 0.2417673888255416 0.016876513317191283 0.07042189281641961
0 0.5545197740112994 0.1710775370581528 0.055924132364810336 0.016408209806157356
0 0.5601614205004035 0.21178449258836946 0.12245359160613398 0.02016533637400228
0 0.5535593220338983 0.33287913340935005 0.11389023405972559 0.03446978335233752
0 0.5522598870056498 0.37177309007981757 0.07703793381759484 0.01976054732041049
2 0.5459402744148506 0.8966989737742302 0.4676432606941081 0.02385404789053592
