0 0.16588663231282205 0.46038039215686277 0.1132464383146408 0.03239607843137255
0 0.35814186117005153 0.4864117647058823 0.14674143679903 0.049360784313725495
15 0.403085783570779 0.5383803921568627 0.024983328281297363 0.029309803921568626
0 0.1632343134283116 0.49461176470588236 0.11379205819945437 0.03325098039215686
0 0.7058714762049106 0.4262156862745098 0.051160957866020006 0.026333333333333337
5 0.6418884510457715 0.5208039215686274 0.09619278569263412 0.018203921568627452
0 0.6396362534101242 0.4993764705882353 0.10065777508335859 0.02771764705882353
1 0.39027280994240676 0.6227882352941176 0.058926947559866626 0.02618039215686275
2 0.4568687481054865 0.24806666666666669 0.0842891785389512 0.02275294117647059
2 0.5698211579266445 0.2880274509803922 0.09024552894816612 0.02824313725490196
11 0.9303819339193695 0.5111333333333333 0.024022431039709004 0.060784313725490195
2 0.5080994240678993 0.20556862745098042 0.07955744164898454 0.01528627450980392
2 0.5562200666868748 0.2448 0.08021521673234314 0.023654901960784312
2 0.5780357684146711 0.7132392156862745 0.09794786298878448 0.023121568627450982
2 0.5654652925128827 0.6392196078431372 0.07391936950591088 0.02785098039215686
7 0.585632009699909 0.6700509803921569 0.10028190360715368 0.017631372549019607
1 0.6221309487723552 0.3374509803921569 0.09042437102152168 0.02487058823529412
0 0.3257502273416187 0.6911294117647059 0.03409518035768415 0.025129411764705883
2 0.3812882691724765 0.18670196078431373 0.08494998484389209 0.03043921568627451
2 0.2551985450136405 0.19499607843137257 0.09060018187329494 0.026658823529411766
2 0.217026371627766 0.11514117647058825 0.08035768414671113 0.08048627450980393
15 0.30746589875719915 0.1496078431372549 0.029666565625947258 0.029439215686274507
0 0.5796483782964534 0.4424901960784313 0.051555016671718704 0.026454901960784313
11 0.8982055168232798 0.4361568627450981 0.1281721733858745 0.2530117647058823
