2 0.19888351471180976 0.37938426453819846 0.0447279322853688 0.012685290763968073
2 0.20628778718258767 0.4216647662485747 0.06133817009270456 0.025786773090079814
2 0.7118742442563483 0.3777993158494869 0.10934703748488514 0.019469783352337514
0 0.6801571946795647 0.3280273660205245 0.051068117694478034 0.03187571265678449
1 0.1506005642885933 0.03784492588369441 0.05515114873035067 0.017930444697833524
15 0.9655421201128578 0.7336602052451539 0.05002418379685611 0.04622576966932725
0 0.11741233373639662 0.1677594070695553 0.038158000806126566 0.021716077537058155
0 0.34361950826279725 0.23050171037628278 0.05168480451430874 0.05576396807297605
0 0.28606610237807334 0.15916191562143672 0.044369205965336556 0.04466932725199543
2 0.7561346231358324 0.29011972633979477 0.04667069729947602 0.027719498289623716
2 0.7795566303909713 0.22057582668187 0.020548166062071743 0.04962371721778792
