8 0.7005040322580646 0.49560182544209924 0.013040322580645162 0.06091842555618939
0 0.6785645161290322 0.42180832857957784 0.02567741935483871 0.09379349686252139
2 0.2659435483870968 0.11636052481460353 0.10723790322580645 0.023725042783799204
2 0.7646290322580646 0.19318311466058186 0.07548790322580645 0.02161437535653166
2 0.24791129032258066 0.1518026240730177 0.06686693548387097 0.022481460353679403
2 0.5049032258064516 0.60031374786081 0.14715725806451613 0.03642897889332573
2 0.27080241935483873 0.4803023388476897 0.10968145161290323 0.028881916714204224
2 0.5258104838709677 0.4159783228750713 0.024798387096774194 0.10370792926411866
2 0.19873790322580645 0.15159155733029092 0.030907258064516132 0.018853394181403308
0 0.6504274193548387 0.42422703936109524 0.02615725806451613 0.08119224187107815
8 0.668116935483871 0.498876212207644 0.014822580645161289 0.06142612664004564
0 0.8788064516129033 0.4421334854535082 0.01922983870967742 0.04216200798630918
2 0.7378669354838711 0.47887621220764404 0.05784677419354839 0.023240159726183686
2 0.7883467741935484 0.2508499714774672 0.017625000000000002 0.019064460924130062
15 0.859540322580645 0.29953223046206506 0.020274193548387096 0.023023388476896747
15 0.674024193548387 0.2929092983456931 0.0192258064516129 0.020718767826583
0 0.18094354838709678 0.31501996577296065 0.017975806451612904 0.033776383342840846
2 0.7474637096774194 0.21994295493439817 0.030576612903225806 0.019994295493439816
0 0.13290725806451614 0.31135196805476323 0.019483870967741936 0.04126640045636053
15 0.7173629032258064 0.39869937250427834 0.01772983870967742 0.018300057045065602
0 0.8378669354838709 0.42191100969766115 0.024911290322580645 0.11714774671990874
10 0.7718225806451613 0.657780946948089 0.03672983870967742 0.0177124928693668
15 0.5606048387096774 0.4445579007415858 0.01740322580645161 0.019937250427837994
15 0.7320120967741935 0.37460353679406727 0.015354838709677418 0.021574443810610383
0 0.15519354838709679 0.2943639475185396 0.02810483870967742 0.09117512835139761
2 0.7847016129032258 0.21981745579007414 0.021600806451612903 0.018088990302338848
3 0.6011451612903226 0.4653964632059327 0.0263508064516129 0.03050199657729606
0 0.18488709677419354 0.6475698802053622 0.01994758064516129 0.044301197946377636
3 0.5945161290322581 0.4008328579577866 0.026689516129032257 0.026845407872219056
0 0.16198387096774194 0.6438505419281233 0.02130645161290323 0.04957216200798631
15 0.568125 0.5691443240159726 0.017463709677419354 0.022549914432401598
15 0.8203145161290323 0.353154592127781 0.0194758064516129 0.01973188819167142
15 0.18688306451612904 0.508659440958357 0.01932258064516129 0.02517969195664575
15 0.7570564516129032 0.2852652595550485 0.01717741935483871 0.017769537934968625
15 0.7025564516129031 0.3398003422703936 0.018338709677419355 0.01903593839132915
2 0.7686774193548387 0.6189332572732459 0.05652016129032258 0.036514546491728465
2 0.769616935483871 0.2505989731888192 0.01915725806451613 0.01520250998288648
11 0.7385483870967742 0.2581061038220194 0.026580645161290325 0.049406731317741016
15 0.5466532258064516 0.4349629207073588 0.01384274193548387 0.014940102681118084
