0 0.81098 0.272893 0.078039 0.041237
11 0.767059 0.36507 0.03098 0.11886
0 0.448627 0.34809 0.063137 0.052153
0 0.409804 0.410552 0.05098 0.047301
2 0.389804 0.724682 0.097255 0.047908
2 0.33098 0.68769 0.100784 0.044269
15 0.413333 0.632505 0.026667 0.041237
5 0.247451 0.480898 0.123137 0.029109
0 0.235294 0.41419 0.172941 0.091571
0 0.13098 0.32262 0.158039 0.084294
1 0.197647 0.183748 0.097255 0.053972
15 0.255294 0.204973 0.030196 0.041844
15 0.319608 0.283808 0.027451 0.040024
15 0.385882 0.331716 0.027059 0.058217
15 0.412941 0.211037 0.031765 0.038205
15 0.386667 0.174045 0.025882 0.04245
2 0.338039 0.132201 0.105882 0.044269
7 0.304314 0.077623 0.129804 0.03396
