2 0.5007525655644242 0.29632156862745096 0.08387685290763969 0.01664313725490196
2 0.5614766248574686 0.5584549019607843 0.20442417331812998 0.01976470588235294
15 0.43517673888255415 0.33898823529411765 0.05571835803876853 0.025278431372549016
2 0.0885176738882554 0.42514509803921563 0.01990877993158495 0.11622745098039215
0 0.35381413911060433 0.4279294117647059 0.013922462941847208 0.038556862745098036
2 0.16100342075256555 0.23541960784313729 0.1328449258836944 0.03171764705882353
15 0.8816932725199544 0.32761568627450977 0.02484036488027366 0.07764705882352942
15 0.4323318129988597 0.46431372549019606 0.0569327251995439 0.025372549019607844
0 0.3811573546180159 0.4076862745098039 0.019053591790193843 0.10255686274509804
15 0.13653363740022803 0.381278431372549 0.055102622576966936 0.0284
2 0.6672862029646522 0.2648078431372549 0.4254446978335234 0.022313725490196078
3 0.2814538198403649 0.34165490196078435 0.05799315849486887 0.021388235294117645
15 0.450096921322691 0.26763137254901964 0.020011402508551882 0.07187450980392157
2 0.6684321550741164 0.3183764705882353 0.04357468643101483 0.015788235294117645
2 0.6669954389965793 0.2953411764705882 0.2534378563283922 0.017403921568627453
0 0.3671721778791334 0.5970666666666666 0.016470923603192703 0.06904313725490197
15 0.279230330672748 0.23416470588235294 0.05846066134549601 0.028447058823529416
3 0.5874230330672747 0.3236156862745098 0.037326111744583806 0.01568627450980392
3 0.612987457240593 0.4470352941176471 0.016208665906499428 0.01528627450980392
1 0.9216989737742304 0.3975607843137255 0.040376282782212086 0.015145098039215685
