2 0.16897983870967742 0.39686252139189965 0.05458467741935484 0.015573302909298346
2 0.4232983870967742 0.5641129492298916 0.045604838709677416 0.014922989161437536
1 0.44967741935483874 0.3046377638334284 0.02721774193548387 0.01551625784369652
7 0.4899959677419355 0.582595550484883 0.05517741935483871 0.02118653736451797
3 0.39018145161290324 0.3031089560752995 0.02305241935483871 0.034272675413576724
0 0.10022983870967742 0.38247575584711924 0.01725 0.07207644038790645
1 0.17643145161290322 0.1972219053051911 0.0291491935483871 0.01492869366799772
1 0.1376048387096774 0.30484312606959496 0.02282258064516129 0.01168282943525385
2 0.29369354838709677 0.5885909868796348 0.2817540322580645 0.02278379920136908
0 0.0630483870967742 0.3861437535653166 0.012399193548387097 0.09258984597832287
1 0.44956048387096775 0.1977752424415288 0.038 0.016012549914432402
8 0.07897580645161291 0.38137478608100395 0.01725 0.07243582430119795
10 0.29176209677419357 0.6114204221334855 0.033568548387096775 0.01731317741015402
2 0.4584435483870968 0.3819110096976612 0.012294354838709677 0.05629207073588135
2 0.5875 0.38375356531660015 0.01869758064516129 0.08208784940102681
