16 0.9235322580645162 0.628687963491158 0.0756008064516129 0.047992013690815745
2 0.1978225806451613 0.5139817455790074 0.044298387096774194 0.01318311466058186
10 0.28195564516129035 0.3454877353108956 0.05385483870967742 0.019110096976611524
3 0.2303024193548387 0.23116371933827726 0.015443548387096773 0.014312606959498004
2 0.18086693548387098 0.21033086138049056 0.0373508064516129 0.013656588705077011
11 0.5038346774193548 0.2962521391899601 0.04126209677419355 0.14652595550484884
2 0.19618951612903227 0.3424700513405591 0.07146370967741936 0.013941814033086138
2 0.21206048387096774 0.17686252139189962 0.04740725806451613 0.014671990872789503
0 0.37189112903225807 0.3712150598973189 0.012758064516129033 0.0367655447803765
11 0.159866935483871 0.11126069594980034 0.01664516129032258 0.06929264118653736
0 0.08058467741935484 0.3719566457501426 0.011850806451612904 0.034238448374215635
11 0.2704475806451613 0.26682258984597834 0.016516129032258065 0.07062749572162008
15 0.20945564516129034 0.2999942954934398 0.022330645161290325 0.027889332572732458
0 0.3441491935483871 0.37057045065601824 0.01090725806451613 0.03314318311466058
0 0.3271693548387097 0.3715915573302909 0.012217741935483872 0.03720479178551055
11 0.6615282258064515 0.24124358243011979 0.07683467741935485 0.05102681118083286
3 0.17091935483870968 0.49220764403879064 0.016701612903225808 0.018379920136908156
0 0.1056733870967742 0.3741528807758129 0.015504032258064517 0.05054192812321734
10 0.19680241935483872 0.3604620650313748 0.03996774193548387 0.022606959498003423
2 0.17109274193548388 0.29770108385624644 0.04955645161290323 0.01459783228750713
2 0.21644758064516129 0.20942954934398175 0.03238709677419355 0.014808899030233885
2 0.2031774193548387 0.06556759840273817 0.01688306451612903 0.018836280661722764
