2 0.23218548387096777 0.1327837992013691 0.047830645161290326 0.018944666286366228
15 0.3321693548387097 0.15786651454649173 0.020431451612903228 0.02073017683970337
0 0.33479032258064517 0.41714774671990873 0.020625 0.07221905305191101
2 0.25741935483870965 0.21472903593839135 0.042060483870967745 0.018379920136908156
0 0.28683467741935487 0.42042783799201366 0.02115725806451613 0.08698802053622362
0 0.3144596774193548 0.4321505989731888 0.019411290322580644 0.054221334854535085
15 0.26296370967741933 0.30397604107244725 0.018088709677419355 0.021021106674272677
15 0.19913306451612905 0.3042840844266971 0.01863709677419355 0.02397033656588705
15 0.24958870967741936 0.18776383342840844 0.020588709677419357 0.018014831717056475
11 0.2962701612903226 0.16061038220193954 0.02568951612903226 0.04996577296063891
15 0.28019354838709676 0.19162578436965202 0.016915322580645164 0.0194124358243012
8 0.3482943548387097 0.5176155162578437 0.013580645161290322 0.06348545350827153
6 0.42402419354838705 0.6159840273816315 0.028774193548387096 0.01816314888762122
11 0.5207540322580645 0.48831717056474616 0.031 0.11660581859669139
11 0.8226129032258064 0.48827153451226474 0.029689516129032256 0.11752424415288078
