2 0.2579354838709677 0.3328905359179019 0.051306451612903224 0.016009122006841504
16 0.6190241935483871 0.5144754846066134 0.13931451612903226 0.029150513112884836
0 0.46541129032258066 0.45881984036488027 0.017266129032258066 0.02944127708095781
0 0.4147016129032258 0.4305701254275941 0.02854032258064516 0.0900399087799316
0 0.5169838709677419 0.45988027366020523 0.016120967741935482 0.030290763968072978
2 0.261508064516129 0.279521094640821 0.1960483870967742 0.014583808437856328
2 0.21883870967741936 0.30342075256556444 0.12831451612903227 0.014714937286202963
5 0.43529032258064515 0.2954446978335234 0.09863709677419355 0.01507411630558723
5 0.08724193548387098 0.29839794754846066 0.09962096774193549 0.01602052451539339
1 0.7242500000000001 0.544806157354618 0.06083064516129033 0.01130558722919042
