2 0.38274800456100344 0.881234866828087 0.16077537058152794 0.040879741727199354
16 0.8319669327251995 0.5436077481840194 0.1720467502850627 0.0484180790960452
0 0.616539338654504 0.2333736884584342 0.026812998859749144 0.10746569814366425
15 0.5694811858608894 0.10029862792574656 0.028529076396807296 0.03169491525423729
15 0.12912770809578109 0.11071025020177562 0.03114025085518814 0.0355044390637611
2 0.350478905359179 0.06085552865213883 0.4276168757126568 0.029975786924939466
15 0.31713226909920184 0.8473123486682809 0.02686431014823261 0.03246166263115416
15 0.448660205245154 0.1958595641646489 0.04242873432155074 0.038135593220338986
2 0.1639965792474344 0.4756900726392252 0.05482896237172178 0.02433414043583535
0 0.3181927023945268 0.22995157384987897 0.01950399087799316 0.04192090395480226
2 0.5140079817559864 0.09799031476997579 0.09103192702394526 0.03367231638418079
0 0.045342075256556445 0.22341404358353512 0.023437856328392247 0.06565778853914446
2 0.48508551881413914 0.22451977401129944 0.07047320410490308 0.022970137207425342
15 0.47426453819840364 0.37827280064568203 0.02846066134549601 0.04259887005649718
15 0.3790992018244014 0.1871589991928975 0.03418472063854048 0.03687651331719128
0 0.4145553021664766 0.22861178369652946 0.018090079817559862 0.03861178369652946
15 0.4830558722919042 0.33491525423728813 0.027793614595210948 0.03909604519774011
2 0.25198403648802736 0.6940355125100888 0.017565564424173317 0.06542372881355932
0 0.10143671607753706 0.2338498789346247 0.020045610034207524 0.10670702179176757
