2 0.460856 0.690245 0.021792 0.115231
2 0.432607 0.73474 0.020178 0.060468
2 0.444713 0.690245 0.013721 0.058756
2 0.430993 0.641757 0.016142 0.058186
2 0.377724 0.710211 0.017756 0.056475
2 0.36481 0.665716 0.013721 0.056475
2 0.374496 0.686252 0.000807 0.001141
0 0.33979 0.785511 0.022599 0.030804
0 0.287328 0.580148 0.023406 0.033657
0 0.346247 0.554478 0.021792 0.031945
0 0.498789 0.20308 0.022599 0.029663
0 0.429379 0.221335 0.023406 0.033086
0 0.480226 0.242442 0.020985 0.031945
0 0.421308 0.258414 0.022599 0.023388
0 0.464891 0.289218 0.02502 0.038791
2 0.404358 0.317741 0.022599 0.051911
2 0.405165 0.385054 0.025827 0.059897
2 0.488297 0.401597 0.023406 0.03822
0 0.475383 0.346264 0.027441 0.038791
0 0.464891 0.466629 0.023406 0.032516
0 0.429379 0.444381 0.022599 0.034227
2 0.271186 0.338277 0.02502 0.058756
2 0.263115 0.413006 0.01937 0.061038
2 0.243745 0.407872 0.010492 0.045636
2 0.229217 0.365088 0.025827 0.110667
