2 0.929032 0.732459 0.019355 0.134626
2 0.956452 0.703936 0.020968 0.187678
2 0.929032 0.637764 0.019355 0.054193
1 0.919355 0.693668 0.017742 0.043354
1 0.929032 0.577867 0.018548 0.044495
1 0.815323 0.576726 0.017742 0.046207
0 0.662097 0.561323 0.074194 0.015402
0 0.662097 0.542499 0.067742 0.01312
11 0.545161 0.588705 0.078226 0.023388
11 0.540323 0.814604 0.062097 0.021677
1 0.865323 0.75984 0.019355 0.046777
1 0.781452 0.816885 0.018548 0.031375
8 0.81371 0.896178 0.023387 0.051911
0 0.662903 0.828294 0.070161 0.01255
0 0.664516 0.845978 0.070161 0.01312
0 0.666129 0.861951 0.062097 0.01312
2 0.394355 0.812322 0.020968 0.035938
2 0.394355 0.709641 0.023387 0.160867
2 0.393548 0.600685 0.023387 0.053052
2 0.203226 0.353679 0.020161 0.051341
0 0.291935 0.359954 0.074194 0.01255
0 0.302419 0.345123 0.069355 0.013691
11 0.245161 0.286366 0.070161 0.023388
11 0.270161 0.155163 0.066129 0.042213
2 0.216129 0.131204 0.025 0.066172
0 0.296774 0.117513 0.075806 0.018254
0 0.294355 0.10097 0.084677 0.018825
