5 0.12847206385404789 0.16594936708860758 0.06963511972633979 0.022223101265822786
1 0.2734834663625998 0.14182753164556963 0.09824971493728621 0.024311708860759493
3 0.6141961231470924 0.3925632911392405 0.03443557582668187 0.017943037974683544
15 0.20675598631698971 0.18761075949367087 0.034942987457240594 0.0370253164556962
2 0.36245724059293044 0.09986550632911392 0.09769099201824401 0.023053797468354432
7 0.448460661345496 0.09651107594936709 0.06963511972633979 0.022594936708860758
2 0.676254275940707 0.27610759493670883 0.11411630558722918 0.022650316455696203
2 0.5437799315849486 0.4050791139240506 0.02419612314709236 0.13792721518987341
0 0.24674458380843786 0.4132911392405063 0.02185860889395667 0.1353243670886076
0 0.15112314709236033 0.4242325949367089 0.016961231470923602 0.1455142405063291
