2 0.806205 0.151567 0.070508 0.023932
3 0.246978 0.156125 0.016519 0.021652
3 0.222401 0.156125 0.014504 0.020513
2 0.272361 0.129345 0.033844 0.020513
2 0.234085 0.129345 0.044319 0.020513
2 0.194198 0.128775 0.045528 0.022792
2 0.244964 0.103134 0.078969 0.023932
0 0.177276 0.282051 0.016519 0.038746
0 0.142224 0.25812 0.0278 0.087749
0 0.119662 0.28661 0.017325 0.035897
0 0.16801 0.636467 0.016922 0.052991
15 0.241338 0.525926 0.014504 0.022222
2 0.287268 0.506553 0.046334 0.021652
2 0.203465 0.507692 0.043513 0.018803
2 0.246978 0.483191 0.080177 0.035897
2 0.40975 0.375499 0.025383 0.067806
15 0.430298 0.391453 0.015713 0.020513
15 0.446414 0.387464 0.016116 0.021083
3 0.511281 0.403989 0.025786 0.02906
2 0.564867 0.557265 0.184529 0.047863
10 0.811039 0.631909 0.035455 0.019943
2 0.809428 0.564672 0.059629 0.031909
2 0.767929 0.57094 0.033441 0.021083
3 0.772361 0.475783 0.02216 0.037607
8 0.697824 0.453561 0.016116 0.064387
8 0.731668 0.450142 0.017325 0.063818
8 0.899678 0.451282 0.014907 0.063818
0 0.679694 0.366952 0.026591 0.08547
0 0.715955 0.37208 0.026189 0.08547
0 0.881144 0.374359 0.020951 0.103134
0 0.916197 0.378348 0.022965 0.068376
15 0.77639 0.327066 0.014907 0.025641
15 0.86382 0.291738 0.015713 0.022792
15 0.751813 0.283761 0.014102 0.022222
15 0.705077 0.247293 0.015713 0.024501
11 0.798952 0.235897 0.034649 0.070085
15 0.846495 0.204558 0.014907 0.02849
15 0.762691 0.205128 0.016116 0.023362
2 0.833602 0.179487 0.01249 0.019943
2 0.820709 0.181197 0.013699 0.019373
2 0.793312 0.178917 0.046334 0.021083
