15 0.6843921568627451 0.060028506271379706 0.036596078431372546 0.03152793614595211
2 0.26228235294117647 0.15401368301026225 0.022447058823529414 0.10363740022805017
11 0.6858901960784314 0.38594070695553023 0.05567058823529412 0.04839224629418472
15 0.6827294117647059 0.5276681870011403 0.03136470588235294 0.027388825541619154
15 0.41343529411764707 0.0367787913340935 0.04035294117647059 0.024880273660205246
15 0.7294745098039216 0.555199543899658 0.03730196078431373 0.02686431014823261
15 0.6799843137254902 0.17228620296465222 0.035560784313725495 0.028831242873432156
1 0.581764705882353 0.17404218928164195 0.06650196078431372 0.02525085518814139
15 0.48015686274509806 0.4562599771949829 0.03442352941176471 0.03631128848346636
0 0.5076627450980392 0.4272805017103763 0.04586666666666667 0.021231470923603193
15 0.47044705882352944 0.1364139110604333 0.039945098039215685 0.034064994298745724
2 0.30835294117647055 0.43197263397947544 0.022698039215686274 0.21807867730900798
0 0.5110039215686274 0.23720068415051312 0.10611764705882354 0.025381984036488028
2 0.3083686274509804 0.16107753705815278 0.02342745098039216 0.12521094640820982
2 0.35974901960784317 0.6891220068415052 0.027992156862745095 0.12916761687571265
0 0.5001725490196078 0.019777651083238312 0.0639921568627451 0.022765108323831242
3 0.48254901960784313 0.0766818700114025 0.03901176470588236 0.025923603192702392
15 0.7826745098039215 0.0869327251995439 0.04631372549019608 0.028255416191562147
2 0.6353411764705882 0.04344925883694412 0.06588235294117648 0.021413911060433298
2 0.35454117647058825 0.06083808437856328 0.03411764705882353 0.07545039908779932
15 0.712321568627451 0.11591790193842645 0.034635294117647056 0.029726339794754846
2 0.7422666666666666 0.3199201824401368 0.030729411764705884 0.4476510832383124
2 0.361278431372549 0.4510091220068415 0.02007843137254902 0.10789053591790194
15 0.39941176470588236 0.16982326111744583 0.04607843137254902 0.03535917901938427
16 0.7983294117647058 0.7384720638540478 0.19650196078431373 0.04626567844925884
2 0.542956862745098 0.5858038768529077 0.09149019607843138 0.015034207525655645
15 0.47095686274509807 0.5568928164196123 0.036596078431372546 0.028916761687571266
0 0.5099450980392156 0.570478905359179 0.05409411764705882 0.02023945267958951
1 0.3504392156862745 0.5638312428734322 0.032619607843137256 0.04857468643101483
0 0.6117725490196079 0.5609407069555302 0.09387450980392156 0.026602052451539338
15 0.342478431372549 0.15353477765108325 0.037388235294117646 0.03296465222348917
5 0.14677647058823529 0.04741733181299886 0.05011764705882353 0.0717103762827822
