0 0.40483454398708635 0.3153762827822121 0.03631961259079903 0.0661630558722919
2 0.6514366424535916 0.11872862029646522 0.155544794188862 0.03384834663625998
2 0.679596448748991 0.15428164196123148 0.1056093623890234 0.03080387685290764
0 0.473317191283293 0.33061003420752566 0.036343825665859565 0.0982782212086659
11 0.823777239709443 0.22494868871151655 0.05393058918482647 0.1119612314709236
2 0.730548829701372 0.33948688711516534 0.14577885391444714 0.032120866590649944
0 0.9164326069410815 0.32184720638540476 0.04070217917675545 0.08055302166476624
6 0.6983131557707829 0.1898574686431015 0.04605326876513317 0.02702394526795895
2 0.7425746569814367 0.2997206385404789 0.0953995157384988 0.028318129988597493
15 0.9313397901533496 0.541630558722919 0.05060532687651332 0.043443557582668185
1 0.8867796610169492 0.5772291904218928 0.13759483454398708 0.023112884834663627
