7 0.5903058823529411 0.6557913887204366 0.12127843137254901 0.02932080048514251
0 0.13915686274509806 0.33038811400848994 0.1224 0.04512431776834445
2 0.46880784313725493 0.17036992116434202 0.12750980392156863 0.04359005457853244
15 0.6111176470588235 0.485767131594906 0.03498431372549019 0.043499090357792605
2 0.4555450980392157 0.11620375985445724 0.15893333333333332 0.045003032140691325
0 0.6969607843137255 0.3222377198302001 0.11513725490196079 0.04259551243177683
0 0.23130980392156864 0.4502607640994542 0.1263607843137255 0.04661006670709521
15 0.20143529411764705 0.24566403881140086 0.035219607843137254 0.04238932686476653
5 0.12618823529411763 0.25181928441479684 0.12209411764705881 0.027125530624620982
1 0.23663529411764705 0.31130382049727107 0.06920784313725489 0.02514251061249242
2 0.2963607843137255 0.6022195269860521 0.1138 0.021807155852031534
2 0.39276078431372546 0.5710066707095209 0.0936 0.038156458459672526
2 0.44886666666666664 0.24861127956337173 0.0318156862745098 0.08788356579745299
13 0.8052117647058823 0.2602850212249848 0.10127058823529413 0.021303820497271076
0 0.7842 0.31094602789569437 0.0518156862745098 0.03762886597938144
2 0.41025490196078435 0.6514918132201334 0.23736078431372548 0.0377319587628866
0 0.6414470588235295 0.4411400848999394 0.11410196078431371 0.04107944208611279
0 0.28748235294117647 0.15585809581564583 0.055466666666666664 0.03688902365069739
0 0.1446392156862745 0.5439296543359612 0.08843529411764706 0.02178289872650091
2 0.5019058823529411 0.2575197089144936 0.04609019607843137 0.07861734384475438
0 0.27145882352941175 0.11479078229229836 0.1002 0.036246209824135844
0 0.5804549019607843 0.33512431776834445 0.06357647058823529 0.04199514857489388
0 0.782643137254902 0.3500909642207398 0.05454117647058824 0.03766525166767738
2 0.49305882352941177 0.6025530624620983 0.1088 0.017246816252274106
2 0.1537529411764706 0.9865554881746512 0.011756862745098039 0.026889023650697393
