15 0.33142941176470586 0.13606244316459534 0.019662745098039214 0.022306759624128526
2 0.2022705882352941 0.12427402243103972 0.052209803921568626 0.013925431949075476
1 0.2832764705882353 0.10117611397393149 0.030766666666666664 0.013619278569263413
15 0.2668274509803921 0.15697180963928464 0.016133333333333333 0.016459533191876326
1 0.19561764705882353 0.7680842679599879 0.044576470588235294 0.012097605334949984
15 0.23387450980392158 0.31113973931494393 0.015766666666666665 0.02695968475295544
15 0.17032941176470587 0.3085571385268263 0.018154901960784314 0.02695968475295544
5 0.2975392156862745 0.23857229463473778 0.037505882352941174 0.016250378902697787
0 0.348421568627451 0.20644134586238252 0.01266078431372549 0.014034555926038193
0 0.29777843137254906 0.22398605638072142 0.012184313725490196 0.012188541982418914
