2 0.5427651083238313 0.5953702196908056 0.09388255416191561 0.02192839707078926
2 0.25457810718358037 0.14067534580960128 0.0732896237172178 0.01582587469487388
0 0.42024515393386547 0.43257119609438566 0.013705815279361459 0.05550854353132628
2 0.2654561003420753 0.3829373474369406 0.04946978335233751 0.019170056956875507
0 0.660193842645382 0.43371847030105776 0.01985746864310148 0.05984540276647681
2 0.20790193842645383 0.11494711147274207 0.1565450399087799 0.018600488201790073
1 0.8592645381984036 0.47963384865744507 0.0389509692132269 0.01919446704637917
2 0.27486887115165337 0.3597640358014646 0.05954389965792474 0.012327095199349065
1 0.7906841505131128 0.2689585028478438 0.04302736602052452 0.017518307567127748
2 0.7129418472063854 0.21722538649308382 0.3478563283922463 0.020130187144019526
2 0.26020524515393384 0.40910496338486574 0.06212086659064994 0.016834825061025224
2 0.74442417331813 0.6564686737184703 0.2858152793614595 0.02144833197721725
15 0.43753705815279365 0.32529698942229457 0.02168187001140251 0.024743694060211555
0 0.4400057012542759 0.4293978844589097 0.015866590649942988 0.05894222945484133
2 0.814897377423033 0.5974125305126119 0.14968072976054733 0.01982912937347437
2 0.5867616875712657 0.6299837266069975 0.06603192702394527 0.012139951179820993
11 0.28366590649942985 0.3278112286411717 0.026174458380843785 0.026818551668022782
2 0.19936145952109466 0.0923026851098454 0.18200684150513113 0.018681855166802278
0 0.6234891676168757 0.45423921887713586 0.016168757126567845 0.039568755085435316
0 0.18404218928164195 0.25645240032546784 0.015541619156214367 0.05298616761594793
0 0.3137229190421893 0.2566720911310008 0.024475484606613456 0.06126118795768919
15 0.3167958950969213 0.4374776240846216 0.01879133409350057 0.02387306753458096
0 0.9034549600912201 0.4299186330349878 0.01782212086659065 0.06532139951179822
1 0.5554960091220068 0.6566639544344995 0.043671607753705814 0.0161106590724166
0 0.4603192702394527 0.4278030919446704 0.016812998859749143 0.06341741253051261
2 0.757508551881414 0.5621318144833198 0.07957240592930444 0.02612693246541904
11 0.12076396807297606 0.17343368592351505 0.024150513112884835 0.034003254678600485
15 0.7736659064994299 0.38117168429617576 0.03010262257696693 0.02049633848657445
5 0.6240763968072977 0.6920260374288039 0.06910490307867731 0.022742066720911308
2 0.5540706955530217 0.2884784377542718 0.06347776510832383 0.022449145646867372
0 0.9273147092360319 0.43101708706265257 0.017029646522234893 0.059617575264442633
1 0.582309007981756 0.30701383238405205 0.04064994298745724 0.016965012205044754
0 0.787497149372862 0.41646053702196906 0.017394526795895097 0.04189585028478438
0 0.07786773090079818 0.2638079739625712 0.014389965792474344 0.036582587469487386
15 0.5919213226909921 0.39477624084621643 0.018238312428734322 0.022359641985353947
11 0.22871721778791335 0.32375101708706266 0.029144811858608892 0.03316517493897477
15 0.6165906499429875 0.5036696501220504 0.02088939566704675 0.02387306753458096
0 0.06148802736602052 0.24068348250610253 0.01500570125427594 0.07704637917005695
5 0.503460661345496 0.26255492270138325 0.07036488027366021 0.02323026851098454
5 0.8232440136830103 0.2990886899918633 0.068654503990878 0.022782750203417412
0 0.25388825541619153 0.2535638730675346 0.020302166476624858 0.048307567127746136
0 0.4836316989737742 0.4233685923515053 0.016060433295324972 0.045305126118795766
11 0.23192132269099203 0.17861676159479253 0.031117445838084377 0.034043938161106596
15 0.9293101482326112 0.3471440195280716 0.01895096921322691 0.02562245728234337
16 0.9266818700114026 0.7475508543531326 0.09801596351197263 0.029568755085435317
2 0.8223489167616876 0.2505858421480879 0.1253648802736602 0.023116354759967452
