16 0.8770866590649944 0.5857627118644068 0.13273660205245152 0.03880548829701372
2 0.5068928164196124 0.6500807102502019 0.07108323831242874 0.01959644874899112
2 0.41081527936145956 0.6506941081517353 0.11259977194982897 0.01715092816787732
2 0.4474800456100342 0.6775948345439871 0.19025655644241732 0.018627925746569813
2 0.5350399087799316 0.2663761097659403 0.06903648802736602 0.0166182405165456
0 0.6305416191562144 0.38379338175948347 0.016145952109464082 0.039047619047619046
11 0.4623660205245154 0.27569814366424533 0.02220068415051311 0.05213075060532688
0 0.28908209806157353 0.3817029862792575 0.013956670467502852 0.04912832929782082
15 0.6203648802736601 0.3007586763518967 0.024093500570125426 0.020790960451977404
2 0.13821550741163055 0.27393058918482643 0.18674458380843786 0.020492332526230832
5 0.582405929304447 0.23249394673123486 0.04062713797035348 0.016263115415657788
10 0.3866419612314709 0.24495560936238903 0.05501710376282782 0.018256658595641646
2 0.4877822120866591 0.6159402744148507 0.04946408209806158 0.019426957223567392
15 0.5728734321550741 0.572905569007264 0.02547890535917902 0.02423728813559322
0 0.417690992018244 0.5128006456820017 0.015587229190421893 0.05567393058918483
15 0.22826681870011403 0.32810330912025826 0.01862599771949829 0.03236481033091203
15 0.39448688711516533 0.5608555286521388 0.026510832383124287 0.021113801452784502
15 0.48191562143671607 0.5035754640839386 0.02200114025085519 0.029152542372881354
7 0.28527366020524514 0.2317998385794996 0.03964652223489168 0.01611783696529459
0 0.5764538198403649 0.39025020177562547 0.01765108323831243 0.10070217917675545
1 0.927594070695553 0.3552865213882163 0.05085518814139111 0.01565778853914447
0 0.6026738882554161 0.5194430992736078 0.013078677309007983 0.06067796610169492
