4 0.90391 0.6 0.088209 0.016471
0 0.89906 0.580392 0.082752 0.02902
4 0.921794 0.462353 0.088512 0.017647
0 0.92331 0.440784 0.084874 0.027843
15 0.820552 0.456471 0.02334 0.032941
0 0.87087 0.409412 0.048803 0.022745
1 0.84177 0.349804 0.039103 0.01451
1 0.84268 0.316471 0.045165 0.019216
15 0.923007 0.276471 0.026978 0.029804
2 0.731737 0.245098 0.138527 0.026667
15 0.604426 0.216863 0.020006 0.034902
2 0.57472 0.193333 0.080024 0.026275
2 0.668081 0.746275 0.267354 0.02902
1 0.722946 0.567451 0.046075 0.012157
3 0.712034 0.524314 0.028797 0.011373
10 0.678084 0.65451 0.083359 0.015294
15 0.648985 0.601961 0.019703 0.03098
2 0.657472 0.632941 0.036375 0.023922
2 0.613519 0.632549 0.053046 0.02549
2 0.586541 0.674902 0.10488 0.029804
7 0.575326 0.702353 0.08548 0.01451
15 0.523795 0.644314 0.023037 0.034118
2 0.219764 0.885098 0.077296 0.022353
2 0.274326 0.872941 0.103365 0.029412
15 0.314944 0.83451 0.020612 0.028235
0 0.310094 0.774902 0.083662 0.023922
3 0.160958 0.752157 0.034556 0.014118
12 0.102455 0.687059 0.09518 0.016863
0 0.071537 0.646275 0.043043 0.025098
13 0.28251 0.635294 0.050015 0.012157
12 0.309791 0.682353 0.099727 0.018039
0 0.329191 0.566275 0.049106 0.02549
15 0.467717 0.48 0.022734 0.028627
15 0.520764 0.443529 0.022734 0.028627
0 0.491967 0.425098 0.034859 0.021569
0 0.448318 0.379216 0.062746 0.029804
0 0.410124 0.336078 0.037284 0.028235
0 0.37375 0.286667 0.048196 0.02549
0 0.3204 0.249412 0.046984 0.028235
13 0.267657 0.191765 0.045468 0.011765
3 0.193392 0.156078 0.029706 0.011765
0 0.060928 0.159216 0.062746 0.027059
2 0.10094 0.114902 0.047287 0.057255
2 0.172477 0.058824 0.099121 0.027059
15 0.100333 0.064706 0.019097 0.029804
