11 0.48365774533657746 0.48661345496009123 0.05389294403892944 0.02377423033067275
2 0.5630900243309002 0.5894127708095781 0.025506893755068937 0.0602793614595211
1 0.5289699918897 0.5754960091220068 0.028150851581508516 0.07175598631698973
11 0.17440389294403894 0.46652223489167616 0.11710462287104621 0.033369441277080955
2 0.6420113544201136 0.5361687571265679 0.02697485806974858 0.057730900798175604
2 0.5928548256285483 0.4627309007981756 0.04842660178426602 0.053472063854047895
0 0.3495539334955393 0.4372006841505131 0.01794809407948094 0.0529703534777651
2 0.6186293592862936 0.5208608893956671 0.015312246553122464 0.06541619156214366
2 0.12471208434712085 0.516927023945268 0.01908353609083536 0.05864880273660206
3 0.1343552311435523 0.4203762827822121 0.01613138686131387 0.03138540478905359
0 0.28824817518248175 0.6370068415051311 0.027274939172749393 0.0623945267958951
11 0.26077047850770474 0.5121265678449258 0.03451743714517437 0.05925313568985177
2 0.21053527980535278 0.5134378563283922 0.018442822384428223 0.055632839224629416
1 0.13316301703163017 0.5731242873432155 0.027964314679643144 0.05287343215507411
0 0.3432846715328467 0.5965963511972634 0.02707218167072182 0.022012542759407068
0 0.37149229521492294 0.6836202964652223 0.024493106244931062 0.025262257696693272
1 0.6032522303325223 0.6040706955530216 0.04727493917274939 0.05118586088939567
