0 0.37281176470588234 0.606180660806305 0.03284901960784314 0.02326159442255229
0 0.27880196078431374 0.27165807820551685 0.02618039215686275 0.035347074871173084
2 0.5338980392156863 0.8147499242194605 0.1323549019607843 0.02179448317672022
2 0.5052098039215687 0.43358593513185817 0.08010980392156863 0.010982115792664443
7 0.9222803921568627 0.5943013034252803 0.04327843137254902 0.018250985147014245
0 0.521043137254902 0.7622794786298879 0.028499999999999998 0.02306153379812064
2 0.8080705882352941 0.6289572597756895 0.040329411764705884 0.013504092149136102
2 0.7027764705882352 0.3835889663534405 0.05192156862745098 0.023698090330403154
2 0.46149019607843134 0.5663595028796605 0.0396 0.023661715671415583
5 0.9598843137254902 0.6249681721733858 0.04954901960784314 0.0179205819945438
0 0.40757058823529413 0.7136404971203395 0.03117843137254902 0.023919369505910882
2 0.5734568627450981 0.41384055774477113 0.03858039215686274 0.02535919975750227
2 0.8050921568627452 0.6542861473173688 0.0571921568627451 0.022940284934828737
0 0.8899058823529412 0.6192937253713247 0.030931372549019606 0.03005153076689906
5 0.5260980392156862 0.7836314034555926 0.045327450980392155 0.018035768414671114
0 0.40630588235294113 0.6061624734768112 0.026435294117647057 0.015341012428008487
2 0.7911254901960784 0.4615671415580479 0.038650980392156864 0.011630797211276144
2 0.711056862745098 0.41795392543194904 0.04934705882352941 0.025086389815095485
2 0.5689176470588235 0.3864534707487118 0.2159607843137255 0.02445589572597757
2 0.7717313725490196 0.42997271900575934 0.07033529411764705 0.014304334646862685
2 0.5371117647058824 0.41534707487117306 0.03282549019607843 0.012991815701727796
2 0.6649117647058824 0.6184086086692938 0.20852745098039216 0.014983328281297363
2 0.6429490196078431 0.35401939981812675 0.34105490196078436 0.016374658987571993
5 0.4014686274509804 0.7340648681418611 0.04652941176470588 0.017787208244922702
2 0.4614333333333333 0.6296665656259472 0.04853921568627451 0.022182479539254323
0 0.9615843137254901 0.604246741436799 0.03562941176470588 0.025616853591997578
15 0.8665509803921568 0.6834252803879963 0.011366666666666667 0.017932706880872992
3 0.612335294117647 0.4512397696271598 0.05050588235294117 0.013895119733252501
2 0.5311196078431373 0.08547741739921189 0.048498039215686274 0.028411639890876025
2 0.5288078431372549 0.11426189754471051 0.059796078431372544 0.012361321612609883
5 0.6348333333333334 0.6547074871173083 0.04216470588235294 0.015395574416489845
2 0.32069803921568624 0.27126098817823585 0.02404901960784314 0.20481661109427102
7 0.3695333333333333 0.6268869354349803 0.046243137254901964 0.015292512882691726
2 0.7000960784313726 0.7598635950287966 0.05647058823529412 0.024886329190663834
15 0.7622392156862745 0.7278235829039104 0.011215686274509805 0.019026977872082452
0 0.26755882352941174 0.7526523188845105 0.02936470588235294 0.025916944528645045
0 0.635635294117647 0.6334707487117309 0.02819411764705882 0.025216732343134284
1 0.6344941176470589 0.7723582903910277 0.031050980392156865 0.018072143073658682
15 0.8335784313725491 0.6774810548651107 0.010943137254901961 0.01569869657471961
0 0.9221705882352941 0.5723310093967868 0.030209803921568627 0.02619278569263413
7 0.856256862745098 0.5944346771749015 0.04439019607843137 0.016226129130039405
0 0.8571764705882353 0.5728008487420431 0.02652156862745098 0.02576841467111246
2 0.4610882352941177 0.4503576841467111 0.0346 0.013091846013943618
11 0.4500823529411765 0.4783722340103062 0.02817843137254902 0.039233100939678696
15 0.5225803921568627 0.47024856016974836 0.012888235294117648 0.013822370415277356
15 0.5760176470588235 0.4373173688996666 0.011729411764705882 0.01576841467111246
15 0.6187490196078431 0.4867838739011822 0.013976470588235295 0.018754167929675658
0 0.6959960784313726 0.4563413155501667 0.028180392156862744 0.01592300697180964
15 0.7040980392156863 0.4925401636859655 0.011664705882352942 0.014849954531676266
3 0.5281490196078431 0.5512518945134889 0.0347764705882353 0.017459836314034555
0 0.5754156862745098 0.5836980903304031 0.0283921568627451 0.0288299484692331
11 0.8286627450980393 0.5023916338284329 0.025203921568627448 0.05526220066686875
2 0.7963411764705882 0.5624825704759018 0.05333333333333334 0.016462564413458624
3 0.8248607843137254 0.728808729918157 0.028441176470588237 0.014386177629584723
1 0.8699039215686275 0.7278629887844801 0.03216470588235294 0.014962109730221279
5 0.2714941176470588 0.7749742346165505 0.0424 0.016462564413458624
0 0.4524549019607843 0.12329796908153985 0.027894117647058823 0.028293422249166415
11 0.5729137254901961 0.153085783570779 0.023484313725490195 0.04354046680812367
2 0.5408176470588235 0.1445286450439527 0.029627450980392156 0.03959078508638982
