2 0.48384132420091325 0.1753609083536091 0.08291666666666667 0.021922141119221413
11 0.054720319634703196 0.44987834549878347 0.04524543378995433 0.12643957826439578
15 0.8496746575342466 0.1529845904298459 0.028253424657534245 0.03397404703974047
15 0.42791095890410963 0.20613138686131385 0.03009132420091324 0.03553122465531225
0 0.3959189497716895 0.3880048661800487 0.018133561643835616 0.06909975669099756
2 0.6557534246575343 0.12065693430656935 0.43074771689497715 0.03106244931062449
15 0.6087157534246576 0.49177615571776157 0.02475456621004566 0.03333333333333333
2 0.8652283105022832 0.4465206812652068 0.04978310502283105 0.018824006488240067
15 0.8843493150684932 0.3348905109489051 0.024069634703196348 0.03258718572587186
15 0.9179223744292238 0.2256609894566099 0.027414383561643836 0.03899432278994323
15 0.8878025114155251 0.4010137875101379 0.023886986301369866 0.0343227899432279
0 0.6556050228310502 0.42093268450932686 0.01648401826484018 0.039659367396593675
2 0.8396632420091323 0.19530413625304135 0.049383561643835616 0.020697485806974857
2 0.8262671232876712 0.17493917274939172 0.08464041095890411 0.021500405515004057
15 0.5881906392694064 0.22385239253852393 0.023247716894977167 0.03812652068126521
0 0.9346632420091324 0.38548256285482563 0.014263698630136986 0.03923763179237632
2 0.8695890410958904 0.2160097323600973 0.05239155251141553 0.018872668288726684
15 0.8301312785388129 0.3664720194647202 0.02461187214611872 0.027753446877534466
8 0.3601027397260274 0.47600162206001617 0.016141552511415524 0.058248175182481744
15 0.8485216894977169 0.4882968369829684 0.020804794520547946 0.028848337388483376
15 0.5010159817351598 0.48740470397404706 0.027511415525114158 0.03433901054339011
7 0.40601598173515985 0.16116788321167883 0.042539954337899546 0.019440389294403893
0 0.7981335616438355 0.4304947283049472 0.016689497716894975 0.06653690186536902
0 0.35875570776255705 0.3841930251419302 0.015753424657534248 0.08743714517437146
2 0.6522203196347033 0.17501216545012166 0.25607876712328764 0.024858069748580697
