16 0.4210645161290323 0.8331071835803877 0.06118548387096775 0.15473204104903077
0 0.567508064516129 0.6606442417331813 0.044338709677419354 0.06265678449258837
0 0.6069758064516129 0.5956727480045609 0.04881451612903226 0.06452109464082098
0 0.6026209677419355 0.18059863169897378 0.01942741935483871 0.031163055872291904
5 0.38757258064516126 0.40979475484606614 0.025588709677419354 0.09107753705815279
15 0.7317177419354839 0.6031698973774231 0.032072580645161296 0.028568985176738882
0 0.5605483870967742 0.23449828962371722 0.02067741935483871 0.03347206385404789
2 0.8104193548387096 0.3308323831242873 0.014782258064516128 0.06183010262257697
2 0.8704193548387096 0.4071436716077537 0.02221774193548387 0.19270239452679588
1 0.6564677419354839 0.5462485746864311 0.020669354838709676 0.040792474344355754
2 0.4312741935483871 0.47100342075256557 0.0172741935483871 0.06038768529076397
1 0.6538790322580644 0.2683409350057013 0.020741935483870967 0.04124857468643101
5 0.10863709677419356 0.022137970353477764 0.08590322580645161 0.02233751425313569
2 0.8509435483870968 0.29794184720638545 0.026838709677419356 0.09057012542759407
