0 0.13919 0.445161 0.103252 0.027823
2 0.129492 0.367742 0.033086 0.133065
7 0.358243 0.303226 0.111238 0.019758
15 0.2915 0.264516 0.034797 0.03871
15 0.208785 0.266532 0.034227 0.0375
2 0.213919 0.241129 0.131774 0.014516
2 0.667998 0.645161 0.138049 0.025403
2 0.707929 0.620968 0.06389 0.018145
2 0.638334 0.614919 0.071877 0.033468
2 0.667998 0.529032 0.094124 0.018548
10 0.807758 0.582661 0.095836 0.021774
8 0.889903 0.493548 0.135767 0.020565
15 0.687963 0.555242 0.031945 0.034274
15 0.589276 0.584677 0.034797 0.039516
3 0.484313 0.520968 0.045066 0.018952
3 0.801483 0.245565 0.042213 0.018952
11 0.626355 0.397984 0.042784 0.022984
2 0.614375 0.360887 0.118083 0.021371
2 0.605248 0.337097 0.092983 0.021371
0 0.924701 0.372581 0.032516 0.056048
0 0.861951 0.374194 0.033657 0.053226
0 0.786651 0.375 0.030804 0.06129
0 0.521962 0.375806 0.02567 0.059274
0 0.456361 0.372984 0.029093 0.054839
0 0.424986 0.375806 0.027382 0.060081
15 0.837992 0.450403 0.047347 0.025403
15 0.751284 0.485484 0.031945 0.033871
15 0.765545 0.449597 0.047918 0.02379
15 0.479179 0.496774 0.055334 0.02621
15 0.908157 0.294355 0.054193 0.024597
15 0.568169 0.280242 0.057045 0.024194
15 0.500856 0.289516 0.0502 0.020565
15 0.602396 0.239113 0.032516 0.034677
15 0.709641 0.244355 0.035368 0.035081
15 0.727325 0.207661 0.034797 0.035887
2 0.58186 0.164113 0.116372 0.024597
2 0.74672 0.164113 0.124929 0.025806
2 0.69595 0.141532 0.134056 0.025
