2 0.297837 0.652794 0.02579 0.204675
2 0.503328 0.076967 0.211314 0.023375
3 0.509151 0.277081 0.03827 0.021665
2 0.269551 0.27081 0.030782 0.086089
16 0.180532 0.326682 0.039101 0.106043
3 0.757903 0.671608 0.039933 0.026796
2 0.693844 0.659065 0.026622 0.072406
2 0.653078 0.670468 0.031614 0.050171
0 0.675541 0.756556 0.144759 0.031357
0 0.659734 0.895097 0.142263 0.031927
0 0.6198 0.866021 0.06822 0.018814
2 0.839434 0.836374 0.027454 0.050741
2 0.838602 0.767959 0.024958 0.078677
2 0.884359 0.77195 0.034942 0.087799
2 0.884359 0.678449 0.032446 0.106043
2 0.938436 0.72577 0.044925 0.197263
15 0.879368 0.610604 0.03827 0.028506
7 0.930948 0.520525 0.03411 0.082098
15 0.842762 0.502851 0.03411 0.029647
0 0.645591 0.570696 0.073211 0.026796
0 0.650582 0.529647 0.063228 0.026226
0 0.643927 0.493158 0.072379 0.026796
