16 0.651649 0.594641 0.054706 0.08894
15 0.736122 0.604333 0.04103 0.030787
2 0.814159 0.612885 0.12148 0.016534
2 0.854385 0.59008 0.067578 0.014823
0 0.90185 0.570125 0.04103 0.013683
1 0.728077 0.548461 0.04827 0.013683
0 0.934835 0.441847 0.020917 0.035918
1 0.841512 0.468073 0.047466 0.014253
3 0.825422 0.340935 0.024135 0.018244
15 0.768302 0.301026 0.03218 0.032497
6 0.798069 0.294755 0.028962 0.013683
1 0.913918 0.292474 0.051488 0.019384
1 0.725664 0.276511 0.053097 0.019954
2 0.855189 0.275941 0.080451 0.021095
2 0.83749 0.245154 0.067578 0.019384
2 0.777152 0.245154 0.051488 0.019384
6 0.685438 0.396237 0.018504 0.050171
0 0.470636 0.464652 0.038616 0.039339
