2 0.28190992018244015 0.055383373688458436 0.038762827822120864 0.011541565778853916
2 0.2763226909920182 0.3202502017756255 0.02686431014823261 0.012405165456012912
2 0.6085461801596351 0.6962953995157385 0.042434435575826684 0.013857949959644877
11 0.794224629418472 0.31192897497982247 0.04010832383124287 0.1649959644874899
11 0.46779931584948686 0.6679338175948346 0.04006271379703535 0.022800645682001613
15 0.22651653363740024 0.18928974979822438 0.02048460661345496 0.01973365617433414
3 0.1251653363740023 0.3020742534301856 0.021351197263397948 0.03089588377723971
16 0.9146351197263398 0.7671105730427765 0.10600342075256557 0.03167070217917676
0 0.3531527936145952 0.3824455205811138 0.014253135689851768 0.04294592413236481
0 0.6719840364880274 0.4079176755447942 0.0401539338654504 0.02520581113801453
2 0.6055644241733181 0.6718966908797417 0.04073546180159635 0.013849878934624698
15 0.31854618015963515 0.26251008878127524 0.021887115165336375 0.021501210653753027
11 0.4282896237172178 0.6682163034705407 0.039412770809578106 0.022340597255851493
3 0.12271379703534778 0.22333333333333333 0.02328392246294185 0.020992736077481842
2 0.289418472063854 0.48755447941888624 0.034578107183580384 0.01489911218724778
6 0.9072405929304447 0.3959725585149314 0.020701254275940707 0.017062146892655367
15 0.05587799315849487 0.27193704600484264 0.020678449258836946 0.021364003228410006
2 0.28685860889395665 0.1349636803874092 0.030929304446978334 0.01102502017756255
0 0.22880843785632837 0.3866908797417272 0.01185290763968073 0.03745762711864407
0 0.17485176738882555 0.38782889426957223 0.01209236031927024 0.041412429378531075
2 0.27108323831242875 0.1158676351896691 0.04112884834663626 0.01149313962873285
0 0.6341790193842645 0.31132364810330915 0.020524515393386546 0.035778853914447135
11 0.4411345496009122 0.46758676351896694 0.036716077537058155 0.15206618240516545
2 0.11275370581527937 0.16901533494753834 0.07765678449258838 0.014059725585149315
11 0.2540592930444698 0.5461178369652946 0.01736031927023945 0.03573849878934625
0 0.3337058152793615 0.3576109765940274 0.013192702394526796 0.09983857949959644
2 0.038591790193842644 0.3050282485875706 0.01443557582668187 0.1070782889426957
0 0.47016533637400226 0.7992897497982244 0.022730900798175597 0.02704600484261501
11 0.2517730900798176 0.21665052461662632 0.01563854047890536 0.032865213882163034
0 0.20241733181299887 0.35562550443906377 0.014407069555302167 0.10045197740112993
5 0.33204104903078674 0.21535916061339788 0.012451539338654503 0.037465698143664246
6 0.3780501710376283 0.7128167877320419 0.031562143671607756 0.012752219531880549
6 0.3167502850627138 0.5675625504439064 0.011545039908779932 0.033171912832929785
2 0.2844754846066135 0.2751089588377724 0.030992018244013684 0.014156577885391444
2 0.27200684150513116 0.07203389830508475 0.018255416191562145 0.01410815173527038
15 0.27186431014823265 0.09325262308313156 0.018620296465222348 0.03369652945924132
15 0.1603648802736602 0.06500403551251009 0.02255416191562144 0.03555286521388216
11 0.3554104903078677 0.8037126715092816 0.0219327251995439 0.049975786924939467
11 0.3564367160775371 0.8536884584342211 0.019880273660205245 0.04609362389023406
15 0.09750855188141391 0.21615012106537532 0.014053591790193842 0.02765940274414851
15 0.09750855188141391 0.19164648910411622 0.016795895096921323 0.02523002421307506
