2 0.10129032258064516 0.5966001140901311 0.02495967741935484 0.027216200798630918
11 0.6740443548387097 0.465219623502567 0.03259274193548387 0.10475185396463206
0 0.49286290322580645 0.3967427267541358 0.02822983870967742 0.08657729606389047
11 0.5068709677419355 0.1319338277239019 0.030165322580645162 0.047655447803764975
8 0.5637177419354839 0.49022247575584715 0.015951612903225807 0.07074729035938392
15 0.5459879032258065 0.12867655447803764 0.02183467741935484 0.022863662293211635
2 0.4404717741935483 0.11365088419851682 0.05326612903225806 0.01982316029663434
2 0.17518145161290322 0.5338790644609241 0.029491935483870968 0.022492869366799773
15 0.4679919354838709 0.2721905305191101 0.018516129032258064 0.025715915573302908
0 0.5489637096774194 0.40405590416428977 0.028512096774193547 0.08574443810610383
15 0.4831370967741936 0.16896177980604676 0.01942741935483871 0.021523103251568736
3 0.2076290322580645 0.3570964061608671 0.027040322580645162 0.031334854535082717
15 0.11918548387096774 0.5740844266970907 0.012576612903225808 0.01729035938391329
15 0.17542741935483872 0.5980148317170564 0.012532258064516128 0.018220193953223048
15 0.20895967741935484 0.5735710211066742 0.014955645161290323 0.016759840273816315
15 0.18241935483870966 0.5470564746149458 0.012495967741935484 0.015978322875071307
15 0.1669274193548387 0.5573873359954364 0.01092741935483871 0.01970907016543069
3 0.2217298387096774 0.6381289218482602 0.03263306451612903 0.01426126640045636
3 0.13179032258064516 0.6375014261266401 0.023758064516129034 0.015909868796349116
0 0.5235685483870968 0.4122932116371934 0.014955645161290323 0.03954934398174558
15 0.4037177419354839 0.26953223046206504 0.016806451612903225 0.029771819737592697
15 0.4840443548387097 0.12886480319452367 0.017649193548387097 0.020279520821448942
6 0.5803104838709677 0.591158014831717 0.028782258064516127 0.020593268682258987
