2 0.644758 0.320023 0.060081 0.037079
6 0.232661 0.382772 0.013306 0.083856
0 0.256048 0.381631 0.016129 0.085568
0 0.204839 0.456361 0.012903 0.043354
2 0.346371 0.624073 0.047581 0.02567
2 0.353629 0.586423 0.033468 0.027952
2 0.321371 0.585282 0.027823 0.026241
2 0.325806 0.551055 0.032258 0.024529
11 0.353226 0.515117 0.022581 0.069025
3 0.383871 0.499144 0.019355 0.027952
0 0.48629 0.397604 0.010081 0.061609
0 0.461694 0.397034 0.016129 0.069025
2 0.438306 0.424986 0.020161 0.118083
3 0.392742 0.409013 0.016129 0.020536
2 0.361694 0.314889 0.019758 0.021107
2 0.337903 0.314318 0.027016 0.026811
2 0.372177 0.277809 0.021774 0.022818
2 0.342339 0.280091 0.0375 0.02567
2 0.356048 0.243582 0.0625 0.0251
