3 0.28245967741935485 0.14377067883628067 0.039588709677419356 0.01755276668568169
3 0.2857258064516129 0.08295493439817456 0.03763709677419355 0.015442099258414147
2 0.21569354838709676 0.053211637193382774 0.10594354838709678 0.019771819737592695
15 0.406741935483871 0.1459840273816315 0.04009677419354839 0.03511123787792356
11 0.6345161290322581 0.30533941814033083 0.049524193548387094 0.031796919566457506
15 0.12562096774193549 0.09925841414717627 0.04369354838709678 0.038722190530519104
3 0.12034677419354838 0.057586993725042786 0.03842741935483871 0.018009127210496294
2 0.41897580645161286 0.20877353108956076 0.09163709677419354 0.017005134055904165
2 0.07564516129032257 0.08749001711351968 0.025612903225806453 0.08960638904734741
0 0.5448306451612903 0.4890416428978893 0.04932258064516129 0.017358813462635483
2 0.8074032258064515 0.22250998288648033 0.024580645161290323 0.24189389617798063
3 0.27676612903225806 0.1665658870507701 0.03989516129032258 0.018362806617227608
15 0.3683387096774194 0.4421848260125499 0.042943548387096776 0.03579007415858528
0 0.5396935483870968 0.5099657729606389 0.0655241935483871 0.017233314318311467
15 0.3385 0.39063890473474044 0.03900806451612903 0.03273245864232744
2 0.4987983870967742 0.419155733029093 0.021274193548387096 0.03743297204791786
2 0.0735241935483871 0.16361095265259556 0.02130645161290323 0.05741015402167712
2 0.790008064516129 0.39147746719908727 0.020879032258064516 0.051511694238448376
0 0.5418548387096774 0.449218482601255 0.0529758064516129 0.018619509412435824
15 0.15451612903225806 0.10618938961779806 0.03339516129032258 0.03462635482030804
2 0.8544193548387097 0.2533086138049059 0.02529032258064516 0.31364517969195665
15 0.7267983870967742 0.4874215630347975 0.04379032258064516 0.030439247005134056
2 0.2088790322580645 0.39467199087278954 0.018911290322580643 0.04675413576725613
2 0.23047580645161292 0.4278494010268112 0.02135483870967742 0.04629207073588135
8 0.3503951612903226 0.057393040501996576 0.09732258064516129 0.02076440387906446
1 0.28885483870967743 0.3384027381631489 0.017991935483870968 0.03228180262407302
1 0.4853387096774194 0.0853280091272105 0.041435483870967744 0.014791785510553337
2 0.17825 0.21329720479178552 0.07241935483870968 0.021785510553337134
16 0.8447096774193549 0.6591842555618939 0.16248387096774192 0.048893325727324584
2 0.2635483870967742 0.39043354249857387 0.020040322580645163 0.031939532230462066
0 0.5378225806451613 0.051180832857957784 0.06012903225806452 0.015225328009127211
5 0.2370483870967742 0.32741585852823735 0.028443548387096777 0.06925841414717626
2 0.49798387096774194 0.251374786081004 0.04017741935483871 0.2961380490587564
2 0.5418225806451613 0.46768967484312607 0.3093870967741935 0.012361665715915574
1 0.6199758064516129 0.4255790074158585 0.023104838709677417 0.051962350256702795
2 0.8974838709677421 0.2591100969766115 0.02361290322580645 0.3164289788933258
0 0.5413387096774194 0.5725727324586424 0.04839516129032258 0.01526525955504849
