2 0.49226151315789474 0.8601850780798149 0.03113486842105263 0.07334875650665124
2 0.30386513157894735 0.1279120879120879 0.12374177631578948 0.03862348178137652
2 0.5011430921052632 0.4806709080393291 0.016192434210526317 0.10205320994794678
0 0.2842516447368421 0.39679583574320415 0.027993421052631577 0.050294968189705025
3 0.755296052631579 0.8950318102949681 0.0240625 0.03968768074031232
0 0.27241776315789473 0.7797397339502603 0.023050986842105263 0.038328513591671484
0 0.3100986842105263 0.9275303643724696 0.026504934210526312 0.052423366107576634
0 0.3385855263157895 0.3654713707345286 0.02449013157894737 0.06622903412377097
2 0.5452467105263158 0.6710063620589937 0.022532894736842102 0.47144013880855984
0 0.3036842105263158 0.7439155581260845 0.04433388157894737 0.03970503181029497
2 0.4912006578947368 0.7973452862926547 0.016611842105263157 0.030063620589936377
2 0.15610197368421053 0.2615673799884326 0.024605263157894738 0.07448814343551186
3 0.7537006578947368 0.7633024869866976 0.02170230263157895 0.031949103528050894
