2 0.32661915621436716 0.6026230831315577 0.1098859749144812 0.024608555286521387
2 0.675581527936146 0.4638579499596449 0.08059863169897377 0.01764326069410815
2 0.6046294184720639 0.5060694108151735 0.06531356898517673 0.01989507667473769
2 0.43750285062713795 0.6005084745762712 0.11469213226909919 0.027360774818401937
2 0.2091847206385405 0.6055770782889427 0.11480045610034208 0.025375302663438258
11 0.5124173318129989 0.26418886198547215 0.020883694412770812 0.05136400322841001
15 0.3391277080957811 0.2534624697336562 0.022462941847206385 0.02489911218724778
15 0.13429304446978335 0.25634382566585956 0.024258836944127705 0.026924939467312347
2 0.4687115165336374 0.35518966908797417 0.04949828962371721 0.018603712671509284
15 0.5040763968072975 0.595996771589992 0.02171037628278221 0.02625504439063761
11 0.6826510832383124 0.31029862792574653 0.06298745724059293 0.04709443099273608
2 0.16094070695553023 0.3496287328490718 0.05369441277080958 0.024027441485068603
2 0.3212029646522235 0.6389426957223567 0.354327251995439 0.024818401937046004
15 0.25435005701254276 0.5440274414850685 0.020604332953249715 0.02105730427764326
0 0.12034777651083238 0.44899112187247775 0.01710376282782212 0.03765133171912833
2 0.4854675028506271 0.22907183212267956 0.04796465222348917 0.020177562550443905
15 0.6233352337514253 0.5483454398708636 0.021801596351197265 0.026610169491525424
15 0.5652508551881414 0.40836158192090394 0.020359179019384267 0.024810330912025825
15 0.3454218928164196 0.5423890234059725 0.023432155074116306 0.022001614205004037
2 0.6198973774230331 0.2832203389830509 0.04729190421892816 0.01830508474576271
1 0.18788483466362602 0.5311057304277643 0.04689851767388826 0.021606133979015334
0 0.21299885974914481 0.392090395480226 0.022873432155074116 0.049548022598870055
0 0.3192588369441277 0.4429620661824052 0.02160205245153934 0.04080710250201776
15 0.1439053591790194 0.6098466505246166 0.020017103762827823 0.03188054882970137
3 0.6747320410490308 0.35292978208232445 0.032320410490307865 0.015528652138821628
2 0.1592702394526796 0.5853510895883777 0.034446978335233754 0.017732041969330103
2 0.4336716077537058 0.35129943502824856 0.0230672748004561 0.024761904761904763
1 0.19233181299885976 0.24033091202582726 0.02855188141391106 0.022195318805488296
15 0.5958836944127709 0.40975786924939467 0.01692132269099202 0.02221953188054883
1 0.4601710376282782 0.5235431799838579 0.04120866590649943 0.021856335754640837
1 0.23388255416191564 0.5243906376109766 0.020250855188141393 0.02447134786117837
0 0.5280273660205245 0.5006456820016142 0.015068415051311288 0.03838579499596449
2 0.5733580387685291 0.45310734463276836 0.018483466362599774 0.06046004842615012
