10 0.586416 0.203137 0.048514 0.018039
8 0.144936 0.202353 0.058824 0.017255
2 0.627047 0.252549 0.073378 0.020392
2 0.604002 0.321569 0.013948 0.098824
1 0.670103 0.338039 0.043056 0.017255
0 0.578532 0.396863 0.015161 0.072157
15 0.631292 0.420392 0.021831 0.065098
15 0.619163 0.476078 0.050334 0.028235
2 0.350515 0.590588 0.009703 0.012549
2 0.243178 0.328627 0.015767 0.111373
2 0.226804 0.258039 0.066101 0.021176
2 0.184961 0.231373 0.057611 0.021176
0 0.100061 0.398431 0.013948 0.061176
0 0.121286 0.423529 0.021831 0.039216
0 0.273499 0.399216 0.013948 0.073725
1 0.240752 0.44 0.040631 0.016471
7 0.258338 0.52549 0.050334 0.018824
15 0.358399 0.543529 0.026683 0.07451
15 0.146756 0.432157 0.022438 0.065882
15 0.246816 0.480784 0.05094 0.02902
15 0.183141 0.468235 0.048514 0.025882
15 0.132201 0.265098 0.046695 0.031373
15 0.22074 0.370196 0.020619 0.063529
15 0.372347 0.414118 0.048514 0.026667
15 0.37356 0.389804 0.048514 0.024314
