6 0.675382 0.182903 0.011405 0.016302
6 0.5121 0.33002 0.014743 0.009145
8 0.500974 0.270378 0.006954 0.04493
2 0.453686 0.196819 0.028373 0.013917
15 0.489013 0.149105 0.013352 0.018688
15 0.472045 0.178131 0.010014 0.015109
15 0.453686 0.183698 0.01057 0.014314
15 0.465647 0.163419 0.009458 0.015507
15 0.446175 0.167396 0.009736 0.014712
15 0.436161 0.166998 0.008901 0.019085
0 0.475661 0.228628 0.010848 0.039364
0 0.491238 0.213519 0.015021 0.074354
0 0.426704 0.229423 0.010292 0.029423
2 0.455633 0.124056 0.012239 0.015507
2 0.364951 0.185686 0.025313 0.020676
3 0.390264 0.151889 0.011405 0.014314
11 0.378025 0.140755 0.018637 0.017097
11 0.357441 0.139165 0.025313 0.014314
2 0.203338 0.15666 0.084006 0.014314
2 0.151878 0.15666 0.018637 0.013121
2 0.194437 0.13837 0.100695 0.014712
2 0.253686 0.318091 0.018637 0.013519
2 0.197497 0.317694 0.088456 0.014314
2 0.143255 0.318091 0.020862 0.012326
0 0.286787 0.292247 0.011405 0.028628
0 0.263143 0.281113 0.014465 0.05169
0 0.186648 0.27674 0.013908 0.061233
0 0.11516 0.284294 0.012517 0.057256
0 0.094854 0.29662 0.011405 0.036978
8 0.125174 0.5666 0.00751 0.043738
0 0.099026 0.569781 0.008623 0.031014
0 0.115716 0.557058 0.01363 0.06998
15 0.202503 0.518489 0.012796 0.015109
15 0.149652 0.513718 0.009736 0.019483
15 0.13185 0.504573 0.011683 0.015507
2 0.14854 0.536779 0.013352 0.013519
2 0.2 0.537177 0.091238 0.012326
0 0.261474 0.570577 0.015577 0.043738
2 0.19388 0.428628 0.102921 0.026243
2 0.381641 0.508151 0.013908 0.010736
0 0.349374 0.545129 0.01363 0.038569
0 0.332684 0.545129 0.013352 0.029026
0 0.315994 0.547117 0.013908 0.032207
8 0.556328 0.65328 0.007789 0.040954
0 0.546036 0.64175 0.012796 0.071968
2 0.607232 0.615905 0.01669 0.070775
3 0.574409 0.619881 0.014743 0.010338
15 0.5758 0.603181 0.01057 0.014314
15 0.594993 0.594433 0.011683 0.014712
15 0.570793 0.582107 0.01057 0.014314
15 0.57886 0.568191 0.010014 0.014712
15 0.554103 0.594433 0.010848 0.015905
2 0.579694 0.549503 0.030876 0.023459
2 0.554659 0.554672 0.02114 0.013121
1 0.699583 0.622664 0.017524 0.013121
3 0.761335 0.64175 0.016412 0.021471
15 0.734353 0.631809 0.012796 0.0167
15 0.734075 0.614712 0.01363 0.022266
15 0.7363 0.579722 0.012517 0.017097
11 0.724618 0.602386 0.017246 0.031412
2 0.74548 0.654473 0.027816 0.013917
2 0.720445 0.627435 0.008901 0.023062
2 0.750209 0.566203 0.017246 0.013519
2 0.726565 0.566203 0.030876 0.013917
10 0.836161 0.497018 0.036439 0.013917
7 0.764395 0.493042 0.038943 0.014712
15 0.785535 0.382107 0.011683 0.01829
8 0.940751 0.394433 0.008067 0.04334
8 0.918498 0.394036 0.008623 0.044135
8 0.812517 0.36501 0.008901 0.043738
0 0.929903 0.351889 0.01363 0.073956
0 0.909318 0.351093 0.012796 0.074751
0 0.741307 0.357853 0.013074 0.062028
0 0.76217 0.351491 0.015021 0.075149
0 0.802225 0.351093 0.013352 0.06998
15 0.774965 0.281511 0.01057 0.017893
15 0.867316 0.315706 0.011683 0.016302
15 0.918776 0.26998 0.011961 0.016302
15 0.816412 0.270775 0.011127 0.015109
15 0.810014 0.258052 0.011405 0.015507
15 0.789986 0.233797 0.011127 0.015905
2 0.844506 0.267594 0.008901 0.046123
2 0.880389 0.217893 0.017803 0.011133
2 0.845897 0.219085 0.049513 0.011928
2 0.813352 0.219085 0.017246 0.013121
2 0.847566 0.194036 0.084562 0.013519
2 0.8 0.194036 0.010014 0.015507
2 0.783866 0.195229 0.013352 0.016302
2 0.83783 0.172167 0.096245 0.022266
