2 0.2508266818700114 0.4082485875706215 0.14857468643101485 0.023454398708635995
16 0.883945267958951 0.5581517352703793 0.1466248574686431 0.04325262308313156
2 0.2702679589509692 0.15289749798224375 0.28921892816419614 0.03401129943502825
15 0.5022348916761687 0.2871912832929782 0.05857468643101482 0.03134786117836966
2 0.3703990877993158 0.4026553672316384 0.08210376282782211 0.024164648910411625
0 0.4548004561003421 0.40984665052461666 0.026191562143671607 0.11932203389830509
2 0.4336716077537058 0.20324455205811137 0.13470923603192703 0.02949959644874899
0 0.05085518814139111 0.4210330912025827 0.015672748004561 0.027029862792574657
0 0.4913740022805017 0.40274414850686036 0.022468643101482322 0.053793381759483457
15 0.6381014823261117 0.26133979015334946 0.030621436716077536 0.08041162227602905
5 0.46915621436716076 0.2440355125100888 0.06535347776510832 0.022243744955609362
2 0.5714880273660206 0.4657384987893462 0.025467502850627138 0.17246973365617432
2 0.5985290763968073 0.30366424535916064 0.11382554161915621 0.022502017756255044
5 0.061972633979475486 0.19328490718321226 0.059743443557582675 0.019846650524616625
0 0.09006841505131129 0.2899192897497982 0.01829532497149373 0.04171912832929782
8 0.5741049030786773 0.17214689265536723 0.08314709236031927 0.02096852300242131
3 0.5737343215507412 0.574317998385795 0.045102622576966934 0.021485068603712673
