2 0.2872983870967742 0.19928123217341698 0.08504435483870967 0.022179121505989732
2 0.6587459677419355 0.1702681118083286 0.17343548387096774 0.0314717626925271
2 0.2957217741935484 0.16195664575014262 0.09777822580645161 0.020581859669138617
2 0.30215322580645165 0.6294922989161438 0.09277016129032258 0.022344552196235025
2 0.3223104838709678 0.1287164860239589 0.1501693548387097 0.024557900741585852
2 0.2957701612903226 0.6657729606389047 0.1056733870967742 0.025265259555048488
2 0.2480685483870968 0.5952481460353679 0.028181451612903224 0.02305191100969766
2 0.2450927419354839 0.6283456930975471 0.030588709677419355 0.021625784369652023
0 0.488116935483871 0.41219053051911014 0.01802016129032258 0.06057045065601826
0 0.4600443548387097 0.41573302909298343 0.01740322580645161 0.03958357102110668
0 0.17918145161290322 0.41295493439817454 0.02090725806451613 0.0872561323445522
11 0.2885927419354839 0.5545636052481461 0.022786290322580643 0.0801996577296064
0 0.13210483870967743 0.40862521391899603 0.01766532258064516 0.036754135767256134
0 0.15677822580645162 0.42960638904734744 0.015709677419354837 0.06904164289788933
2 0.37432258064516133 0.1648031945236737 0.06708467741935484 0.02286936679977182
0 0.4363911290322581 0.4140730176839703 0.01806048387096774 0.05537934968625214
3 0.22214112903225805 0.35354820308043355 0.03033870967741935 0.04508271534512265
2 0.419616935483871 0.1613348545350827 0.0459758064516129 0.031831146605818594
3 0.3741491935483871 0.4771705647461495 0.03645967741935484 0.03856816885339418
2 0.3437983870967742 0.20288077581289218 0.02711290322580645 0.019908727895037077
3 0.3694596774193548 0.5320250998288648 0.02450806451612903 0.025367940673131775
2 0.8124153225806452 0.42024529378208786 0.03406451612903226 0.21341129492298916
