2 0.25752419354838707 0.6288705077010839 0.018576612903225806 0.07738733599543639
2 0.6546653225806451 0.4350256702795208 0.12332258064516129 0.02390188248716486
2 0.5084798387096774 0.14808899030233885 0.41104435483870966 0.02701654306902453
2 0.4213225806451613 0.46729606389047346 0.21568548387096773 0.022624073017683967
2 0.27954032258064515 0.6113976041072448 0.017580645161290324 0.04094124358243012
15 0.7312983870967742 0.5056759840273817 0.022903225806451613 0.022521391899600684
2 0.45526612903225805 0.4351968054763263 0.2929435483870968 0.02724472333143183
2 0.4255 0.7009298345693098 0.22879032258064516 0.023930405019965774
2 0.7422459677419355 0.6242726754135767 0.018516129032258064 0.08896748431260697
2 0.25772177419354836 0.24305761551625785 0.022326612903225806 0.10121505989731888
2 0.7415725806451613 0.5508956075299487 0.018987903225806454 0.06843696520250998
11 0.5503870967741936 0.5028009127210497 0.04675 0.03626925270964061
2 0.7641975806451613 0.59593839132915 0.02131451612903226 0.16640616086708498
2 0.27998387096774197 0.6474614945807188 0.019052419354838708 0.04462065031374786
11 0.5541411290322581 0.6115801483171706 0.037463709677419355 0.03177980604677695
3 0.5009032258064516 0.5528750713063321 0.019766129032258065 0.026155162578436968
2 0.6916451612903226 0.46430119794637764 0.05511693548387097 0.018088990302338848
2 0.27675806451612905 0.2718938961779806 0.0195241935483871 0.04900741585852823
3 0.5576612903225806 0.6966229321163719 0.02077016129032258 0.027484312606959497
3 0.2918064516129032 0.3074101540216771 0.018245967741935484 0.017592698231602966
2 0.5714677419354839 0.5728978893325727 0.040552419354838706 0.04697661152310325
6 0.20590725806451612 0.49402738163148885 0.023310483870967742 0.01648602395892755
2 0.7459314516129033 0.47796349115801484 0.016733870967741937 0.055385054192812325
