15 0.6814980392156863 0.062690992018244 0.039819607843137254 0.03188711516533638
15 0.7724313725490196 0.08898517673888257 0.04403921568627451 0.029566704675028505
15 0.4711294117647059 0.45765108323831244 0.03533333333333333 0.03460661345496009
2 0.3535450980392157 0.6914481185860889 0.025749019607843135 0.13557582668187002
2 0.2574901960784314 0.1539794754846066 0.023388235294117647 0.10575256556442418
0 0.5162274509803922 0.2404503990877993 0.14191372549019607 0.025119726339794757
15 0.4661647058823529 0.14204675028506272 0.03436862745098039 0.03289053591790194
15 0.6834274509803921 0.527599771949829 0.03608627450980392 0.02555872291904219
15 0.7228 0.5574173318129989 0.040454901960784315 0.028511972633979473
0 0.5073176470588235 0.4289680729760547 0.046298039215686274 0.02481185860889396
0 0.5028156862745098 0.019646522234891675 0.08734901960784314 0.035638540478905356
2 0.30899607843137256 0.13620866590649944 0.021709803921568627 0.07565564424173317
1 0.46404705882352937 0.3036202964652223 0.04606274509803921 0.02252565564424173
0 0.5781019607843138 0.2844127708095781 0.08130196078431372 0.021436716077537058
15 0.39736470588235295 0.1707981755986317 0.04402352941176471 0.029047890535917904
11 0.7037490196078431 0.12046750285062714 0.05725490196078432 0.03543329532497149
0 0.2602980392156863 0.044481185860889394 0.07138039215686275 0.0296921322690992
3 0.34941960784313725 0.0631527936145952 0.023694117647058824 0.0596921322690992
2 0.6269803921568627 0.04269669327251995 0.07950588235294118 0.017611174458380844
1 0.34763921568627454 0.5713625997719498 0.024862745098039214 0.064327251995439
15 0.4090901960784314 0.04153363740022805 0.039286274509803924 0.027303306727480044
15 0.7652 0.12103762827822122 0.027184313725490194 0.022462941847206385
2 0.30723921568627455 0.4307810718358039 0.03512156862745098 0.21398517673888254
2 0.3006980392156863 0.22474344355758266 0.03112941176470588 0.03517103762827822
15 0.46705882352941175 0.5560433295324971 0.030894117647058825 0.023523375142531357
15 0.339443137254902 0.1563854047890536 0.03898039215686275 0.03047320410490308
15 0.48029803921568626 0.08714937286202966 0.04413333333333334 0.026733181299885975
15 0.6733725490196079 0.27882554161915624 0.040454901960784315 0.033683010262257694
16 0.797678431372549 0.7378278221208666 0.208156862745098 0.044908779931584944
0 0.5030980392156863 0.5691448118586089 0.04413333333333334 0.028335233751425316
0 0.6086431372549019 0.5605872291904219 0.09341176470588235 0.025131128848346635
0 0.4979529411764706 0.052394526795895104 0.04265882352941176 0.016037628278221208
0 0.5317803921568627 0.07003990877993158 0.06767058823529412 0.02887115165336374
0 0.566721568627451 0.03608893956670468 0.06251764705882353 0.019783352337514253
5 0.25375686274509807 0.36303306727480045 0.057372549019607845 0.07592360319270239
2 0.35746666666666665 0.41489737742303306 0.0456 0.18819840364880275
2 0.7064705882352941 0.25396237172177877 0.031631372549019605 0.2352508551881414
11 0.6877176470588235 0.39003420752565565 0.04854117647058823 0.03689281641961231
2 0.7403058823529411 0.31999429874572405 0.027215686274509807 0.44323261117445834
5 0.16549019607843138 0.04865450399087799 0.04265882352941176 0.07378563283922462
5 0.172478431372549 0.5996180159635119 0.050752941176470584 0.07752565564424173
0 0.5762823529411765 0.08928734321550742 0.046337254901960785 0.018175598631698972
2 0.3607764705882353 0.16334093500570127 0.019858823529411766 0.05506841505131129
