2 0.696774 0.699145 0.020968 0.045584
0 0.383065 0.288889 0.022581 0.017094
2 0.391129 0.255271 0.027419 0.048433
2 0.622581 0.267236 0.032258 0.05584
2 0.51371 0.248433 0.015323 0.02906
2 0.769355 0.230199 0.016129 0.063818
2 0.748387 0.248433 0.014516 0.034188
2 0.748387 0.209117 0.019355 0.019373
15 0.727419 0.271795 0.027419 0.015385
0 0.621774 0.302564 0.039516 0.013675
0 0.622581 0.328205 0.044355 0.013675
0 0.370968 0.592593 0.073387 0.023932
0 0.376613 0.573789 0.051613 0.015954
3 0.325 0.546439 0.031452 0.022222
15 0.310484 0.585755 0.021774 0.017664
15 0.331452 0.57037 0.024194 0.019943
15 0.370161 0.528205 0.022581 0.012536
2 0.405645 0.5151 0.037903 0.062108
2 0.847581 0.585185 0.022581 0.231909
2 0.819355 0.683761 0.023387 0.038177
2 0.815323 0.568661 0.020968 0.197721
2 0.78871 0.660969 0.019355 0.02906
2 0.78629 0.607977 0.021774 0.081481
2 0.787903 0.529915 0.022581 0.073504
2 0.78871 0.480912 0.021774 0.02906
2 0.758065 0.589174 0.033065 0.044444
2 0.760484 0.546439 0.027419 0.048433
3 0.562903 0.691738 0.019355 0.014245
11 0.578226 0.666667 0.05 0.025071
11 0.71371 0.687179 0.032258 0.037037
0 0.621774 0.757265 0.035484 0.011966
0 0.624194 0.737322 0.033065 0.015385
0 0.625 0.719658 0.039516 0.014815
2 0.457258 0.606838 0.019355 0.190883
2 0.495968 0.639886 0.020161 0.060399
2 0.496774 0.566952 0.026613 0.088319
2 0.495161 0.497436 0.024194 0.060399
2 0.689516 0.437037 0.03629 0.013675
2 0.651613 0.437037 0.05 0.013105
2 0.599194 0.437607 0.057258 0.013105
2 0.554032 0.438746 0.031452 0.014245
2 0.622581 0.414245 0.166935 0.015954
