11 0.7567016129032258 0.4701939532230462 0.027870967741935485 0.07884198516828295
8 0.660258064516129 0.5021163719338277 0.014455645161290323 0.06557900741585852
0 0.5587217741935484 0.4160524814603537 0.021842741935483873 0.08936109526525955
2 0.16274596774193548 0.23392470051340558 0.018935483870967742 0.06473474044495152
0 0.531608870967742 0.41160867084997144 0.028326612903225808 0.09037079292641186
2 0.2681008064516129 0.2343810610382202 0.017504032258064513 0.055487735310895604
2 0.6096854838709678 0.15394751853964633 0.029991935483870965 0.016668568168853395
0 0.29708870967741935 0.42131203650884197 0.03636693548387097 0.018665145464917283
2 0.15631854838709677 0.52 0.01942741935483871 0.06282943525385054
2 0.5357822580645162 0.09792926411865373 0.05708870967741936 0.017775242441528807
2 0.48223387096774195 0.14563034797490015 0.01669758064516129 0.061968054763262975
3 0.5399072580645161 0.14589275527666856 0.02180241935483871 0.025459212778094695
7 0.5649516129032258 0.6752082144894467 0.05120967741935484 0.01695379349686252
0 0.2931008064516129 0.45262977752424416 0.040245967741935486 0.022698231602966343
0 0.6486814516129032 0.4138049058756417 0.017112903225806452 0.08701654306902452
15 0.5841814516129032 0.35026811180832856 0.01590725806451613 0.0162749572162008
2 0.5998951612903226 0.1776041072447233 0.02824193548387097 0.013628066172276099
2 0.26877016129032255 0.19520821448944667 0.015362903225806452 0.025744438106103825
15 0.557491935483871 0.2114432401597262 0.01651209677419355 0.018328579577866516
8 0.5507862903225806 0.5029150028522533 0.013935483870967743 0.06817455790074159
2 0.26856451612903226 0.2773930405019966 0.01667741935483871 0.02344552196235026
6 0.6858790322580646 0.12186537364517969 0.019088709677419356 0.011699942954934399
15 0.6288387096774194 0.35069024529378207 0.014725806451612904 0.015482030804335425
0 0.3041129032258065 0.2938961779806047 0.04998790322580645 0.029361095265259554
15 0.6083709677419354 0.24543639475185397 0.015923387096774193 0.016674272675413576
0 0.2975201612903226 0.13793496862521393 0.035116935483870966 0.018819167142042216
0 0.3012298387096774 0.16150028522532803 0.061104838709677416 0.025750142612664007
15 0.6497459677419355 0.20066742726754136 0.01809274193548387 0.03237877923559612
15 0.21799596774193547 0.4759840273816315 0.017318548387096774 0.0194124358243012
2 0.6253185483870968 0.17827723901882486 0.022415322580645162 0.014324015972618368
