15 0.86371 0.3166 0.015726 0.022248
10 0.770968 0.676554 0.035081 0.016543
8 0.697984 0.508272 0.012097 0.06332
8 0.667339 0.50656 0.0125 0.06275
2 0.767339 0.636052 0.064516 0.046777
2 0.734677 0.495151 0.05 0.018254
11 0.743548 0.296064 0.033468 0.091843
15 0.758065 0.296634 0.016532 0.023959
15 0.822177 0.370222 0.019758 0.021107
15 0.719355 0.413006 0.014919 0.022248
15 0.735081 0.387906 0.014113 0.024529
15 0.706452 0.351968 0.018548 0.021677
15 0.677823 0.30405 0.016935 0.021107
2 0.793145 0.26526 0.017339 0.017684
2 0.770968 0.26526 0.025 0.018254
2 0.789516 0.235596 0.031855 0.021107
2 0.752016 0.235026 0.044355 0.022818
2 0.767339 0.207644 0.074597 0.027382
0 0.881452 0.463776 0.016935 0.045066
0 0.839516 0.440958 0.02379 0.116942
0 0.683065 0.433542 0.022581 0.099258
0 0.649194 0.435254 0.02621 0.084997
3 0.6 0.478038 0.027419 0.031945
3 0.597581 0.409013 0.033871 0.037079
2 0.528226 0.431261 0.024597 0.107815
15 0.56129 0.454079 0.013306 0.020536
15 0.547984 0.443811 0.015323 0.018825
15 0.565323 0.58186 0.016129 0.026811
2 0.50121 0.614375 0.146371 0.035368
15 0.187903 0.510553 0.020565 0.029093
0 0.179032 0.644609 0.022177 0.036509
0 0.153629 0.640046 0.022984 0.06275
2 0.264113 0.483742 0.105242 0.035368
0 0.18629 0.313748 0.020565 0.039361
0 0.158871 0.289789 0.022984 0.094695
0 0.1375 0.305191 0.020565 0.046207
2 0.256855 0.150029 0.068952 0.029093
2 0.205242 0.146606 0.030242 0.029093
2 0.272984 0.11409 0.110484 0.031375
