13 0.815323 0.437856 0.039113 0.014823
2 0.832661 0.342645 0.011694 0.106043
2 0.816532 0.344926 0.007661 0.116306
2 0.804032 0.324401 0.015726 0.098062
0 0.742339 0.315279 0.029839 0.076397
0 0.817339 0.265108 0.044355 0.014823
0 0.822581 0.246294 0.052823 0.014253
2 0.754839 0.22805 0.075806 0.014253
15 0.76129 0.262258 0.014113 0.018244
15 0.757661 0.240023 0.017339 0.014823
15 0.708871 0.238312 0.015323 0.021665
2 0.758871 0.199544 0.052419 0.018814
2 0.706452 0.200114 0.054032 0.019954
15 0.635484 0.367161 0.019355 0.026226
15 0.6375 0.330673 0.022177 0.025656
0 0.585081 0.36146 0.0125 0.082098
0 0.556452 0.36374 0.022984 0.081528
8 0.520565 0.469783 0.052823 0.011403
15 0.443145 0.405929 0.017742 0.023375
2 0.397984 0.395097 0.071774 0.017674
15 0.532661 0.254846 0.022177 0.026226
2 0.41371 0.2252 0.065726 0.034208
2 0.483065 0.230901 0.075806 0.017674
15 0.399597 0.18301 0.020968 0.024515
15 0.48629 0.18358 0.019355 0.026226
2 0.441129 0.173318 0.052823 0.017104
2 0.910887 0.68016 0.008871 0.102623
2 0.86129 0.677879 0.076613 0.013683
2 0.770161 0.684721 0.011694 0.118016
11 0.717339 0.684151 0.013306 0.017674
2 0.719355 0.651653 0.07621 0.019384
3 0.625 0.718358 0.025806 0.021665
3 0.552016 0.72634 0.019758 0.011403
2 0.512903 0.675599 0.008871 0.103763
2 0.244758 0.598632 0.022984 0.097491
2 0.1875 0.604333 0.014516 0.082098
3 0.170968 0.428734 0.020565 0.015393
3 0.118145 0.351767 0.017339 0.024515
3 0.199597 0.32041 0.015726 0.023945
11 0.187097 0.293615 0.016935 0.041619
11 0.166129 0.291904 0.013306 0.036488
2 0.225403 0.265108 0.019355 0.068985
2 0.193145 0.241163 0.03871 0.018244
2 0.116532 0.261117 0.018952 0.075257
11 0.188306 0.162486 0.018145 0.047891
11 0.142742 0.164766 0.021371 0.051881
7 0.200403 0.13455 0.046371 0.012543
7 0.132661 0.13455 0.039516 0.011973
2 0.196371 0.106613 0.056855 0.030217
2 0.133468 0.105473 0.052419 0.033067
