15 0.589766129032258 0.14479178551055333 0.037806451612903226 0.030718767826583
1 0.4077096774193548 0.38356531660011406 0.021225806451612903 0.04860810039931546
15 0.6971854838709677 0.15448374215630348 0.03855645161290323 0.030148317170564747
5 0.7761290322580645 0.054826012549914434 0.1000241935483871 0.020633200228180264
15 0.41623387096774195 0.1531374786081004 0.039911290322580645 0.0326811180832858
0 0.36580645161290326 0.27387335995436396 0.016911290322580645 0.04424985738733599
0 0.3101774193548387 0.26907016543069023 0.018443548387096775 0.035984027381631485
16 0.852241935483871 0.6557330290929835 0.12595967741935485 0.042954934398174556
1 0.714983870967742 0.47860810039931545 0.020016129032258065 0.048357102110667426
10 0.5924435483870968 0.06859669138619509 0.14478225806451614 0.02030804335424986
2 0.553016129032258 0.05625784369652025 0.24005645161290323 0.027558471192241873
1 0.757241935483871 0.39038790644609245 0.0685241935483871 0.013348545350827152
