15 0.38273090079817557 0.4638951612903226 0.061505131128848346 0.025911290322580646
16 0.9008266818700114 0.6844354838709678 0.14872862029646522 0.04239516129032258
11 0.3031927023945268 0.3150403225806451 0.1387685290763968 0.11566129032258063
1 0.6848289623717219 0.3852016129032258 0.07744013683010263 0.02129032258064516
0 0.07114025085518814 0.3762258064516129 0.038899657924743446 0.03662096774193548
15 0.7282212086659064 0.2982016129032258 0.05552451539338654 0.027451612903225807
7 0.552109464082098 0.6207741935483871 0.06907069555302167 0.02104032258064516
12 0.4163112884834664 0.6929838709677419 0.10075256556442418 0.018629032258064518
15 0.6017217787913341 0.27269354838709675 0.027964652223489168 0.07484677419354839
15 0.5626054732041049 0.5688387096774193 0.053603192702394525 0.027717741935483868
1 0.6798631698973774 0.6663548387096774 0.0442018244013683 0.013596774193548386
15 0.639709236031927 0.2664193548387097 0.025410490307867732 0.07173387096774193
2 0.5784036488027365 0.21778225806451615 0.09782782212086659 0.031346774193548387
7 0.6849429874572407 0.6193145161290323 0.0680387685290764 0.020870967741935482
0 0.7477993158494869 0.4719758064516129 0.016750285062713796 0.057499999999999996
15 0.38534777651083235 0.4901612903225806 0.05265678449258837 0.01921774193548387
0 0.39406499429874575 0.6714758064516129 0.056539338654503994 0.016346774193548387
2 0.42583808437856324 0.41311290322580646 0.01936145952109464 0.10029032258064516
0 0.48449258836944126 0.29096774193548386 0.022599771949828963 0.1414758064516129
