11 0.836538 0.440204 0.076923 0.176421
11 0.75601 0.435115 0.084135 0.161154
11 0.689303 0.306192 0.096154 0.128923
11 0.633413 0.425785 0.031851 0.108567
7 0.295673 0.426633 0.060096 0.020356
7 0.410457 0.431722 0.057692 0.019508
0 0.519832 0.458015 0.045673 0.021204
2 0.595553 0.463104 0.021635 0.333333
2 0.336538 0.653096 0.032452 0.01866
2 0.288462 0.682782 0.13101 0.019508
0 0.359976 0.531807 0.027043 0.021204
0 0.397837 0.53944 0.027043 0.016115
8 0.44351 0.543681 0.052284 0.017812
2 0.498798 0.501272 0.033053 0.019508
2 0.426683 0.498728 0.11899 0.030534
2 0.355769 0.496183 0.028245 0.019508
2 0.28726 0.496183 0.111779 0.024597
2 0.216346 0.496183 0.034856 0.014419
0 0.173077 0.466497 0.049279 0.025445
0 0.058894 0.33503 0.039062 0.025445
2 0.212139 0.178117 0.053486 0.016115
2 0.355168 0.152672 0.269832 0.034775
1 0.513822 0.225615 0.029447 0.016115
8 0.555288 0.253605 0.050481 0.01866
7 0.539062 0.169635 0.051683 0.019508
2 0.459135 0.186599 0.063101 0.020356
2 0.372596 0.184902 0.107572 0.019508
2 0.277644 0.180662 0.080529 0.014419
8 0.278846 0.247668 0.055889 0.023749
7 0.284856 0.201866 0.057091 0.025445
7 0.163462 0.147583 0.061298 0.02799
