15 0.460443 0.323137 0.024856 0.032549
15 0.525008 0.314118 0.030009 0.030196
2 0.682328 0.303529 0.092149 0.015686
2 0.731434 0.287059 0.193392 0.014902
2 0.668991 0.26902 0.123977 0.01451
2 0.729312 0.24902 0.242801 0.017647
13 0.913004 0.312549 0.062443 0.016863
0 0.891785 0.288627 0.041528 0.018039
0 0.89512 0.263529 0.03395 0.014118
0 0.929373 0.369412 0.044256 0.02902
12 0.939679 0.427451 0.061534 0.019608
2 0.909366 0.514902 0.036072 0.055294
12 0.939376 0.674118 0.062746 0.019216
0 0.930888 0.612549 0.050015 0.035686
15 0.688087 0.537255 0.026069 0.031765
15 0.690512 0.505882 0.028493 0.036078
12 0.541982 0.532549 0.050318 0.016863
12 0.543801 0.513725 0.05244 0.020784
0 0.529554 0.384706 0.040618 0.034902
0 0.495605 0.407843 0.040315 0.028627
0 0.461049 0.470588 0.04759 0.027059
15 0.458624 0.456078 0.000303 0.000392
15 0.44953 0.418039 0.020612 0.032549
5 0.420127 0.395686 0.067899 0.020392
5 0.400121 0.423137 0.070324 0.021176
15 0.407699 0.446275 0.025159 0.032157
2 0.252804 0.775294 0.131858 0.019216
2 0.230373 0.756863 0.090937 0.017647
3 0.152774 0.754118 0.034253 0.014118
15 0.327675 0.570196 0.025159 0.040784
15 0.217339 0.572157 0.02334 0.037255
2 0.189451 0.467059 0.077902 0.016471
15 0.169748 0.418431 0.02334 0.032157
5 0.116096 0.412157 0.067899 0.021569
5 0.087602 0.329412 0.057896 0.021569
2 0.141861 0.318039 0.030009 0.077647
15 0.174295 0.326275 0.024553 0.032157
2 0.190058 0.273333 0.069112 0.018431
2 0.271901 0.26902 0.094271 0.020392
0 0.43498 0.258431 0.038497 0.020392
7 0.352531 0.249412 0.070021 0.018824
7 0.193089 0.247843 0.07184 0.020392
15 0.175508 0.220784 0.023037 0.035294
15 0.370415 0.220784 0.025159 0.040392
2 0.271901 0.221569 0.166717 0.018431
