16 0.9454453849254333 0.6606784492588369 0.060717452640064486 0.033694412770809576
15 0.43910923014913344 0.5386944127708095 0.024308746473196294 0.028038768529076396
11 0.7030229746070134 0.33983466362599773 0.024276501410721484 0.04075256556442418
15 0.15230955259975815 0.5270353477765108 0.020439338976219266 0.02409920182440137
5 0.12163643692059652 0.5567616875712657 0.04457073760580411 0.019401368301026227
1 0.4043087464731963 0.267981755986317 0.023784764207980653 0.013665906499429874
1 0.1509230149133414 0.27304446978335234 0.02513905683192261 0.011915621436716076
1 0.4101168883514712 0.5049144811858609 0.020205562273276904 0.014549600912200684
2 0.8654171704957678 0.35779931584948693 0.014425634824667473 0.06989737742303306
8 0.16267230955259976 0.173460661345496 0.054405481660620716 0.019897377423033068
15 0.15055622732769045 0.2134435575826682 0.019242241031842 0.023135689851767387
2 0.6285288190245869 0.35712656784492586 0.011330108827085851 0.06753135689851768
2 0.2965255945183394 0.5525199543899658 0.26671100362756955 0.01700114025085519
3 0.17240225715437324 0.3352223489167617 0.023486497380088674 0.020763968072976056
1 0.18529625151148732 0.5057867730900798 0.028085449415558246 0.014595210946408211
2 0.4307376058041113 0.20620866590649942 0.03630794034663442 0.016385404789053593
3 0.65906892382104 0.25083238312428735 0.023841193067311566 0.014287343215507411
15 0.7693027005239823 0.4408095781071836 0.019230149133413945 0.02870011402508552
10 0.2953446191051995 0.5672919042189282 0.036195082627972594 0.01947548460661345
3 0.176062071745264 0.37217217787913337 0.027380088673921808 0.023580387685290763
0 0.12328899637243047 0.3598688711516534 0.011197097944377267 0.07992588369441277
2 0.17641273679967756 0.20247434435575826 0.028057234985892784 0.0211345496009122
