2 0.189516 0.593269 0.052419 0.017114
11 0.434677 0.626925 0.047581 0.062179
2 0.581452 0.471763 0.095968 0.017684
2 0.508871 0.470622 0.049194 0.017114
2 0.554839 0.440388 0.144355 0.021677
2 0.556452 0.673132 0.120161 0.0251
2 0.375 0.665145 0.034677 0.041072
2 0.378226 0.577867 0.03871 0.13976
2 0.33629 0.572162 0.042742 0.162578
3 0.644355 0.474044 0.033871 0.023959
3 0.574194 0.526526 0.035484 0.032516
3 0.512097 0.545351 0.033871 0.023959
3 0.237903 0.475756 0.033871 0.023959
3 0.132258 0.484313 0.033871 0.023959
3 0.660484 0.358813 0.033871 0.023959
3 0.45 0.324586 0.033871 0.023959
2 0.41129 0.337707 0.034677 0.03765
2 0.603226 0.284084 0.045968 0.023959
2 0.556452 0.285796 0.044355 0.024529
2 0.509677 0.284655 0.045968 0.023959
