8 0.13941935483870968 0.23800342270393612 0.02313709677419355 0.07218482601254991
16 0.8210806451612903 0.6259954363947517 0.12120967741935484 0.046982316029663435
15 0.2208306451612903 0.09520821448944666 0.03880645161290323 0.034649172846548774
15 0.24258064516129033 0.19806046776953792 0.03883870967741935 0.030233884768967486
0 0.3986048387096774 0.24169994295493438 0.016483870967741936 0.04389617798060468
15 0.3223145161290323 0.19839703365658873 0.044000000000000004 0.032458642327438676
0 0.11354032258064516 0.2435596120935539 0.016096774193548387 0.04401026811180833
5 0.1850241935483871 0.14083856246434684 0.1005483870967742 0.020011409013120363
15 0.3221612903225807 0.14266400456360526 0.042483870967741935 0.03289218482601255
2 0.6026290322580645 0.2510496292070736 0.020016129032258065 0.05213348545350827
10 0.3808548387096774 0.0932002281802624 0.08570967741935484 0.021728465487735313
