0 0.5897607843137256 0.5239842328684051 0.061827450980392155 0.03646452395391146
10 0.3424078431372549 0.342504548211037 0.0623843137254902 0.021103699211643418
11 0.24498039215686276 0.6034323832625833 0.024972549019607843 0.07298969072164949
0 0.6584588235294118 0.4915888417222559 0.0623764705882353 0.019217707701637356
2 0.5129607843137255 0.49894481503941784 0.0925607843137255 0.01520315342631898
2 0.3941372549019608 0.27232868405093996 0.21847450980392158 0.017956337174044875
15 0.2083019607843137 0.3983565797453002 0.026109803921568628 0.03688902365069739
1 0.5937019607843137 0.6087810794420861 0.04728627450980392 0.01681625227410552
3 0.3606509803921569 0.4822801697998787 0.052015686274509795 0.015779260157671317
15 0.6373686274509803 0.5667313523347484 0.022819607843137253 0.03434202546998181
15 0.20304313725490195 0.45897513644633114 0.022023529411764706 0.03670709520921771
15 0.27865098039215686 0.39269860521528194 0.025850980392156865 0.03351728320194057
5 0.5886078431372549 0.5508186779866585 0.060137254901960785 0.021061249241964824
2 0.5092666666666668 0.47134627046694966 0.08369803921568628 0.014445118253486962
0 0.23721960784313725 0.5024924196482717 0.06574509803921569 0.030048514251061247
15 0.2279372549019608 0.43827774408732567 0.026168627450980395 0.039551243177683444
0 0.13403921568627453 0.4890054578532444 0.06310980392156863 0.021752577319587626
2 0.16285098039215687 0.4187750151607034 0.04108627450980392 0.08451788963007884
5 0.24003529411764707 0.5328198908429351 0.06405490196078431 0.022061855670103093
2 0.3190627450980392 0.3242935112189205 0.10473725490196077 0.01813826561552456
2 0.2630313725490196 0.3584536082474227 0.07790588235294117 0.01713159490600364
2 0.29078039215686274 0.6541964827167981 0.07370196078431372 0.018665858095815648
2 0.5069843137254901 0.6595391146149181 0.0596235294117647 0.03637355973317162
1 0.3678470588235294 0.6872468162522741 0.05091764705882353 0.027501516070345663
0 0.18216470588235292 0.5393329290479079 0.03750980392156863 0.025112189205579137
7 0.13392941176470588 0.5127835051546392 0.06059215686274509 0.025748938750758035
15 0.4725725490196078 0.526543359611886 0.02672941176470588 0.034899939357186174
15 0.4893137254901961 0.5565858095815646 0.021662745098039216 0.03654335961188599
11 0.5303490196078432 0.6081928441479685 0.019992156862745098 0.06613098847786537
