2 0.765682001614205 0.25229190421892816 0.020597255851493138 0.07590079817559862
16 0.4512671509281679 0.8751596351197263 0.055827280064568205 0.09080387685290764
0 0.6295560936238902 0.4574629418472064 0.06387409200968523 0.016482326111744584
2 0.8239305891848265 0.2477993158494869 0.022308313155770785 0.1282896237172178
2 0.7919612590799031 0.21604332953249714 0.021711057304277644 0.05671607753705816
2 0.6519935431799839 0.3472519954389966 0.018934624697336564 0.04647662485746864
15 0.6758514931396288 0.38972633979475485 0.03493139628732849 0.02453249714937286
2 0.6114850686037127 0.32349486887115164 0.02129136400322841 0.09852907639680729
1 0.5174011299435027 0.3936431014823261 0.018926553672316385 0.034418472063854046
0 0.6143260694108151 0.4047491448118586 0.05083938660209847 0.018010262257696693
0 0.640637610976594 0.4346864310148233 0.09034705407586763 0.020364880273660204
2 0.8507344632768361 0.2771835803876853 0.02139628732849072 0.18369441277080958
0 0.6392413236481033 0.12306157354618015 0.06707828894269573 0.014732041049030786
1 0.4924051654560129 0.3480387685290764 0.020048426150121066 0.03668757126567845
0 0.6236723163841809 0.14947548460661345 0.09000000000000001 0.016744583808437855
1 0.4680548829701372 0.30021094640820983 0.017376916868442293 0.0314994298745724
