15 0.35072405929304445 0.08852419354838709 0.057884834663626 0.03433064516129032
0 0.4240877993158495 0.4296854838709677 0.018095781071835803 0.0837741935483871
5 0.4444697833523375 0.22928225806451613 0.06793044469783352 0.02186290322580645
0 0.4510319270239453 0.42920967741935484 0.01589509692132269 0.053298387096774195
15 0.4498175598631699 0.2765241935483871 0.05492588369441277 0.028161290322580648
1 0.6695381984036487 0.49998387096774194 0.056083238312428736 0.015693548387096776
2 0.510678449258837 0.18387096774193548 0.0598460661345496 0.019870967741935485
2 0.5084207525655644 0.1482741935483871 0.07163055872291904 0.01895967741935484
2 0.7222291904218928 0.5636129032258065 0.04241163055872292 0.017161290322580645
3 0.8075370581527936 0.5453951612903225 0.029817559863169897 0.037048387096774195
0 0.564800456100342 0.4339758064516129 0.02039908779931585 0.17084677419354838
8 0.6190079817559864 0.5942419354838709 0.0807981755986317 0.0195
0 0.3822291904218928 0.4313225806451613 0.02145952109464082 0.20105645161290323
2 0.7203420752565565 0.5888387096774194 0.04399087799315849 0.02616935483870968
2 0.70787913340935 0.5330806451612903 0.05397377423033067 0.015314516129032257
3 0.5414196123147093 0.26529032258064517 0.04094070695553022 0.024379032258064516
15 0.5467730900798176 0.3228709677419355 0.055461801596351196 0.026137096774193545
2 0.7517673888255416 0.40618548387096776 0.06240592930444697 0.019072580645161288
2 0.8130615735461801 0.4776532258064516 0.018654503990877994 0.08960483870967742
11 0.7657126567844925 0.4481048387096774 0.021476624857468644 0.02846774193548387
