6 0.63871 0.115483 0.018548 0.043912
3 0.665726 0.339892 0.029839 0.023382
2 0.692742 0.328486 0.018548 0.040205
5 0.895161 0.380952 0.018548 0.045053
1 0.87379 0.343599 0.018952 0.031081
2 0.93871 0.301682 0.016935 0.104078
5 0.895968 0.197035 0.019355 0.045623
1 0.872581 0.226689 0.018548 0.032792
2 0.721371 0.26775 0.022581 0.040776
2 0.691532 0.260907 0.018548 0.026233
0 0.537903 0.212432 0.032258 0.031651
1 0.466935 0.228115 0.012097 0.02937
1 0.349194 0.368976 0.018952 0.032792
1 0.466129 0.369547 0.015726 0.031651
5 0.670968 0.40633 0.016129 0.043627
0 0.659677 0.44568 0.057258 0.014257
0 0.562903 0.420017 0.03629 0.011691
0 0.533871 0.395495 0.033065 0.011406
