2 0.3651321695760599 0.7228499095840868 0.08281296758104738 0.0310126582278481
2 0.5031645885286783 0.3179493670886076 0.24079800498753118 0.019869801084990958
0 0.2419226932668329 0.5805352622061483 0.046426433915211965 0.020151898734177214
2 0.6954039900249377 0.3835262206148282 0.07612967581047381 0.01769620253164557
11 0.7238329177057357 0.47822061482820977 0.03209476309226932 0.0907992766726944
8 0.8940623441396509 0.5444122965641953 0.07681795511221946 0.027385171790235082
11 0.4756359102244389 0.45842314647377935 0.02681047381546135 0.10332730560578661
2 0.5343940149625935 0.2715913200723327 0.29999002493765586 0.02026763110307414
0 0.18536159600997504 0.5213056057866184 0.047897755610972564 0.020047016274864375
2 0.4132443890274314 0.3936166365280289 0.07593516209476309 0.0175623869801085
2 0.41271072319201996 0.3573092224231465 0.07434413965087282 0.01760216998191682
2 0.690783042394015 0.6807884267631104 0.08925935162094763 0.02081735985533454
15 0.6686109725685786 0.44340687160940323 0.029678304239401498 0.03561663652802893
14 0.35508728179551124 0.22103435804701627 0.06013216957605985 0.02485352622061483
2 0.7688179551122195 0.4961121157323689 0.04233416458852868 0.07198191681735985
7 0.7998603491271821 0.5502025316455696 0.07591271820448879 0.02640506329113924
0 0.3025785536159601 0.5411609403254972 0.06834663341645886 0.046220614828209765
2 0.37853117206982545 0.6078444846292947 0.10372319201995013 0.03350813743218807
15 0.5347431421446385 0.44647739602169983 0.028009975062344136 0.05294755877034358
0 0.5104738154613466 0.5802857142857143 0.03861346633416459 0.03135262206148282
0 0.8619476309226932 0.5076889692585895 0.0513067331670823 0.03634719710669078
11 0.6395536159600997 0.4564737793851718 0.029114713216957605 0.09415551537070524
15 0.26186284289276807 0.486867992766727 0.0286857855361596 0.03794575045207957
0 0.12606733167082293 0.565367088607595 0.04157605985037406 0.03040144665461121
15 0.20777556109725684 0.6377215189873418 0.038226932668329175 0.04052079566003617
15 0.3713341645885287 0.7672911392405063 0.034718204488778055 0.0472875226039783
