15 0.7656670467502851 0.7834623135832326 0.02452109464082098 0.021608222490931077
16 0.09920752565564424 0.4484683595324466 0.042759407069555305 0.07733978234582829
11 0.5855074116305587 0.053929866989117295 0.07387685290763969 0.023224506247480854
1 0.5940250855188142 0.8522773075372834 0.014931584948688712 0.031124546553808946
2 0.4542417331812999 0.8147239016525594 0.01427023945267959 0.04912938331318017
2 0.9432155074116306 0.8212253123740427 0.016961231470923602 0.030096735187424426
1 0.6226111744583808 0.8142523176138654 0.014332953249714937 0.03245062474808545
15 0.8219726339794755 0.892696493349456 0.022542759407069554 0.018988311164852882
6 0.636248574686431 0.6788472390165257 0.01587799315849487 0.018972188633615477
0 0.5767445838084378 0.9151954856912535 0.04840364880273661 0.012591696896412737
11 0.5088882554161915 0.0513422007255139 0.07450399087799316 0.02187424425634825
7 0.7610889395667046 0.8147762998790811 0.048027366020524515 0.011555824264409513
0 0.8779646522234892 0.8568278919790407 0.041242873432155075 0.010548166062071746
0 0.8340649942987457 0.7592744860943168 0.03972633979475485 0.0120757758968158
0 0.5862941847206384 0.8870415155179363 0.07710946408209807 0.008548972188633616
