2 0.4529866989117291 0.09306157354618015 0.24870213623538895 0.02200684150513113
8 0.2817291414752116 0.1344982896237172 0.06808544941555823 0.026949828962371723
7 0.2965779927448609 0.10093500570125427 0.07068520757758968 0.025262257696693272
2 0.7107335751713019 0.4060832383124287 0.026481257557436518 0.35889395667046753
2 0.251596130592503 0.4084492588369441 0.02884723901652559 0.5266875712656784
8 0.615832325675131 0.23014823261117445 0.06309955663039098 0.024315849486887114
2 0.5630914953647722 0.2705644241733181 0.04978637646110439 0.012713797035347777
2 0.6506690850463522 0.408751425313569 0.027162434502216847 0.3313625997719499
2 0.4533897621926642 0.2515279361459521 0.23825876662636034 0.016180159635119727
11 0.30715034260378876 0.21599771949828964 0.02139056831922612 0.0562884834663626
