0 0.780241935483871 0.3154732041049031 0.023443548387096773 0.0337115165336374
0 0.7247580645161291 0.3200456100342075 0.02475806451612903 0.03391676168757127
2 0.47282258064516125 0.13535917901938427 0.28525806451612906 0.0212884834663626
2 0.6485 0.15917331812998858 0.0440241935483871 0.023500570125427594
2 0.43209677419354836 0.15743443557582668 0.20145967741935483 0.02354047890535918
2 0.4944193548387097 0.18682440136830103 0.08379032258064517 0.020832383124287344
2 0.4911209677419355 0.19323831242873432 0.08140322580645161 0.019714937286202962
0 0.4793467741935484 0.32217787913340934 0.024580645161290323 0.033198403648802735
15 0.8792177419354839 0.558460661345496 0.13046774193548388 0.04568985176738882
0 0.6668467741935484 0.33032497149372864 0.02723387096774194 0.059891676168757124
1 0.8833064516129032 0.6129019384264538 0.14893548387096775 0.02396807297605473
