12 0.886416 0.675775 0.10274 0.018464
0 0.879566 0.604874 0.090183 0.035451
12 0.884132 0.559084 0.089612 0.020679
12 0.88242 0.542836 0.08847 0.018464
12 0.886986 0.45938 0.098174 0.020679
0 0.876712 0.401034 0.086758 0.029542
13 0.864726 0.312408 0.059361 0.017725
0 0.864726 0.286558 0.067352 0.019941
0 0.868151 0.25997 0.069635 0.017725
15 0.805936 0.236337 0.028539 0.017725
2 0.599886 0.192024 0.105023 0.027326
2 0.655251 0.161743 0.209475 0.036189
2 0.592466 0.372969 0.121575 0.029542
2 0.4629 0.395126 0.067922 0.086411
0 0.483447 0.231167 0.035959 0.031758
2 0.670091 0.721566 0.0879 0.031019
2 0.628425 0.693501 0.069064 0.026588
2 0.273973 0.734121 0.086758 0.031019
2 0.272831 0.696455 0.065639 0.025849
2 0.297945 0.656573 0.078767 0.028065
2 0.388699 0.476366 0.050228 0.104136
15 0.374429 0.511078 0.023973 0.028065
2 0.388699 0.564993 0.031393 0.084195
2 0.41153 0.640325 0.054795 0.041359
2 0.351598 0.587888 0.037671 0.080502
2 0.330479 0.520679 0.053653 0.0613
2 0.30137 0.460118 0.069635 0.031019
2 0.281393 0.420975 0.069064 0.031758
0 0.170091 0.447563 0.097603 0.035451
0 0.114155 0.363368 0.09532 0.031758
0 0.068493 0.293944 0.083904 0.033235
15 0.200913 0.334564 0.025685 0.031758
4 0.17637 0.310931 0.110731 0.019941
2 0.409247 0.242984 0.04395 0.05096
15 0.372717 0.238552 0.025114 0.031758
5 0.310502 0.245199 0.096461 0.018464
15 0.163242 0.238552 0.025114 0.031758
2 0.264269 0.194239 0.070205 0.028065
3 0.193493 0.201625 0.028539 0.017725
7 0.305936 0.156573 0.108447 0.018464
7 0.187785 0.156573 0.107306 0.018464
2 0.27968 0.090103 0.107306 0.034712
