0 0.093607 0.150041 0.019406 0.027575
15 0.427511 0.206002 0.02911 0.03974
7 0.406963 0.160584 0.042237 0.021898
8 0.359589 0.476075 0.013699 0.055961
0 0.393836 0.38605 0.018836 0.07867
0 0.357306 0.383617 0.019977 0.081103
15 0.5 0.484996 0.02968 0.04704
15 0.607306 0.48824 0.028539 0.045418
0 0.655822 0.420925 0.015982 0.041363
9 0.914954 0.450933 0.015411 0.040552
2 0.86758 0.446878 0.05137 0.021898
2 0.908105 0.315491 0.019406 0.07867
0 0.932648 0.387672 0.015982 0.042985
0 0.797945 0.431468 0.017694 0.073804
15 0.849315 0.485807 0.025114 0.042174
15 0.828767 0.36253 0.026256 0.036496
15 0.886416 0.399838 0.026256 0.042985
15 0.88242 0.331711 0.026826 0.044607
15 0.917237 0.227088 0.033105 0.046229
2 0.866438 0.216545 0.05879 0.02352
2 0.837329 0.194647 0.049087 0.025142
15 0.589041 0.222222 0.031393 0.043796
15 0.849315 0.151663 0.030251 0.033252
2 0.822489 0.175994 0.08105 0.02352
2 0.652397 0.176805 0.255708 0.048662
2 0.480594 0.175182 0.082192 0.042174
2 0.653539 0.117599 0.429795 0.044607
10 0.707763 0.123277 0.026826 0.016221
11 0.061073 0.4485 0.054224 0.130576
