2 0.2695161290322581 0.17437535653166 0.07118145161290322 0.02766685681688534
2 0.2810524193548387 0.3693325727324587 0.04286290322580645 0.021602966343411294
2 0.3518225806451613 0.49562464346834 0.03125806451612903 0.10609811751283514
2 0.2731653225806452 0.2191899600684541 0.0521491935483871 0.023776383342840844
11 0.5536935483870968 0.5840159726183685 0.025213709677419354 0.02814033086138049
2 0.31678629032258065 0.22576155162578437 0.02751612903225806 0.022184826012549914
2 0.3859677419354839 0.45210496292070734 0.025298387096774195 0.3390131203650884
2 0.319741935483871 0.5367541357672561 0.02321774193548387 0.1539532230462065
2 0.23625806451612902 0.23302909298345692 0.026580645161290325 0.02743867655447804
2 0.28493951612903223 0.489532230462065 0.03416935483870968 0.01965772960638905
11 0.27125806451612905 0.29772390188248715 0.050733870967741936 0.03632059326868226
2 0.25406451612903225 0.4734740444951512 0.02564516129032258 0.02110096976611523
2 0.3134637096774193 0.26542498573873363 0.045931451612903226 0.03116942384483742
2 0.19554032258064516 0.4733143183114661 0.019951612903225804 0.2849343981745579
2 0.1642983870967742 0.4639475185396463 0.02748790322580645 0.29931545921277813
2 0.2330403225806452 0.49229891614375354 0.018544354838709677 0.027084997147746717
2 0.24788709677419354 0.3737022247575585 0.024725806451612903 0.019971477467199086
3 0.26648790322580646 0.333685111237878 0.030173387096774192 0.019281232173417
3 0.24902419354838712 0.4197775242441529 0.02628225806451613 0.025499144324015975
3 0.2670564516129032 0.392310325156874 0.025681451612903226 0.02074158585282373
2 0.2796008064516129 0.5263320022818027 0.019161290322580647 0.18513976041072447
11 0.6297258064516129 0.6108727895037078 0.01847177419354839 0.059891614375356526
0 0.6386129032258064 0.23537364517969198 0.03412096774193549 0.02452367370222476
0 0.6372903225806452 0.26223046206503137 0.03111693548387097 0.025778665145464917
0 0.7385040322580645 0.3941814033086138 0.029548387096774195 0.020998288648031948
