16 0.8299838579499595 0.6746351197263397 0.266682808716707 0.052012542759407074
0 0.16753026634382567 0.45009122006841507 0.034083938660209846 0.09241163055872292
15 0.2303874092009685 0.249521094640821 0.0686682808716707 0.0451824401368301
0 0.25099273607748185 0.4516134549600912 0.03427764326069411 0.08185860889395667
15 0.46166263115415657 0.1701824401368301 0.05358353510895884 0.047542759407069556
2 0.40836158192090394 0.1830387685290764 0.060379338175948344 0.024714937286202967
2 0.39707828894269576 0.13488027366020525 0.08083131557707829 0.022445838084378562
15 0.33169491525423733 0.16147662485746866 0.053284907183212264 0.049686431014823264
0 0.5909362389023406 0.44976624857468644 0.02581920903954802 0.07059863169897378
2 0.4416626311541566 0.22689281641961234 0.087409200968523 0.021510832383124286
11 0.5369895076674738 0.2848004561003421 0.028103309120258272 0.07431014823261117
15 0.5029136400322841 0.32812998859749143 0.04274414850686037 0.04638540478905359
