15 0.2968643101482326 0.11875050382910117 0.03399657924743444 0.025453446191051995
15 0.3386716077537058 0.13399838774687625 0.031579247434435576 0.023426037887948406
2 0.318751425313569 0.19174123337363966 0.015496009122006842 0.09387746876259573
2 0.7909920182440138 0.10617896009673519 0.04679019384264538 0.014494155582426442
0 0.5328905359179019 0.8255380894800483 0.03346066134549601 0.02369609028617493
15 0.5915735461801596 0.17502619911326078 0.032599771949828965 0.018742442563482467
15 0.5633352337514254 0.2880814187827489 0.024304446978335236 0.022627972591696896
2 0.3466533637400228 0.18311970979443773 0.01402508551881414 0.07390568319226119
0 0.81827251995439 0.0377428456267634 0.013916761687571265 0.015743651753325275
2 0.289709236031927 0.20034260378879484 0.017217787913340936 0.13772269246271665
11 0.04171037628278221 0.25741636436920595 0.023318129988597492 0.04454252317613865
15 0.5169156214367161 0.2978355501813785 0.025142531356898517 0.021962918178153972
15 0.8746693272519955 0.05972188633615477 0.030553021664766252 0.023812978637646108
2 0.5959692132269099 0.25460701330108826 0.0148460661345496 0.04364369205965336
15 0.8449030786773091 0.1353526803708182 0.022765108323831242 0.020620717452640065
2 0.6581356898517673 0.8881096332124144 0.019794754846066135 0.049508262797259166
0 0.7155929304446979 0.37392583635630794 0.01354047890535918 0.016860137041515517
2 0.11059293044469783 0.49475614671503426 0.05081527936145952 0.009975816203143894
2 0.38392816419612313 0.12117291414752115 0.013808437856328392 0.06014107214832729
2 0.10059293044469783 0.32093510681176945 0.05268529076396807 0.009806529625151147
15 0.3009064994298746 0.2780733575171302 0.03762257696693272 0.025586457073760577
2 0.40045610034207524 0.16644498186215234 0.011510832383124288 0.05249899234179766
1 0.4834150513112885 0.10461507456670698 0.01153363740022805 0.02240628778718259
0 0.6719441277080958 0.3365296251511487 0.01532497149372862 0.03732365981459089
2 0.5618072976054732 0.1633857315598549 0.013175598631698973 0.03624748085449416
2 0.9180330672748005 0.16486497380088672 0.022109464082098063 0.04954453849254333
1 0.6259521094640821 0.8453405884723901 0.01379133409350057 0.02656590084643289
11 0.7447548460661345 0.49143087464731966 0.19824971493728621 0.06832325675130996
2 0.6555416191562143 0.27124143490528013 0.01507981755986317 0.048746473196291815
2 0.6440763968072977 0.0777025392986699 0.2881185860889396 0.020173317210802094
2 0.8942873432155074 0.13179363160016122 0.014446978335233751 0.055030229746070136
1 0.5194526795895097 0.9330511890366788 0.011590649942987457 0.030374848851269648
2 0.1111630558722919 0.4806086255542121 0.03568985176738883 0.010733575171301893
0 0.8796009122006841 0.3329584844820637 0.012052451539338654 0.034586860137041514
2 0.5192930444697834 0.8576783555018138 0.1560205245153934 0.021027811366384524
2 0.3835404789053592 0.24331721080209592 0.011812998859749143 0.04515517936316002
2 0.10092930444697834 0.30232567513099556 0.03633979475484607 0.010765820233776703
0 0.6237115165336374 0.3069246271664651 0.01547890535917902 0.03225312374042725
2 0.5557354618015964 0.21421604191858123 0.01985746864310148 0.05150342603788795
15 0.5551140250855188 0.3237001209189843 0.024543899657924743 0.03324062877871826
2 0.6436944127708095 0.05731559854897218 0.42930444697833525 0.018681983071342202
15 0.5183922462941847 0.11497380088673922 0.028415051311288485 0.02083031035872632
0 0.03185290763968073 0.4085368802902056 0.01104332953249715 0.01180975413139863
1 0.5708494868871151 0.8876501410721485 0.011083238312428734 0.023426037887948406
0 0.6441505131128847 0.10508262797259169 0.02152793614595211 0.016735187424425636
2 0.06700114025085518 0.39317613865376866 0.013694412770809577 0.04583232567513099
2 0.09114025085518815 0.2625876662636034 0.015992018244013684 0.03635630794034664
2 0.1409806157354618 0.25883917775090687 0.011830102622576968 0.03881902458686014
0 0.046493728620296465 0.21841999193873438 0.018665906499429875 0.019338976219266425
0 0.6747491448118587 0.20387343812978637 0.015741163055872292 0.02275292220878678
0 0.6437856328392246 0.15203950020153162 0.024275940706955528 0.02448609431680774
