0 0.17639863130881095 0.4299637096774193 0.013430282292557742 0.06196774193548387
0 0.5017650413458797 0.4306048387096775 0.016447105788423153 0.11371774193548387
0 0.22648132306814941 0.43049193548387094 0.013090960935272311 0.07947983870967743
15 0.489455374964357 0.7685241935483871 0.04693755346449958 0.02197177419354839
0 0.20183062446535502 0.4356814516129032 0.011226119190191045 0.04639112903225806
2 0.37615911035072713 0.05330241935483871 0.14830339321357286 0.01831451612903226
0 0.4788708297690334 0.42970161290322584 0.014140290846877674 0.047387096774193546
0 0.1505417735956658 0.43180241935483865 0.010490447676076419 0.04557258064516129
2 0.3592985457656116 0.23724193548387099 0.048728257770173936 0.01522983870967742
2 0.32148560022811523 0.20970564516129034 0.03777017393783861 0.015516129032258063
15 0.45943541488451667 0.18761693548387098 0.020664385514684917 0.07199193548387096
4 0.3878500142571999 0.11017741935483871 0.06291132021670943 0.01755241935483871
2 0.4485514684915882 0.830274193548387 0.06300541773595666 0.015923387096774193
2 0.32982321072141435 0.18571774193548388 0.04054747647562019 0.014616935483870967
12 0.10097519247219847 0.6098790322580645 0.06171941830624465 0.017568548387096775
0 0.29325634445394927 0.48210483870967735 0.017339606501283147 0.06944354838709678
4 0.2478956372968349 0.058592741935483875 0.06296834901625321 0.01876209677419355
2 0.3952780153977759 0.1872016129032258 0.1221300256629598 0.016310483870967743
15 0.34396635300826917 0.14754435483870967 0.019857428001140577 0.06510887096774194
2 0.2948845166809239 0.39187903225806453 0.05122326775021385 0.015133064516129033
4 0.5457285429141716 0.6312701612903225 0.06107784431137724 0.018463709677419355
15 0.25993441688052465 0.5378830645161291 0.048511548331907614 0.024233870967741936
5 0.23962646136298832 0.6189959677419354 0.055702879954376956 0.017237903225806452
15 0.19543199315654405 0.2680201612903226 0.05037924151696607 0.023536290322580644
2 0.4490875392072997 0.7347661290322581 0.018691189050470486 0.07698387096774192
2 0.3850784145993727 0.26531048387096773 0.04125463358996293 0.014149193548387099
15 0.29134873110921017 0.13103225806451613 0.02106928999144568 0.06945161290322581
2 0.274493869404049 0.3022661290322581 0.01553749643570003 0.0520483870967742
2 0.30238950670088394 0.2367459677419355 0.030775591673795268 0.016254032258064516
16 0.6114542343883661 0.09333467741935483 0.10605075563159395 0.037754032258064514
