2 0.698974 0.563358 0.014823 0.065375
0 0.701824 0.517353 0.030787 0.021792
3 0.627708 0.594027 0.023945 0.02502
3 0.633979 0.511703 0.022235 0.027441
16 0.928734 0.658596 0.082668 0.056497
2 0.395097 0.828894 0.071266 0.119451
2 0.221209 0.724778 0.100912 0.015335
11 0.127138 0.815174 0.055872 0.163035
2 0.120296 0.725585 0.014253 0.083132
11 0.125998 0.649718 0.061003 0.164649
11 0.211517 0.546408 0.108894 0.078289
11 0.239453 0.550444 0.050741 0.037934
0 0.40707 0.763519 0.025656 0.020985
0 0.359749 0.556901 0.023375 0.03632
2 0.54618 0.439871 0.014823 0.05569
2 0.548461 0.508475 0.010832 0.026634
1 0.553022 0.539144 0.027936 0.020178
2 0.526226 0.567393 0.062144 0.020985
3 0.461231 0.456013 0.023945 0.016142
2 0.466933 0.2954 0.011973 0.031477
2 0.489168 0.241324 0.014253 0.118644
2 0.467503 0.230024 0.013683 0.096045
2 0.359179 0.181598 0.013683 0.06699
11 0.338655 0.217111 0.034208 0.040355
0 0.386545 0.196126 0.031927 0.01937
2 0.392246 0.27845 0.011973 0.087974
2 0.387115 0.263115 0.011973 0.041969
5 0.461231 0.358354 0.050171 0.017756
15 0.334664 0.340597 0.025656 0.028249
8 0.260547 0.47619 0.050741 0.018563
0 0.257127 0.494754 0.027366 0.014528
0 0.250855 0.459241 0.025656 0.015335
0 0.257697 0.434221 0.042759 0.016142
0 0.257697 0.418079 0.027366 0.013721
0 0.257127 0.401937 0.025656 0.015335
0 0.255416 0.380952 0.024515 0.014528
0 0.250285 0.355125 0.029076 0.020178
0 0.257127 0.31477 0.023945 0.014528
2 0.224059 0.277643 0.011403 0.05004
3 0.206385 0.256659 0.021665 0.016142
2 0.140251 0.287328 0.015393 0.119451
2 0.131699 0.254237 0.014253 0.057304
15 0.102052 0.405973 0.025656 0.033091
15 0.102052 0.360775 0.021665 0.03632
15 0.100912 0.294592 0.017104 0.038741
2 0.087229 0.25908 0.014253 0.053269
2 0.066705 0.261501 0.014253 0.065375
2 0.050741 0.288943 0.013113 0.05004
2 0.270239 0.232446 0.014253 0.052462
2 0.293044 0.259887 0.014253 0.031477
2 0.224629 0.210654 0.013683 0.05004
0 0.255416 0.164649 0.035348 0.01937
0 0.257127 0.143664 0.027366 0.020178
0 0.256556 0.124294 0.027366 0.020178
0 0.255986 0.098467 0.026226 0.01937
0 0.255416 0.075868 0.029647 0.023406
