15 0.9292258064516129 0.24092413006274957 0.022096774193548385 0.01875071306332002
0 0.7889354838709677 0.14783228750713062 0.02815322580645161 0.028847689674843125
8 0.5541451612903225 0.7622703936109526 0.020209677419354838 0.057438676554478034
2 0.37179032258064515 0.3674500855675984 0.0207741935483871 0.0642156303479749
2 0.6214999999999999 0.7705248146035368 0.01629032258064516 0.02899600684540787
2 0.9061129032258064 0.4521905305191101 0.01804032258064516 0.06132915002852254
0 0.7885887096774193 0.5639304050199658 0.026766129032258064 0.028556759840273817
2 0.905241935483871 0.30533371363377065 0.015983870967741936 0.0683000570450656
2 0.33480645161290323 0.3134854535082715 0.02118548387096774 0.08167712492869367
2 0.3828387096774194 0.7947632629777525 0.01691935483870968 0.055265259555048483
2 0.33411290322580645 0.1614774671990873 0.019201612903225806 0.0827780946948089
2 0.6828064516129032 0.24576155162578436 0.01715322580645161 0.047124928693667995
2 0.7810564516129033 0.6622247575584712 0.08441935483870969 0.035236737022247576
15 0.9289516129032259 0.5159897318881916 0.023661290322580644 0.017855105533371364
2 0.3712741935483871 0.10620079863091841 0.020024193548387095 0.06155733029092983
0 0.7866532258064517 0.18035367940673133 0.019096774193548386 0.0310781517398745
2 0.929532258064516 0.304563605248146 0.017161290322580645 0.10821448944666286
0 0.7828870967741935 0.6003251568739303 0.015451612903225807 0.02521962350256703
2 0.9067661290322582 0.4985168282943525 0.01818548387096774 0.021112378779235594
2 0.5252177419354839 0.9162749572162008 0.05516129032258065 0.01970907016543069
1 0.9031290322580646 0.1930804335424986 0.01661290322580645 0.030051340559041642
2 0.9370161290322582 0.38148317170564744 0.01739516129032258 0.2584483742156303
15 0.7736209677419355 0.21393040501996577 0.01946774193548387 0.015521962350256704
2 0.3398548387096774 0.5836052481460353 0.013983870967741936 0.046269252709640614
15 0.3993225806451613 0.8139646320593269 0.021008064516129032 0.01934968625213919
2 0.6833467741935484 0.5109013120365089 0.016879032258064516 0.04491728465487735
2 0.49114516129032254 0.4594352538505419 0.05338709677419355 0.01291500285225328
2 0.4666774193548387 0.4438163148887621 0.11807258064516128 0.022886480319452365
2 0.4565403225806452 0.9354592127780946 0.1205 0.020815744438106104
2 0.5944112903225807 0.5694466628636623 0.016620967741935482 0.04848830576155162
2 0.5707096774193547 0.5847062179121506 0.018975806451612905 0.03814033086138049
2 0.3701129032258064 0.572373074729036 0.016129032258064516 0.04351968054763263
0 0.4884193548387097 0.6591728465487735 0.01471774193548387 0.031003993154592128
2 0.4285241935483871 0.669406731317741 0.03416129032258065 0.0439874500855676
2 0.3705 0.187969195664575 0.01975806451612903 0.028157444381061037
2 0.42680645161290326 0.8310154021677125 0.018145161290322582 0.049001711351968055
2 0.6721693548387097 0.7172104962920707 0.02662096774193548 0.06124358243011979
15 0.8700806451612904 0.5519338277239019 0.018927419354838708 0.017723901882487163
3 0.4760241935483871 0.8065373645179691 0.03558064516129032 0.015978322875071307
2 0.7191532258064516 0.6818197375926982 0.021758064516129032 0.03682258984597832
2 0.4259354838709677 0.7600741585852824 0.018758064516129033 0.05148887621220765
3 0.6951532258064517 0.8178779235596121 0.015556451612903225 0.025539075869937252
15 0.7465403225806452 0.6772618368511124 0.022838709677419355 0.02136337706788363
2 0.9030241935483871 0.5600741585852823 0.01582258064516129 0.037124928693668
2 0.36728225806451614 0.2861038220193953 0.02060483870967742 0.026651454649172845
15 0.5667983870967742 0.5532915002852253 0.01682258064516129 0.01685681688533942
15 0.5042096774193549 0.9269937250427838 0.02107258064516129 0.014586423274386766
2 0.7883870967741936 0.3063833428408443 0.016838709677419354 0.15801483171705646
3 0.4765967741935484 0.7870507701083856 0.03641129032258064 0.019555048488305762
2 0.3704354838709677 0.1618996006845408 0.01996774193548387 0.025390758699372504
2 0.9046532258064516 0.2598402738163149 0.020451612903225808 0.024860239589275527
2 0.36924193548387096 0.3136851112378779 0.01910483870967742 0.02491158014831717
3 0.47375806451612906 0.4824586423274387 0.01518548387096774 0.024209925841414716
5 0.3455403225806452 0.8331831146605818 0.020040322580645163 0.042070735881346265
0 0.4505967741935484 0.4879292641186537 0.01810483870967742 0.03018254420992584
15 0.7935483870967742 0.2144666286366229 0.01875 0.014632059326868225
15 0.8113225806451613 0.18726183685111236 0.021983870967741938 0.017832287507130635
2 0.7767419354838709 0.5242840844266972 0.06270967741935485 0.012344552196235026
15 0.6506774193548387 0.7588705077010839 0.01745161290322581 0.016919566457501426
15 0.6733064516129033 0.7588705077010839 0.016161290322580645 0.015088419851682829
15 0.3943467741935484 0.7764803194523674 0.021983870967741938 0.01280661722760981
15 0.35782258064516126 0.6006503137478608 0.01745161290322581 0.015088419851682829
