8 0.46274193548387094 0.26560182544209926 0.10086693548387098 0.022641186537364518
15 0.6040241935483871 0.2090131203650884 0.018145161290322582 0.02229321163719338
15 0.5726370967741936 0.167969195664575 0.01771774193548387 0.018687963491158012
15 0.3267016129032258 0.12339418140330861 0.019713709677419356 0.021950941243582427
2 0.5574758064516129 0.19522532800912723 0.01817741935483871 0.05010838562464347
15 0.36253225806451617 0.2215972618368511 0.020935483870967744 0.026229321163719337
15 0.6040282258064517 0.1370279520821449 0.018330645161290324 0.028670849971477466
2 0.6066451612903226 0.17108956075299486 0.01629032258064516 0.04585282373074729
15 0.538383064516129 0.2153907586993725 0.022278225806451613 0.030125499144324018
15 0.512383064516129 0.2142783799201369 0.02192741935483871 0.02840844266970907
15 0.33697983870967746 0.23664004563605248 0.018641129032258064 0.022857957786651454
