0 0.6350117647058824 0.48810794420861126 0.09794901960784314 0.03641600970285021
7 0.7715411764705883 0.10266221952698605 0.11730980392156862 0.02471801091570649
0 0.551564705882353 0.4112189205579139 0.10756470588235295 0.03893268647665252
15 0.6714745098039215 0.5952274105518496 0.03123921568627451 0.03617950272892662
15 0.7004941176470588 0.2556640388114008 0.02922745098039216 0.03248029108550637
4 0.5530980392156863 0.439824135839903 0.11647843137254901 0.022589448150394178
2 0.7057058823529412 0.18241358399029717 0.09409019607843137 0.03836264402668284
15 0.7641960784313726 0.17882959369314735 0.03024705882352941 0.03748938750758035
0 0.5500784313725491 0.6416191631291692 0.030074509803921567 0.04170406306852638
15 0.8274666666666667 0.26662219526986053 0.02749019607843137 0.03490600363856883
2 0.7626235294117647 0.23251061249241967 0.0918156862745098 0.0183262583383869
1 0.8354549019607842 0.6473074590661008 0.07216470588235295 0.02090964220739842
