7 0.806002 0.201961 0.08639 0.016863
10 0.829948 0.332157 0.08154 0.015686
2 0.775993 0.312549 0.084571 0.02549
3 0.673537 0.367059 0.033343 0.016863
15 0.723856 0.337647 0.017581 0.038431
15 0.928766 0.357255 0.027584 0.024706
0 0.927251 0.410196 0.04274 0.025882
4 0.928766 0.42902 0.086996 0.017647
4 0.879964 0.527843 0.086693 0.017647
0 0.879357 0.50902 0.068202 0.023922
0 0.832373 0.487059 0.043346 0.026275
15 0.797818 0.578039 0.032737 0.012941
2 0.774174 0.702353 0.083662 0.024314
2 0.777508 0.738039 0.132464 0.027451
7 0.829342 0.758431 0.086087 0.016471
12 0.520158 0.747059 0.089724 0.015294
4 0.508336 0.505882 0.086087 0.013333
0 0.508336 0.485882 0.04274 0.02902
12 0.438618 0.425098 0.093968 0.015294
0 0.404668 0.372941 0.036072 0.027451
0 0.395574 0.646667 0.041831 0.028235
12 0.078509 0.58549 0.091543 0.017647
11 0.122158 0.47451 0.030009 0.102353
11 0.198242 0.37098 0.136102 0.103529
