2 0.238039 0.265616 0.088627 0.026076
2 0.201961 0.291692 0.050196 0.026076
1 0.241961 0.36507 0.027059 0.024257
0 0.386275 0.361431 0.05098 0.027289
3 0.317647 0.445118 0.023529 0.023044
15 0.258431 0.448757 0.032157 0.049121
15 0.232549 0.420255 0.031765 0.044876
0 0.112549 0.379624 0.06549 0.041237
0 0.067451 0.41601 0.044314 0.039418
15 0.142353 0.428745 0.03098 0.044269
15 0.087843 0.463311 0.027451 0.041844
2 0.080392 0.496665 0.055686 0.124924
2 0.141569 0.588235 0.09451 0.027896
2 0.137647 0.627653 0.114902 0.029715
10 0.101961 0.658581 0.04902 0.024864
5 0.136471 0.706489 0.061176 0.026683
15 0.153333 0.664039 0.025882 0.044876
15 0.12 0.502729 0.028627 0.037599
15 0.16 0.535476 0.02549 0.044876
3 0.234118 0.520315 0.026275 0.026683
15 0.20549 0.605215 0.02549 0.047908
2 0.376471 0.676167 0.416863 0.030928
15 0.409412 0.451789 0.035686 0.047908
15 0.594902 0.662826 0.026667 0.057004
15 0.518431 0.616131 0.027059 0.051546
2 0.556471 0.637356 0.054118 0.015767
2 0.585098 0.602183 0.046667 0.017586
15 0.67098 0.564585 0.027059 0.04245
3 0.628627 0.572468 0.01451 0.022438
11 0.631373 0.481504 0.018431 0.081868
3 0.493333 0.43966 0.027059 0.022438
15 0.552549 0.450576 0.025882 0.038811
5 0.749412 0.393572 0.066275 0.024257
0 0.64549 0.4057 0.101961 0.039418
0 0.748235 0.355367 0.104706 0.040024
1 0.615686 0.3396 0.029412 0.019406
15 0.699216 0.289873 0.03098 0.047301
