1 0.749804 0.197089 0.033725 0.099454
2 0.490196 0.218314 0.021961 0.089145
2 0.632157 0.270467 0.054118 0.030928
2 0.601569 0.31413 0.065882 0.040024
0 0.56549 0.367495 0.041569 0.064281
0 0.465098 0.349303 0.029804 0.049121
0 0.501176 0.300182 0.044706 0.041237
11 0.410196 0.261371 0.069804 0.023651
3 0.360784 0.155246 0.047059 0.071559
2 0.294902 0.197089 0.017255 0.123711
2 0.257255 0.238326 0.018039 0.09339
2 0.315294 0.249848 0.017255 0.053366
7 0.283137 0.315949 0.026667 0.099454
15 0.327059 0.219527 0.025098 0.017586
15 0.349804 0.209824 0.028235 0.019406
15 0.360784 0.24621 0.030588 0.020012
15 0.40549 0.326258 0.024314 0.029715
15 0.419608 0.287447 0.02902 0.029109
15 0.553725 0.243178 0.025882 0.020012
15 0.618824 0.275925 0.025882 0.024864
15 0.661176 0.189206 0.027451 0.030928
15 0.711373 0.126743 0.028235 0.033354
0 0.625882 0.064888 0.105098 0.031534
0 0.555294 0.119466 0.134118 0.053366
