15 0.294355 0.561323 0.015726 0.022248
0 0.319355 0.672561 0.016532 0.042213
0 0.3 0.674273 0.015726 0.026241
2 0.208468 0.524815 0.132661 0.028523
2 0.451613 0.467199 0.101613 0.023959
15 0.768952 0.568169 0.018145 0.018825
0 0.790323 0.609812 0.024597 0.110097
15 0.697177 0.600114 0.016129 0.02567
2 0.717742 0.625784 0.056452 0.031375
15 0.669758 0.576726 0.014919 0.021107
3 0.679032 0.537365 0.020565 0.031945
0 0.618952 0.608671 0.020565 0.096977
6 0.82379 0.115231 0.018145 0.016543
2 0.730645 0.313748 0.022177 0.011409
2 0.695565 0.304621 0.028629 0.030234
7 0.762903 0.425556 0.042339 0.011979
8 0.555242 0.37935 0.007661 0.0502
8 0.594758 0.365659 0.009677 0.0502
2 0.704839 0.370793 0.048387 0.011979
2 0.67621 0.370793 0.007661 0.014832
2 0.646371 0.370222 0.050403 0.018254
15 0.728629 0.355961 0.016129 0.022818
15 0.697177 0.274387 0.015323 0.018254
15 0.612903 0.305191 0.01371 0.021677
15 0.632661 0.274387 0.015323 0.019966
0 0.650403 0.295493 0.01129 0.030234
0 0.583468 0.319452 0.015323 0.07644
0 0.566129 0.331432 0.01129 0.028523
0 0.542742 0.320593 0.016129 0.056475
15 0.658871 0.216771 0.0125 0.018254
10 0.574194 0.201369 0.049597 0.022248
2 0.6125 0.183115 0.034274 0.021107
2 0.678226 0.185967 0.105242 0.023388
2 0.675 0.157444 0.106048 0.022248
0 0.755242 0.32858 0.018145 0.075299
0 0.777823 0.326298 0.022177 0.082145
0 0.802016 0.332573 0.016532 0.033086
15 0.405645 0.449515 0.018145 0.023388
15 0.432661 0.330861 0.012097 0.017114
15 0.420161 0.331432 0.011694 0.017684
3 0.383468 0.350827 0.021371 0.029663
3 0.3875 0.30348 0.020968 0.028523
0 0.331452 0.282373 0.016129 0.059327
0 0.312097 0.285796 0.014113 0.066743
0 0.295565 0.306332 0.014113 0.029663
2 0.267339 0.175699 0.025403 0.019966
2 0.155242 0.175699 0.046774 0.021107
2 0.207258 0.149458 0.128226 0.023959
