2 0.30559677419354836 0.12634911580148317 0.12487903225806452 0.03928693667997719
0 0.28465322580645164 0.3980376497432972 0.026685483870967745 0.04628066172276098
2 0.4914677419354838 0.8668397033656589 0.028524193548387096 0.07621220764403878
2 0.5015564516129032 0.48264118653736454 0.018733870967741935 0.09872219053051912
2 0.5452741935483871 0.68437535653166 0.022443548387096772 0.43362806617227606
0 0.3344838709677419 0.3677752424415288 0.029491935483870968 0.06929264118653736
3 0.7498306451612903 0.8957957786651454 0.027629032258064515 0.04374215630347975
0 0.27269354838709675 0.7805989731888192 0.026774193548387098 0.03772960638904735
2 0.8043306451612904 0.07533941814033086 0.2622338709677419 0.0236280661722761
0 0.3067741935483871 0.9292983456930975 0.11066129032258064 0.04795778665145464
2 0.49325 0.8043297204791786 0.031185483870967742 0.05073588134626355
0 0.29316129032258065 0.7467769537934968 0.02812903225806452 0.037261836851112375
3 0.7520967741935484 0.7642783799201369 0.02943548387096774 0.040188248716486026
2 0.15941129032258064 0.25981745579007415 0.030266129032258067 0.0738562464346834
