12 0.7640901960784314 0.31672528805336564 0.08193725490196078 0.02334141904184354
11 0.15027058823529413 0.6756276531231048 0.026152941176470587 0.054687689508793214
2 0.9028078431372548 0.43442692540933897 0.07913725490196079 0.013268647665251668
2 0.1662862745098039 0.2162644026682838 0.11326666666666665 0.016106731352334747
0 0.29150588235294117 0.4908853850818678 0.041341176470588235 0.0368465736810188
2 0.6402156862745098 0.7444572468162522 0.10490980392156862 0.014517889630078837
2 0.1644078431372549 0.23999393571861735 0.1087686274509804 0.015421467556094602
0 0.24630980392156865 0.4950879320800485 0.03491764705882353 0.014724075197089145
0 0.7624470588235294 0.6137537901758642 0.039701960784313726 0.017058823529411765
0 0.7428901960784313 0.27269254093389933 0.05135686274509804 0.01590054578532444
0 0.12377254901960784 0.4811340206185567 0.044356862745098036 0.03780473013947847
1 0.12842745098039215 0.7317222559126743 0.06445882352941176 0.02260764099454215
2 0.17160392156862744 0.3525166767738023 0.06625882352941177 0.018872043662825955
12 0.8574235294117647 0.633244390539721 0.07642745098039215 0.022134627046694968
0 0.7794980392156863 0.29025469981807156 0.059858823529411756 0.016300788356579745
11 0.5214980392156863 0.21673741661613097 0.1305843137254902 0.13926015767131594
11 0.4091647058823529 0.4896482716798059 0.10247843137254901 0.4029593693147362
0 0.8443490196078431 0.5697149787750152 0.031631372549019605 0.01974530018192844
0 0.8435686274509804 0.5890418435415403 0.03483137254901961 0.017325651910248634
