3 0.6116814516129032 0.43899600684540785 0.02725 0.04106674272675413
2 0.6896774193548387 0.6642213348545352 0.10213306451612902 0.030752994865944093
16 0.9056935483870967 0.6786023958927553 0.11795967741935484 0.03907586993725043
2 0.4080443548387097 0.09849971477467198 0.088375 0.019115801483171706
0 0.2516209677419355 0.4010382201939532 0.024854838709677418 0.1191500285225328
15 0.2872983870967742 0.29071306332002284 0.023125 0.024135767256132347
0 0.17391935483870968 0.4172675413576726 0.018935483870967742 0.07213918996006845
0 0.5315161290322581 0.3940501996577296 0.01888306451612903 0.09913291500285225
2 0.41880241935483875 0.3575128351397604 0.07141532258064516 0.016674272675413576
15 0.5248830645161291 0.2624415288077581 0.02756048387096774 0.027387335995436395
2 0.38722177419354836 0.1398060467769538 0.043923387096774194 0.019509412435824304
1 0.9327741935483872 0.45136908157444383 0.05019758064516129 0.016537364517969194
0 0.2202338709677419 0.43513405590416426 0.014447580645161289 0.03853964632059327
0 0.4930766129032258 0.4099429549343982 0.014588709677419355 0.042042213348545354
2 0.3951935483870968 0.17785510553337136 0.0478508064516129 0.018425556189389618
2 0.44899596774193545 0.3209925841414718 0.07596774193548388 0.01713063320022818
15 0.6540483870967742 0.6188590986879634 0.024379032258064516 0.03830576155162579
2 0.5949314516129033 0.5097946377638334 0.016197580645161292 0.07742156303479748
15 0.6710846774193548 0.5056816885339418 0.027455645161290326 0.028448374215630345
15 0.7052298387096775 0.5020022818026241 0.02647983870967742 0.02500285225328009
