2 0.772912 0.707526 0.021087 0.068985
2 0.754258 0.765108 0.017843 0.058153
2 0.712084 0.794185 0.041363 0.012543
2 0.713706 0.779361 0.043796 0.012543
15 0.731549 0.705815 0.027575 0.020525
15 0.698297 0.6813 0.028386 0.024515
15 0.680454 0.627138 0.027575 0.021665
8 0.517437 0.68244 0.060016 0.011973
2 0.555556 0.767389 0.019465 0.038198
0 0.513382 0.856328 0.029197 0.011403
0 0.505272 0.829532 0.026764 0.010832
8 0.531225 0.807868 0.060016 0.014253
15 0.463098 0.807298 0.029197 0.021665
15 0.390916 0.832383 0.025142 0.018244
11 0.381184 0.694413 0.045418 0.033637
15 0.420925 0.696693 0.025142 0.016534
2 0.253852 0.746294 0.018654 0.033637
2 0.227088 0.734892 0.020276 0.070125
7 0.246553 0.668757 0.017843 0.04675
7 0.247364 0.807298 0.017032 0.04504
7 0.222222 0.800456 0.01541 0.04447
15 0.265207 0.723489 0.025953 0.017674
15 0.283049 0.767389 0.02352 0.015964
15 0.263585 0.775941 0.022709 0.016534
2 0.344688 0.766819 0.01541 0.034208
1 0.367397 0.787913 0.014599 0.025656
2 0.353609 0.747434 0.012976 0.026226
2 0.403082 0.744014 0.016221 0.031357
2 0.460665 0.757127 0.01541 0.024515
2 0.478508 0.753136 0.013788 0.030787
2 0.484185 0.720639 0.021087 0.035918
7 0.504461 0.745154 0.018654 0.04561
2 0.524736 0.742873 0.021087 0.055872
3 0.57502 0.729761 0.021898 0.013683
15 0.542579 0.718928 0.021898 0.016534
15 0.48013 0.690992 0.021898 0.018244
2 0.591241 0.713797 0.013788 0.019384
2 0.646391 0.710376 0.013788 0.034208
7 0.643147 0.671608 0.018654 0.04504
2 0.609895 0.693843 0.021087 0.041619
15 0.60665 0.651653 0.024331 0.021665
1 0.318735 0.662486 0.034063 0.014253
8 0.416869 0.639111 0.019465 0.042189
8 0.293593 0.531357 0.060827 0.013683
0 0.506894 0.657925 0.024331 0.013683
0 0.515815 0.639111 0.026764 0.013683
0 0.516626 0.618016 0.033252 0.014253
0 0.516626 0.548461 0.049473 0.015393
0 0.508516 0.524515 0.03163 0.014823
0 0.545012 0.258267 0.024331 0.013113
11 0.562855 0.327252 0.088402 0.031357
0 0.442011 0.360319 0.020276 0.018244
0 0.469586 0.36203 0.020276 0.017674
0 0.482563 0.328962 0.019465 0.021665
11 0.268451 0.326112 0.055961 0.075257
11 0.245742 0.268529 0.021087 0.036488
