7 0.360854 0.171942 0.075111 0.026233
0 0.767821 0.46507 0.043496 0.033362
11 0.890656 0.501568 0.085985 0.438837
11 0.783327 0.228685 0.154048 0.110636
11 0.593435 0.341603 0.22352 0.33647
5 0.366492 0.321928 0.068667 0.026518
0 0.446436 0.502994 0.015103 0.04933
0 0.422271 0.504705 0.015908 0.084403
0 0.392267 0.506131 0.034031 0.082977
12 0.530004 0.757913 0.086589 0.026233
1 0.184052 0.797548 0.043899 0.027944
2 0.239831 0.792985 0.044905 0.026804
15 0.243254 0.783576 0.012686 0.01939
15 0.245066 0.814371 0.015505 0.01996
2 0.256343 0.834046 0.056786 0.043057
1 0.316955 0.796692 0.04712 0.027374
11 0.32058 0.734531 0.030004 0.082121
3 0.3236 0.670944 0.01913 0.016823
15 0.367499 0.634731 0.021144 0.032221
15 0.237414 0.66239 0.015505 0.035928
11 0.24406 0.639293 0.030608 0.083262
2 0.302859 0.585115 0.052155 0.024237
15 0.279903 0.570858 0.019533 0.033932
0 0.191099 0.507841 0.022352 0.051326
0 0.159686 0.500713 0.022352 0.073567
0 0.124446 0.50442 0.035844 0.085543
0 0.084776 0.504705 0.043496 0.09866
2 0.259968 0.453094 0.065042 0.021956
2 0.30729 0.423154 0.055578 0.025948
2 0.254732 0.424009 0.053766 0.027089
15 0.259565 0.332193 0.021345 0.030225
11 0.25594 0.341317 0.031414 0.070716
11 0.231172 0.298546 0.050946 0.036213
15 0.168747 0.23724 0.022151 0.027089
15 0.140556 0.230111 0.019734 0.029655
15 0.219694 0.2073 0.017116 0.032221
2 0.31917 0.199316 0.055981 0.025093
2 0.27205 0.200741 0.016714 0.026233
2 0.245268 0.199601 0.038059 0.026233
2 0.269634 0.155118 0.082159 0.044768
