2 0.8925221595487509 0.6843703703703703 0.06257453666398066 0.01660968660968661
7 0.558190975020145 0.12817663817663816 0.048166800966962124 0.013737891737891738
3 0.9021837228041901 0.6556068376068376 0.019170024174053182 0.018313390313390313
2 0.2926672038678485 0.14418233618233617 0.06860193392425463 0.01872934472934473
10 0.6878686543110395 0.4270598290598291 0.04508058017727639 0.014746438746438746
3 0.5771474617244158 0.2754814814814815 0.01820709105560032 0.02341880341880342
3 0.5467566478646253 0.27545299145299146 0.021305398871877518 0.025618233618233618
2 0.19629734085414988 0.1415213675213675 0.12402900886381948 0.020301994301994305
2 0.269576954069299 0.5256695156695157 0.06746978243352136 0.01927065527065527
8 0.4009629331184529 0.39471794871794874 0.012473811442385173 0.053299145299145305
0 0.28663980660757454 0.25393732193732194 0.01840048348106366 0.06903703703703704
15 0.761829170024174 0.608991452991453 0.014000805801772764 0.01736182336182336
2 0.20835616438356164 0.5020455840455841 0.19369460112812248 0.021538461538461538
2 0.23211120064464144 0.11609686609686609 0.19721998388396456 0.019413105413105414
2 0.6269782433521354 0.15590883190883192 0.06505640612409347 0.015276353276353275
2 0.1387187751813054 0.1677094017094017 0.03356164383561644 0.013732193732193733
2 0.5143231265108783 0.5374188034188034 0.08284448025785657 0.015310541310541312
2 0.6098831587429493 0.5376296296296296 0.08433118452860597 0.01633048433048433
2 0.5654190169218372 0.11217094017094018 0.18882755842062854 0.018666666666666665
3 0.9054270749395649 0.5935612535612536 0.019085414987912972 0.01809116809116809
0 0.707256244963739 0.3376296296296296 0.01645447219983884 0.07957834757834757
0 0.39904512489927474 0.3347122507122507 0.015116841257050767 0.05631908831908832
0 0.1927074939564867 0.3123475783475783 0.018682514101531024 0.06832478632478632
2 0.4515310233682514 0.1552934472934473 0.03945205479452055 0.017646723646723646
2 0.3291982272360999 0.1665014245014245 0.034133763094278805 0.014182336182336183
15 0.7595447219983884 0.20593732193732195 0.020757453666398067 0.022193732193732194
0 0.31938759065269945 0.7064387464387464 0.01869057211925866 0.0494985754985755
2 0.5627034649476229 0.5690997150997151 0.17753424657534245 0.018569800569800572
0 0.08042707493956487 0.710997150997151 0.01990733279613215 0.040170940170940174
0 0.07093473005640613 0.33927065527065525 0.012115229653505238 0.02574928774928775
0 0.765044319097502 0.33843304843304844 0.01596293311845286 0.06648433048433049
0 0.7305398871877519 0.352991452991453 0.009133763094278808 0.024347578347578346
2 0.77790088638195 0.6557094017094017 0.016498791297340856 0.10523076923076924
3 0.6228364222401289 0.2745185185185185 0.018037872683319904 0.020735042735042734
0 0.437232070910556 0.3334301994301994 0.014258662369057212 0.07747008547008548
0 0.09105962933118453 0.3406153846153846 0.010572119258662369 0.025595441595441595
2 0.7102820306204674 0.6285014245014245 0.06847703464947623 0.021857549857549858
15 0.519016921837228 0.3071168091168091 0.0178928283642224 0.018945868945868947
2 0.256986301369863 0.2612763532763533 0.03556809024979855 0.014188034188034188
15 0.594576954069299 0.3066780626780627 0.014536663980660757 0.016125356125356125
0 0.34817082997582594 0.3416866096866097 0.009649476228847704 0.0300968660968661
2 0.6043432715551974 0.19550997150997151 0.034713940370668814 0.013646723646723646
8 0.7205761482675263 0.37364672364672363 0.010004029008863819 0.0514985754985755
2 0.2680701047542305 0.16657549857549855 0.042240128928283646 0.016056980056980058
2 0.885624496373892 0.5719601139601139 0.03759871071716357 0.013042735042735043
0 0.21617647058823528 0.3286894586894587 0.013267526188557614 0.027692307692307693
15 0.6600966962127316 0.37854131054131057 0.013843674456083803 0.018296296296296297
0 0.3845648670427075 0.3535213675213675 0.014053182917002418 0.0349059829059829
0 0.11064867042707494 0.34219943019943017 0.008340048348106366 0.025076923076923077
3 0.7161361804995972 0.5798746438746438 0.01814665592264303 0.021675213675213675
0 0.60825946817083 0.35480341880341876 0.013819500402900885 0.07738461538461539
11 0.8399395648670427 0.6338860398860399 0.016659951651893636 0.037760683760683755
8 0.7777759871071717 0.37495726495726495 0.010632554391619661 0.05491737891737891
0 0.42149073327961323 0.35186324786324785 0.009105560032232072 0.02637037037037037
15 0.31641821112006446 0.5615897435897436 0.015515713134568895 0.01830769230769231
2 0.1403102336825141 0.31201709401709404 0.03541095890410959 0.012022792022792024
2 0.5356244963738921 0.15596581196581197 0.12181305398871876 0.016814814814814817
15 0.8655157131345689 0.6227350427350428 0.016442385173247382 0.015185185185185184
2 0.8368251410153102 0.6756638176638177 0.01466559226430298 0.03757834757834758
8 0.6194560838033843 0.36817094017094015 0.011116035455278001 0.055002849002849005
15 0.0997945205479452 0.6013846153846154 0.017381144238517325 0.01880911680911681
3 0.46363819500402903 0.2064045584045584 0.015564061240934731 0.019646723646723645
2 0.6595447219983884 0.3274472934472934 0.07043110394842869 0.025846153846153845
0 0.5770829975825946 0.33096296296296296 0.012562449637389202 0.022615384615384614
15 0.22888799355358583 0.5468547008547009 0.018098307816277196 0.0183988603988604
15 0.6447582594681708 0.3784672364672365 0.017562449637389205 0.020535612535612535
15 0.5906970185334407 0.18055270655270655 0.013896051571313458 0.018980056980056982
15 0.4323650282030621 0.24607977207977208 0.014967767929089444 0.017595441595441595
2 0.32106768734891217 0.31133903133903135 0.03477034649476229 0.012347578347578348
3 0.7424456083803385 0.5806039886039887 0.019274778404512492 0.020518518518518516
15 0.884174053182917 0.647031339031339 0.012586623690572118 0.015014245014245016
15 0.8859226430298147 0.622951566951567 0.01322723609991942 0.013783475783475784
2 0.5153384367445608 0.22452421652421653 0.013960515713134568 0.022678062678062678
2 0.40375100725221597 0.2343874643874644 0.014399677679290896 0.03350997150997151
0 0.4502095084609186 0.3707350427350427 0.01363013698630137 0.049213675213675215
0 0.7505680902497985 0.35160683760683764 0.008662369057211926 0.024410256410256414
15 0.730535858178888 0.6145014245014245 0.01001208702659146 0.014740740740740742
2 0.671809024979855 0.5696410256410257 0.02445608380338437 0.016717948717948718
2 0.5614947622884771 0.5365754985754986 0.010850120870265914 0.01888888888888889
15 0.7292103142626915 0.6271452991452992 0.008875906526994359 0.012603988603988604
15 0.8729814665592264 0.5963190883190883 0.012530217566478647 0.019059829059829062
15 0.688682514101531 0.3012136752136752 0.013988718775181305 0.018028490028490027
