15 0.35088990302338846 0.08529838709677419 0.057826583000570454 0.0329758064516129
8 0.617872219053052 0.5953951612903225 0.078499714774672 0.019798387096774193
0 0.42565887050770107 0.43166129032258066 0.015151169423844837 0.08146774193548387
2 0.5141528807758129 0.18495967741935485 0.056537364517969195 0.019701612903225807
0 0.4514717626925271 0.4302258064516129 0.015636052481460355 0.05401612903225807
15 0.4534169994295494 0.27612096774193545 0.05818596691386195 0.028588709677419357
1 0.6689104392470051 0.4988064516129032 0.056463205932686826 0.01525
5 0.4439817455790074 0.22933870967741934 0.06424985738733599 0.02068548387096774
2 0.507780946948089 0.15128225806451615 0.07252139189960068 0.01882258064516129
3 0.8072162007986309 0.5445887096774193 0.028254420992584142 0.03575
15 0.5452709640616087 0.322241935483871 0.052190530519110094 0.02832258064516129
2 0.7210496292070736 0.5640645161290323 0.04262407301768397 0.016540322580645164
0 0.5647689674843126 0.4295322580645161 0.020747290359383913 0.1685241935483871
0 0.3839475185396463 0.42844354838709675 0.021175128351397603 0.19632258064516128
2 0.7078379920136908 0.5340403225806452 0.05312036508841986 0.020209677419354838
2 0.811123787792356 0.4818145161290323 0.016177980604677695 0.08286290322580646
2 0.7532002281802623 0.40530645161290324 0.06464917284654877 0.017524193548387097
11 0.7650656018254421 0.44687096774193547 0.018402738163148885 0.028016129032258065
2 0.7217683970336566 0.5926370967741935 0.044107244723331426 0.020669354838709676
2 0.7159612093553908 0.43534677419354845 0.03898459783228751 0.02217741935483871
