0 0.09842376477720521 0.511992156862745 0.10537132464383146 0.027137254901960787
0 0.28316762655350103 0.5182823529411764 0.13130948772355258 0.05009803921568627
0 0.09906941497423462 0.548843137254902 0.10309790845710821 0.027909803921568627
2 0.112861473173689 0.15351372549019607 0.08521976356471658 0.10360392156862745
0 0.5701576235222795 0.5320666666666667 0.0941739921188239 0.026435294117647057
2 0.48355259169445286 0.31160000000000004 0.09041224613519248 0.027337254901960782
2 0.4647681115489542 0.26995294117647056 0.0868778417702334 0.02625882352941176
2 0.11602303728402547 0.2596 0.08208851167020309 0.02607058823529412
11 0.858554107305244 0.42305098039215683 0.12927856926341316 0.1578549019607843
2 0.45227038496514094 0.6771372549019608 0.13591391330706273 0.0234
13 0.5477023340406183 0.34020392156862744 0.07941497423461655 0.015894117647058822
2 0.2610578963322219 0.2584313725490196 0.11568657168839042 0.026349019607843135
2 0.3780357684146711 0.23391764705882354 0.08527129433161564 0.024819607843137255
0 0.5032434070930585 0.47138431372549017 0.057538648075174295 0.025211764705882354
2 0.4902303728402546 0.7510117647058824 0.09680509245225827 0.02775686274509804
8 0.5771930888147924 0.5532705882352941 0.10054561988481357 0.018517647058823528
3 0.33006971809639285 0.33849411764705883 0.03859654440739618 0.02708627450980392
15 0.32389815095483476 0.5664392156862745 0.02418611700515308 0.03036862745098039
7 0.502973628372234 0.7064941176470588 0.1018187329493786 0.01745490196078431
0 0.2546923310093968 0.7193686274509804 0.0640284934828736 0.012827450980392157
2 0.447026371627766 0.2042078431372549 0.1235040921491361 0.019015686274509804
15 0.1736132161260988 0.20731764705882352 0.02945741133676872 0.02976862745098039
1 0.3055016671718703 0.6838666666666666 0.05608366171567142 0.02400392156862745
0 0.23915732040012125 0.7499490196078431 0.034674143679903 0.027317647058823526
15 0.4560109123976963 0.41563921568627454 0.02411639890876023 0.026701960784313725
0 0.6398696574719611 0.4638078431372549 0.053297969081539866 0.029035294117647062
