2 0.6987215686274509 0.6899575500303214 0.024509803921568627 0.08634323832625834
5 0.7174745098039216 0.5466889023650697 0.022988235294117646 0.06742874469375379
2 0.5022666666666666 0.3282049727107338 0.12822745098039218 0.02454214675560946
2 0.33100392156862746 0.6560885385081868 0.025301960784313723 0.06120072771376592
2 0.7300549019607844 0.6738811400849 0.02084705882352941 0.11488781079442086
2 0.38554509803921566 0.23778047301394786 0.021254901960784316 0.11540327471194664
15 0.6413019607843137 0.769029714978775 0.025066666666666668 0.024354154032747117
2 0.3024705882352941 0.6608975136446331 0.02220392156862745 0.07346270466949667
2 0.761513725490196 0.8353850818677986 0.01956862745098039 0.11648878107944209
2 0.5948313725490196 0.8244996967859308 0.02017254901960784 0.08703456640388114
15 0.6081803921568627 0.6117040630685264 0.02493333333333333 0.021534263189812008
2 0.3348313725490196 0.610582171012735 0.01764705882352941 0.03255306246209824
15 0.5968 0.5316434202546998 0.024949019607843136 0.02015767131594906
0 0.5196549019607842 0.5282474226804124 0.0447921568627451 0.023141297756215887
0 0.5018901960784313 0.5521467556094602 0.062109803921568625 0.018241358399029715
5 0.6713490196078432 0.5465130382049728 0.024447058823529412 0.06747725894481504
2 0.5082666666666666 0.760406306852638 0.07349803921568628 0.01847180109157065
15 0.3900078431372549 0.6069799878714373 0.027168627450980393 0.02656155245603396
3 0.6421098039215687 0.8227592480291086 0.01864313725490196 0.01875682231655549
0 0.7107921568627451 0.7684354154032748 0.060847058823529414 0.015403274711946633
3 0.6738823529411765 0.8268041237113403 0.022149019607843136 0.0213280776228017
2 0.6182901960784314 0.7970952092177077 0.020023529411764707 0.027107337780473015
11 0.5968627450980392 0.6689993935718618 0.03629803921568628 0.021964827167980594
0 0.5129960784313726 0.5107944208611279 0.056988235294117645 0.025166767738023045
2 0.6205803921568628 0.6254881746513039 0.020447058823529412 0.03736810187992723
15 0.6950745098039216 0.6312492419648272 0.01989019607843137 0.022280169799878714
2 0.35544313725490195 0.6500788356579745 0.018219607843137257 0.060594299575500304
6 0.3016078431372549 0.21151607034566405 0.015662745098039214 0.05402061855670103
