2 0.3167730900798176 0.5353709677419355 0.09510832383124287 0.021975806451612904
2 0.32831242873432154 0.5847741935483871 0.11612314709236032 0.02307258064516129
11 0.44507981755986314 0.34969354838709676 0.020199543899657925 0.058443548387096776
2 0.3601824401368301 0.17516129032258063 0.049743443557582666 0.021129032258064517
2 0.3173489167616876 0.13945967741935483 0.13915621436716077 0.02184677419354839
15 0.23435005701254277 0.2043548387096774 0.03378563283922463 0.05046774193548387
11 0.29099201824401366 0.29192741935483874 0.0438939566704675 0.06066935483870968
2 0.300763968072976 0.6398951612903226 0.16238882554161915 0.02185483870967742
0 0.47920182440136827 0.41724193548387095 0.016755986316989737 0.05567741935483871
15 0.3945610034207525 0.19898387096774195 0.0274230330672748 0.0467983870967742
2 0.33708095781071834 0.20973387096774193 0.06773090079817559 0.021879032258064514
15 0.21163625997719498 0.368266129032258 0.03356898517673888 0.04127419354838709
0 0.1766134549600912 0.4328145161290323 0.019236031927023948 0.06094354838709677
16 0.8947206385404789 0.52625 0.1531071835803877 0.04833064516129032
0 0.3172519954389966 0.39383064516129035 0.019561003420752565 0.03712096774193548
15 0.4845039908779932 0.2984112903225806 0.034543899657924745 0.047080645161290326
0 0.1425370581527936 0.4186854838709677 0.02042759407069555 0.09281451612903226
5 0.18847206385404788 0.16539516129032258 0.05965792474344356 0.021298387096774195
5 0.4418586088939567 0.16423387096774195 0.062303306727480044 0.023661290322580644
0 0.29322690992018247 0.39464516129032257 0.01725199543899658 0.03662096774193548
1 0.9430672748004562 0.5685564516129032 0.0704618015963512 0.020459677419354838
1 0.21178449258836946 0.5307580645161291 0.055615735461801596 0.02056451612903226
15 0.21572405929304447 0.2996209677419355 0.03531927023945268 0.042233870967741935
2 0.3890649942987457 0.24351612903225806 0.03915621436716078 0.02650806451612903
2 0.3325769669327252 0.24520967741935484 0.05273660205245154 0.01679032258064516
15 0.4212257696693273 0.33307258064516126 0.040193842645381984 0.03229838709677419
