11 0.4726653225806452 0.1434569309754706 0.03221370967741936 0.06129492298916144
2 0.40676612903225806 0.11658300057045067 0.05150403225806452 0.019766115231032513
0 0.5165120967741935 0.421905305191101 0.021076612903225808 0.07923559612093554
15 0.4536935483870968 0.1791215059897319 0.01957258064516129 0.02011409013120365
0 0.4630645161290323 0.4151796919566457 0.023036290322580647 0.09585282373074729
0 0.49443951612903225 0.432875071306332 0.019286290322580644 0.03969195664575014
15 0.5156048387096774 0.14438106103822018 0.02132258064516129 0.024962920707358813
15 0.44002419354838707 0.24661152310325157 0.016991935483870967 0.02455219623502567
2 0.08792338709677419 0.5712378779235596 0.011568548387096774 0.028841985168282944
8 0.5346774193548387 0.5388705077010838 0.015254032258064515 0.07547062179121507
2 0.15769354838709676 0.5082829435253851 0.027858870967741936 0.01482030804335425
3 0.11760483870967743 0.6101426126640045 0.02991935483870968 0.016446092413006274
15 0.10231048387096774 0.5496805476326297 0.019903225806451614 0.01954934398174558
3 0.23316532258064515 0.29664575014261263 0.024431451612903228 0.02787221905305191
15 0.3751491935483871 0.2469937250427838 0.017544354838709676 0.024808899030233887
15 0.4522983870967742 0.14210496292070737 0.016693548387096774 0.03942384483742156
15 0.14949193548387096 0.5328693667997718 0.009951612903225807 0.0158813462635482
15 0.16470564516129033 0.5232059326868226 0.010838709677419355 0.0166343411294923
15 0.19195564516129032 0.5485282373074729 0.016862903225806452 0.018705077010838563
15 0.15844354838709676 0.5742327438676554 0.014471774193548387 0.015818596691386196
3 0.20055241935483872 0.6130405019965773 0.024633064516129035 0.012481460353679407
6 0.583266129032258 0.6291443240159726 0.012556451612903226 0.012698231602966344
11 0.6818185483870968 0.4869594980034227 0.03229032258064516 0.11436394751853964
