15 0.39092983456930974 0.3091209677419355 0.0377124928693668 0.039129032258064515
1 0.9153622361665716 0.35543548387096774 0.05903023388476897 0.01767741935483871
15 0.32438676554478035 0.2510967741935484 0.03796349115801483 0.03968548387096774
16 0.8711351968054762 0.5743709677419355 0.14515687393040502 0.055604838709677425
0 0.49619509412435825 0.4352661290322581 0.020096976611523102 0.0562258064516129
0 0.42715345122646886 0.3915725806451613 0.030250998288648034 0.16023387096774194
2 0.39385624643468337 0.10433870967741934 0.10152310325156874 0.024056451612903224
5 0.45406731317741017 0.1496693548387097 0.0937535653166001 0.027741935483870966
0 0.4610096976611523 0.4325322580645162 0.020057045065601825 0.05596774193548387
0 0.2668625213918996 0.36289516129032257 0.03240159726183685 0.16091935483870967
5 0.262749572162008 0.14799193548387096 0.09145464917284654 0.025419354838709676
2 0.36776953793496864 0.19726612903225807 0.07558471192241871 0.022330645161290325
