15 0.871423 0.066705 0.031439 0.054162
2 0.923418 0.233181 0.015719 0.070125
2 0.899637 0.206956 0.015719 0.088369
2 0.887948 0.309008 0.06449 0.024515
2 0.467553 0.306727 0.01975 0.152794
3 0.444176 0.298176 0.021362 0.038198
2 0.376058 0.290194 0.041516 0.051311
11 0.344216 0.232611 0.031036 0.069555
0 0.147521 0.843786 0.029827 0.021665
2 0.903265 0.577537 0.016929 0.075827
6 0.416767 0.666477 0.038694 0.021665
1 0.276501 0.828962 0.014913 0.057583
2 0.555421 0.486887 0.657799 0.032497
2 0.195889 0.59122 0.014913 0.071266
2 0.246675 0.311288 0.085449 0.023375
9 0.157598 0.280502 0.031842 0.120867
15 0.182991 0.393387 0.025393 0.042759
2 0.202338 0.419612 0.021362 0.110034
2 0.133011 0.381984 0.016929 0.065564
2 0.111649 0.305587 0.018541 0.214367
2 0.644498 0.142531 0.474809 0.027366
2 0.350262 0.139111 0.107215 0.033637
2 0.261991 0.140251 0.071745 0.026796
