0 0.8089633222188541 0.3801333333333333 0.07224007274931797 0.02327058823529412
12 0.319205819945438 0.6342196078431372 0.09898150954834799 0.014599999999999998
15 0.49592300697180963 0.4388431372549019 0.02418005456198848 0.023278431372549018
0 0.32272203698090335 0.2911725490196079 0.041909669596847526 0.023298039215686274
12 0.15528038799636254 0.6061843137254902 0.09830554713549561 0.015658823529411763
2 0.6610548651106396 0.7409843137254902 0.1682812973628372 0.02174901960784314
0 0.4720763867838739 0.36950196078431374 0.07750833585935131 0.023866666666666668
0 0.9056926341315551 0.39836470588235295 0.06476204910578963 0.02368627450980392
15 0.9166020006062443 0.2963764705882353 0.021357987268869352 0.025729411764705883
2 0.6241921794483177 0.5988235294117648 0.060657775083358595 0.01867843137254902
0 0.37898454076993027 0.36111764705882354 0.04328281297362837 0.02168627450980392
0 0.8616368596544407 0.35972941176470585 0.0475386480751743 0.022513725490196076
2 0.6102819036071536 0.6362352941176471 0.06632615944225523 0.019819607843137254
4 0.8085510760836617 0.39943529411764706 0.08821157926644438 0.015141176470588234
15 0.09434374052743255 0.8185999999999999 0.024252803879963626 0.025517647058823527
2 0.33819945438011517 0.8380627450980392 0.07746892997878145 0.021909803921568625
2 0.39430736586844495 0.8135725490196078 0.11214913610184905 0.023380392156862745
15 0.5685632009699909 0.4149254901960784 0.02307668990603213 0.022529411764705885
15 0.6233070627462868 0.22714901960784314 0.019621097302212794 0.024215686274509804
2 0.7005910882085481 0.28022745098039215 0.08912094574113368 0.018105882352941177
0 0.5344619581691422 0.3965843137254902 0.03708396483782964 0.021815686274509805
0 0.42198241891482263 0.42041568627450976 0.04189754471051834 0.023588235294117646
0 0.32046983934525614 0.5203921568627451 0.04344649893907245 0.02083137254901961
2 0.18478933010003032 0.8387843137254902 0.09604425583510155 0.024764705882352942
2 0.6059866626250379 0.2025843137254902 0.05636556532282509 0.0212
1 0.7989390724461958 0.2975529411764706 0.0515641103364656 0.02401176470588235
15 0.5692543194907548 0.6011725490196078 0.021521673234313428 0.028549019607843135
2 0.1383055471354956 0.7033372549019608 0.06768717793270689 0.08335294117647059
10 0.6833525310700213 0.6347254901960784 0.08353137314337677 0.015098039215686275
15 0.7578144892391634 0.4208823529411765 0.02010912397696272 0.022313725490196078
4 0.9128432858441952 0.4170980392156862 0.08179145195513791 0.014772549019607844
0 0.1255744164898454 0.5629254901960784 0.0332434070930585 0.013007843137254903
15 0.6546195816914216 0.5739882352941177 0.017756896029099727 0.023121568627450982
3 0.5537496210973022 0.2721137254901961 0.028629887844801454 0.020776470588235292
5 0.47087905425886634 0.3869372549019608 0.07438314640800242 0.015011764705882353
7 0.6214307365868444 0.6877568627450981 0.08606244316459534 0.01639607843137255
15 0.45284631706577755 0.7593176470588235 0.018593513185813884 0.024137254901960784
2 0.6728554107305244 0.5515568627450981 0.05819945438011519 0.017901960784313727
3 0.22491057896332223 0.7925333333333333 0.0564928766292816 0.025447058823529413
2 0.9877114277053652 0.5949803921568627 0.020812367384055775 0.20323529411764707
1 0.5175719915125796 0.48046274509803927 0.061279175507729614 0.013062745098039216
3 0.7025886632312822 0.5066705882352941 0.03987875113670809 0.013192156862745098
1 0.7887450742649288 0.3371882352941177 0.04950894210366778 0.014968627450980394
0 0.07066686874810549 0.7050274509803921 0.07474386177629586 0.027188235294117645
0 0.42813276750530466 0.7123294117647059 0.07977265838132767 0.02240392156862745
3 0.2865140951803577 0.6965843137254902 0.06140648681418612 0.02596470588235294
13 0.2680933616247348 0.2146901960784314 0.0449317975143983 0.010850980392156864
