2 0.722401 0.655271 0.219984 0.049573
15 0.823529 0.630199 0.019339 0.033048
15 0.889605 0.430199 0.02216 0.02849
15 0.868251 0.422792 0.017728 0.024501
3 0.863014 0.470085 0.029412 0.047293
2 0.892425 0.368661 0.022965 0.091168
3 0.858582 0.375499 0.031023 0.036467
3 0.317083 0.54359 0.031829 0.045014
10 0.474617 0.664387 0.064061 0.023362
2 0.380338 0.678063 0.068493 0.041595
2 0.311442 0.688319 0.036664 0.02906
8 0.475423 0.516809 0.017325 0.077493
8 0.28888 0.374359 0.018131 0.080912
8 0.238517 0.521937 0.017325 0.08433
0 0.216761 0.416524 0.030218 0.109972
0 0.265109 0.409687 0.031426 0.144729
0 0.492748 0.42735 0.017728 0.05755
0 0.45004 0.405128 0.036261 0.136752
11 0.311845 0.217664 0.028606 0.05584
15 0.42224 0.376638 0.017728 0.030199
15 0.336019 0.368091 0.020145 0.02906
15 0.319098 0.329915 0.019742 0.026781
15 0.450846 0.28661 0.020951 0.02849
15 0.302176 0.275783 0.018936 0.025641
15 0.250201 0.234188 0.019339 0.02963
15 0.487107 0.245014 0.016519 0.023362
15 0.342063 0.203419 0.018533 0.021652
2 0.401289 0.160684 0.023368 0.025071
2 0.382756 0.162393 0.012893 0.030199
2 0.351732 0.161254 0.049557 0.02792
2 0.370266 0.120798 0.093473 0.038177
