2 0.19530501710376283 0.1388230552196695 0.05151083238312428 0.015461507456670697
2 0.20684150513112887 0.10794437726723095 0.07602622576966932 0.01640467553405885
2 0.41430444697833524 0.9152035469568722 0.01266533637400228 0.07253526803708182
11 0.27422748004561004 0.6112454655380894 0.028087229190421892 0.05839983877468762
2 0.1918643101482326 0.7120636839983878 0.04462371721778791 0.01204353083434099
2 0.649130558722919 0.7521805723498589 0.11285632839224628 0.015179363160016121
3 0.14433295324971493 0.1810479645304313 0.03907639680729761 0.0164167674324869
2 0.5945752565564424 0.5549899234179766 0.028355188141391107 0.016513502619911326
2 0.1804418472063854 0.39804111245465534 0.030353477765108324 0.016799677549375253
2 0.8293415051311288 0.355751713018944 0.01669042189281642 0.17026199113260782
0 0.27019954389965795 0.381515517936316 0.01338369441277081 0.03252317613865377
0 0.3229218928164196 0.3249334945586457 0.012862029646522234 0.035771866182990726
2 0.8293814139110604 0.5162756952841596 0.017232041049030786 0.1489359129383313
1 0.2710661345496009 0.21892382103990327 0.014615165336374003 0.028702136235388954
2 0.7954218928164196 0.4359209995969367 0.016074686431014822 0.07553405884723902
2 0.5365478905359179 0.752204756146715 0.1079218928164196 0.015610640870616685
1 0.26875427594070694 0.2805118903667876 0.037289053591790196 0.015340588472390166
2 0.31774230330672754 0.7732930270052398 0.05265108323831243 0.01286577992744861
0 0.29106043329532494 0.37737605804111246 0.012471493728620296 0.041535671100362756
12 0.44296180159635123 0.666223297057638 0.06541619156214366 0.017488915759774286
0 0.11470353477765108 0.353925836356308 0.012887685290763968 0.04644498186215236
2 0.6457497149372862 0.15300282144296656 0.10181299885974915 0.016557839580814186
2 0.23076966932725199 0.2140548166062072 0.026228620296465225 0.012736799677549376
3 0.951536488027366 0.7061104393389762 0.03781641961231471 0.015251914550584443
2 0.5536773090079817 0.5171543732365981 0.016422462941847207 0.14934703748488512
2 0.22872291904218928 0.39999999999999997 0.036220068415051314 0.013542926239419589
0 0.30311003420752564 0.3606166868198307 0.013606043329532497 0.03504635227730754
3 0.8933295324971494 0.6719145505844417 0.01694412770809578 0.020386940749697702
2 0.1998489167616876 0.2345949214026602 0.0335091220068415 0.01845626763401854
15 0.14153363740022806 0.23514308746473195 0.019632269099201825 0.025542120112857718
15 0.20796465222348914 0.16688432083837162 0.019655074116305588 0.03404675534058847
3 0.3064310148232611 0.8730108827085853 0.03010262257696693 0.02305521966948811
3 0.15624002280501711 0.21208786779524388 0.015116875712656784 0.029762192664248288
15 0.614811858608894 0.580850463522773 0.01935290763968073 0.020435308343409918
3 0.9480216647662485 0.6434058847239016 0.031844355758266815 0.013982265215638855
2 0.2425798175598632 0.3468681983071342 0.030943557582668185 0.016126561870213624
0 0.13021664766248575 0.36497783151954855 0.01032212086659065 0.029403466344216044
3 0.947799315849487 0.6715920999596937 0.0320096921322691 0.013671906489318824
15 0.2528620296465222 0.3130874647319629 0.02622291904218928 0.02816606207174526
11 0.7535119726339795 0.49123740427247076 0.015826681870011402 0.04222087867795244
3 0.9238996579247434 0.6826763401854091 0.01736031927023945 0.014852881902458686
2 0.5450769669327252 0.1550261991132608 0.10598631698973775 0.020358726320032244
3 0.9240535917901939 0.7164893188230552 0.019327251995438995 0.017875856509471988
3 0.8824857468643102 0.6802378073357518 0.016676168757126568 0.018137847642079808
3 0.3292987457240593 0.9275735590487706 0.02186145952109464 0.04256751309955663
2 0.22883409350057013 0.19347440548166062 0.030843785632839224 0.013031035872632003
11 0.2464253135689852 0.6150705360741636 0.03540193842645382 0.04425634824667473
16 0.8999401368301025 0.7583958081418782 0.15522234891676168 0.03357114066908505
2 0.1815478905359179 0.6882910116888352 0.02250285062713797 0.010914953647722691
2 0.36266818700114023 0.7804554615074566 0.04060148232611175 0.013720274083031036
2 0.2374828962371722 0.5357597742845627 0.0370096921322691 0.015199516324062879
15 0.4066049030786773 0.8658282950423216 0.02075256556442417 0.02965739621120516
3 0.7463768529076397 0.42979443772672304 0.017862029646522233 0.02145908907698509
3 0.9250826681870011 0.6539903264812575 0.016143101482326113 0.0179242241031842
