0 0.2860645161290323 0.3982041049030787 0.027153225806451613 0.0461060433295325
2 0.3018306451612903 0.1284891676168757 0.12487903225806452 0.04192132269099202
0 0.3140322580645161 0.9289452679589509 0.02665322580645161 0.053916761687571264
2 0.4940241935483871 0.8623945267958951 0.02554838709677419 0.07364880273660206
0 0.33875806451612905 0.3661060433295325 0.022556451612903226 0.06214937286202965
2 0.502266129032258 0.47969783352337514 0.020048387096774194 0.1037115165336374
2 0.16699193548387095 0.2625370581527936 0.043774193548387096 0.08308437856328392
0 0.2921451612903226 0.7442417331812999 0.038137096774193545 0.035324971493728624
0 0.27060483870967744 0.7793728620296465 0.03456451612903226 0.031077537058152794
2 0.49380645161290326 0.7980957810718358 0.025241935483870968 0.033301026225769664
2 0.5415967741935485 0.664618015963512 0.03407258064516129 0.46305587229190426
3 0.7536935483870968 0.7627765108323832 0.03670161290322581 0.038802736602052454
3 0.7528951612903226 0.8953078677309008 0.029766129032258063 0.03790193842645382
