0 0.417096 0.349412 0.068506 0.015686
12 0.890876 0.689412 0.061231 0.018824
0 0.882085 0.631765 0.042134 0.028627
2 0.862383 0.567843 0.036375 0.051765
12 0.912701 0.534902 0.063353 0.020784
13 0.901788 0.419216 0.062443 0.016078
0 0.884814 0.371373 0.033647 0.018431
0 0.88542 0.395294 0.03395 0.014118
0 0.903001 0.478039 0.039709 0.03098
2 0.756593 0.411765 0.066384 0.015294
2 0.721734 0.391765 0.130343 0.015294
2 0.76508 0.367059 0.081843 0.017647
2 0.722037 0.343529 0.16702 0.019216
15 0.705365 0.583137 0.026978 0.028627
15 0.706881 0.553725 0.025462 0.030588
12 0.572295 0.577255 0.051834 0.014902
12 0.572295 0.559216 0.051834 0.018824
2 0.237951 0.775686 0.092755 0.016471
2 0.220976 0.746667 0.062746 0.018824
3 0.162473 0.734902 0.037587 0.016471
2 0.188845 0.528627 0.063959 0.015294
4 0.11549 0.495686 0.074265 0.022745
15 0.208548 0.598039 0.024856 0.038824
15 0.292513 0.598431 0.026675 0.039216
4 0.364959 0.598824 0.073356 0.018039
15 0.423462 0.422353 0.026069 0.036471
15 0.503789 0.418039 0.031222 0.031373
0 0.501667 0.467451 0.039103 0.02902
0 0.463777 0.494902 0.039709 0.027059
4 0.422552 0.552941 0.074871 0.02
15 0.388603 0.500784 0.029706 0.031765
15 0.339194 0.52 0.023947 0.032941
5 0.108518 0.432157 0.058199 0.019216
15 0.173689 0.425882 0.025159 0.033725
2 0.145499 0.423529 0.030615 0.073725
2 0.187633 0.381176 0.06214 0.014902
2 0.250379 0.376078 0.065474 0.019216
7 0.318885 0.354902 0.07184 0.022353
7 0.184905 0.356863 0.077296 0.023529
15 0.320703 0.318039 0.020612 0.041569
15 0.178842 0.317647 0.024553 0.037255
2 0.252501 0.316863 0.122461 0.016078
