11 0.22595095523239234 0.2644395161290322 0.11349586541203308 0.06943548387096773
5 0.488577131451383 0.45656451612903226 0.04424864556601084 0.014866935483870967
0 0.8994810379241517 0.23056854838709676 0.02747077274023382 0.014076612903225805
2 0.5827288280581694 0.24874193548387097 0.04598232107214143 0.01458467741935484
2 0.5629369831765041 0.21624999999999997 0.0546050755631594 0.012939516129032259
0 0.6255688622754491 0.4489072580645161 0.029985742800114058 0.02135483870967742
0 0.48988309096093524 0.43741532258064514 0.02748502994011976 0.023564516129032258
0 0.707276874821785 0.25599193548387095 0.02694610778443114 0.013455645161290322
15 0.5998859424009125 0.6589354838709678 0.01794126033646992 0.02270967741935484
12 0.438654120330767 0.6239475806451613 0.0704448246364414 0.016475806451612902
