1 0.7596362534101243 0.37968235294117647 0.08437405274325555 0.019662745098039214
10 0.7242164292209761 0.2835450980392157 0.10861170051530766 0.022172549019607843
5 0.5815095483479843 0.606756862745098 0.10583813276750531 0.022568627450980393
7 0.725101545923007 0.3022666666666667 0.108299484692331 0.020545098039215687
15 0.5905971506517127 0.4026470588235294 0.02559866626250379 0.025631372549019607
15 0.7030797211276144 0.490435294117647 0.021961200363746592 0.031082352941176474
0 0.7376174598363141 0.5718666666666666 0.06679903000909367 0.01950588235294118
0 0.5788875416792968 0.588870588235294 0.022822067293119128 0.019462745098039216
15 0.6419096695968475 0.43754117647058827 0.023343437405274326 0.028184313725490198
15 0.6815913913307063 0.4445882352941177 0.030084874204304335 0.028854901960784312
