16 0.12843548387096773 0.49691956645750146 0.11530645161290322 0.037005134055904165
8 0.7630725806451614 0.3432458642327439 0.032395161290322584 0.09132915002852253
15 0.5945887096774193 0.0776497432972048 0.04259677419354839 0.03572162007986309
1 0.43050000000000005 0.6112207644038791 0.05475806451612904 0.019018824871648604
15 0.4233790322580645 0.12916714204221336 0.044016129032258065 0.03420422133485453
1 0.42794354838709675 0.5228978893325728 0.050225806451612905 0.01877353108956075
1 0.6209354838709678 0.5263377067883628 0.0545483870967742 0.018590986879634914
0 0.36544354838709675 0.344780376497433 0.022137096774193548 0.0670907016543069
1 0.6217177419354838 0.6101597261836851 0.05738709677419355 0.01871648602395893
0 0.7315806451612903 0.3417227609811751 0.02490322580645161 0.08637763833428408
2 0.5243145161290322 0.26583000570450654 0.07190322580645161 0.0227780946948089
