3 0.277651 0.331288 0.029647 0.023663
2 0.189852 0.183173 0.054732 0.019281
11 0.176169 0.22787 0.0439 0.068361
3 0.405359 0.183173 0.04504 0.030675
2 0.3626 0.127082 0.062714 0.039439
2 0.305587 0.124452 0.051881 0.020158
2 0.259407 0.156004 0.112885 0.016652
15 0.283352 0.209465 0.016534 0.025416
15 0.36374 0.161262 0.017104 0.021911
15 0.427594 0.234005 0.023375 0.039439
2 0.50057 0.435583 0.3187 0.025416
5 0.450969 0.486415 0.072406 0.029798
0 0.45496 0.453988 0.04504 0.038563
0 0.36431 0.382121 0.049601 0.04908
2 0.198974 0.449606 0.076397 0.045574
2 0.194413 0.356705 0.063284 0.049956
0 0.109464 0.413672 0.0439 0.021034
0 0.055872 0.413672 0.042189 0.042068
7 0.055302 0.443471 0.071266 0.028046
0 0.115735 0.571429 0.04732 0.037686
5 0.102052 0.60298 0.065564 0.029798
2 0.303307 0.726556 0.198974 0.051709
5 0.289624 0.676599 0.064994 0.028922
0 0.283922 0.643295 0.047891 0.042068
1 0.451539 0.6617 0.051311 0.025416
2 0.693843 0.352323 0.081528 0.021911
5 0.882554 0.396144 0.070125 0.028046
7 0.785633 0.396144 0.075257 0.027169
2 0.704105 0.486415 0.080388 0.043821
2 0.711517 0.450482 0.052452 0.022787
15 0.640821 0.595092 0.018814 0.033304
3 0.736032 0.595968 0.04504 0.019281
1 0.804447 0.594216 0.04732 0.019281
15 0.749715 0.51709 0.022235 0.028922
15 0.798746 0.526731 0.019954 0.030675
0 0.831243 0.439965 0.0439 0.04645
5 0.937856 0.441718 0.066135 0.028046
0 0.941847 0.407537 0.04732 0.041192
0 0.884835 0.361963 0.048461 0.042945
0 0.783352 0.358457 0.04618 0.050833
11 0.743444 0.260298 0.038198 0.078878
15 0.553592 0.24277 0.018814 0.029798
0 0.541619 0.185802 0.04675 0.035057
2 0.68358 0.200701 0.062714 0.035057
2 0.658495 0.152498 0.104903 0.035933
2 0.571836 0.134969 0.067845 0.037686
2 0.554732 0.08326 0.078107 0.038563
2 0.359749 0.084137 0.309008 0.038563
2 0.457241 0.038563 0.509122 0.040316
