2 0.540152 0.374002 0.090909 0.015964
2 0.459091 0.347777 0.018182 0.04447
15 0.521212 0.391676 0.02197 0.016534
15 0.52803 0.36431 0.020455 0.015393
15 0.475758 0.350057 0.022727 0.017104
8 0.302273 0.478335 0.028788 0.007982
0 0.22197 0.470924 0.072727 0.015964
11 0.209848 0.452109 0.107576 0.018244
0 0.209091 0.445268 0.027273 0.010262
0 0.207576 0.436146 0.022727 0.010262
0 0.206818 0.426454 0.021212 0.010262
3 0.111364 0.3626 0.025 0.010832
2 0.246212 0.400228 0.015152 0.033067
2 0.260606 0.385405 0.015152 0.041619
2 0.352273 0.378563 0.021212 0.055872
2 0.332576 0.392816 0.014394 0.029647
2 0.333333 0.366021 0.015152 0.029076
15 0.290909 0.443558 0.018182 0.013683
15 0.315909 0.399088 0.018182 0.013683
15 0.315909 0.372292 0.018182 0.013683
15 0.277273 0.36488 0.018182 0.013683
1 0.302273 0.342075 0.018939 0.021095
6 0.178788 0.342645 0.025 0.013683
1 0.109091 0.401368 0.018182 0.019384
0 0.228788 0.324971 0.081061 0.016534
10 0.305303 0.417902 0.010606 0.016534
7 0.342424 0.423033 0.011364 0.020525
8 0.111364 0.332953 0.027273 0.007982
15 0.226515 0.580388 0.020455 0.015964
15 0.198485 0.564424 0.025 0.018244
15 0.219697 0.564994 0.020455 0.018244
2 0.199242 0.551881 0.048485 0.009692
11 0.557576 0.867161 0.060606 0.080388
9 0.493939 0.827252 0.023485 0.007982
2 0.563636 0.82041 0.062879 0.017104
2 0.55 0.912201 0.084848 0.017104
2 0.463636 0.843216 0.024242 0.038198
2 0.465909 0.897377 0.022727 0.042759
9 0.494697 0.919042 0.025 0.007982
15 0.521212 0.90764 0.019697 0.014823
15 0.538636 0.894527 0.019697 0.013683
15 0.478788 0.881414 0.027273 0.018814
15 0.537879 0.840365 0.020455 0.016534
15 0.484848 0.843786 0.019697 0.016534
15 0.521212 0.81699 0.02197 0.018814
7 0.821212 0.633409 0.009848 0.022805
8 0.783333 0.693273 0.033333 0.007982
15 0.770455 0.712657 0.025 0.016534
0 0.65 0.68358 0.073485 0.025656
2 0.688636 0.840935 0.14697 0.017104
7 0.821212 0.90821 0.011364 0.022235
15 0.771212 0.879133 0.023485 0.019954
15 0.787121 0.919612 0.021212 0.017104
2 0.805303 0.844356 0.02803 0.173318
2 0.840909 0.944698 0.026515 0.037628
2 0.842424 0.847777 0.027273 0.169327
2 0.839394 0.696123 0.027273 0.158495
2 0.871212 0.793044 0.043182 0.335804
2 0.909091 0.492018 0.067424 0.883694
2 0.857576 0.482326 0.028788 0.277081
15 0.812879 0.607184 0.025 0.022235
15 0.771212 0.542189 0.023485 0.017674
0 0.65303 0.525656 0.047727 0.026796
7 0.818182 0.360889 0.009091 0.020525
0 0.651515 0.426454 0.046212 0.022805
2 0.652273 0.335804 0.012879 0.025656
2 0.666667 0.348917 0.011364 0.030787
15 0.769697 0.401938 0.024242 0.021665
15 0.764394 0.245154 0.021212 0.017674
8 0.77803 0.22748 0.031061 0.009692
2 0.832576 0.265108 0.029545 0.169327
2 0.859848 0.198974 0.025 0.283922
8 0.776515 0.121437 0.029545 0.007982
15 0.762879 0.140251 0.02197 0.019954
2 0.808333 0.128278 0.014394 0.09122
2 0.834848 0.127708 0.014394 0.09065
2 0.837121 0.068415 0.013636 0.026226
0 0.645455 0.217788 0.069697 0.021665
0 0.643182 0.112885 0.074242 0.020525
2 0.543939 0.13626 0.089394 0.015964
9 0.487121 0.143672 0.024242 0.007982
2 0.456818 0.113455 0.024242 0.049601
15 0.515909 0.156214 0.021212 0.016534
15 0.530303 0.127708 0.020455 0.014823
15 0.475 0.115165 0.015909 0.015393
3 0.27803 0.111174 0.025 0.008552
1 0.293939 0.143672 0.011364 0.018244
1 0.283333 0.095211 0.011364 0.018244
10 0.118939 0.068415 0.011364 0.016534
7 0.141667 0.066705 0.010606 0.019954
2 0.080303 0.106043 0.014394 0.04333
2 0.097727 0.073546 0.025 0.061574
2 0.09697 0.116876 0.014394 0.025656
15 0.116667 0.122577 0.02197 0.014823
15 0.127273 0.097491 0.018939 0.012543
15 0.129545 0.078677 0.015152 0.012543
15 0.249242 0.074116 0.015909 0.014253
15 0.264394 0.059863 0.018182 0.014253
0 0.190152 0.063284 0.021212 0.010832
0 0.212121 0.042759 0.065909 0.017104
