16 0.4216330645161291 0.8134398174557901 0.11126209677419355 0.04787221905305191
11 0.891383064516129 0.3978151739874501 0.04904032258064516 0.12487735310895608
11 0.8912177419354838 0.28690245293782085 0.05689516129032258 0.11613234455219625
2 0.20478225806451614 0.17661722760981177 0.044088709677419353 0.014848830576155164
2 0.23286290322580644 0.14786651454649172 0.08433870967741935 0.015276668568168854
2 0.5863830645161291 0.17715345122646892 0.045048387096774195 0.014135767256132345
2 0.2208306451612903 0.5644095835710211 0.05371774193548387 0.01450656018254421
15 0.44525000000000003 0.3899657729606389 0.02192741935483871 0.02381631488876212
2 0.5144637096774193 0.564215630347975 0.06959677419354839 0.014808899030233885
15 0.565641129032258 0.3909526525955505 0.019681451612903227 0.021762692527096405
2 0.27560483870967745 0.5648260125499144 0.06845161290322581 0.014432401597261836
2 0.39453629032258064 0.5980490587564177 0.07154435483870968 0.015482030804335425
15 0.22126209677419356 0.39045065601825446 0.024354838709677418 0.025305191100969765
0 0.08984677419354839 0.3412435824301198 0.013516129032258066 0.033793496862521394
2 0.3951895161290323 0.11517398745008557 0.4046491935483871 0.01416999429549344
2 0.5691895161290322 0.5632116371933827 0.05431854838709678 0.014677695379349686
0 0.5227016129032258 0.49637763833428405 0.02315725806451613 0.011893896177980605
2 0.5554153225806452 0.5322646891043924 0.07860080645161291 0.014609241300627495
2 0.5111330645161289 0.5969766115231032 0.16435887096774193 0.018020536223616657
0 0.6436129032258064 0.3426297775242442 0.014221774193548389 0.061517398745008556
2 0.27276209677419355 0.5978950370792926 0.1634475806451613 0.01975470621791215
2 0.23043951612903227 0.5328579577866515 0.07517741935483871 0.0150656018254421
0 0.6552217741935484 0.3387621220764404 0.01730241935483871 0.06969195664575015
0 0.13610887096774194 0.34269823160296636 0.012818548387096774 0.053017683970336564
2 0.20063709677419353 0.20981745579007416 0.037133064516129036 0.013023388476896748
0 0.266625 0.49779235596120935 0.020967741935483872 0.01127780946948089
15 0.34154435483870965 0.39157444381061035 0.025153225806451615 0.024095835710211067
0 0.28548790322580647 0.34363947518539645 0.01472983870967742 0.037524244152880776
11 0.840016129032258 0.4631317741015402 0.05403629032258064 0.02991443240159726
2 0.5881975806451613 0.21070735881346264 0.03553225806451613 0.013525385054192813
6 0.3324758064516129 0.20616657159155735 0.01792741935483871 0.017119224187107818
0 0.5278548387096774 0.3426012549914433 0.014374999999999999 0.03631488876212208
0 0.7201854838709677 0.3405590416428979 0.015419354838709678 0.04755847119224187
1 0.617125 0.3237934968625214 0.010693548387096774 0.03548203080433543
2 0.2485 0.4442669709070165 0.016548387096774194 0.06992584141471762
0 0.3955927419354839 0.34363377067883627 0.016048387096774194 0.06080433542498574
15 0.8164556451612903 0.22579577866514547 0.01815725806451613 0.021768397033656586
0 0.6732620967741936 0.37091272104962925 0.013907258064516129 0.06359954363947518
0 0.11382661290322582 0.38289218482601256 0.01052016129032258 0.0356531660011409
2 0.5464879032258064 0.5634512264689104 0.008213709677419355 0.013884768967484312
0 0.4589153225806451 0.344187107815174 0.015379032258064517 0.05877353108956075
0 0.34545564516129035 0.3440901312036509 0.015774193548387095 0.05426697090701654
1 0.15907258064516128 0.35532800912721046 0.007794354838709677 0.033274386765544776
15 0.8201612903225807 0.19389047347404448 0.015338709677419354 0.022812321734169996
0 0.5356290322580645 0.44286366229321167 0.014943548387096776 0.07232743867655449
