16 0.8105725806451614 0.6075470621791215 0.18375806451612905 0.051289218482601255
5 0.2809032258064516 0.24018254420992585 0.09916129032258064 0.023559612093553905
15 0.24655645161290324 0.4167370222475756 0.04417741935483871 0.035772960638904734
15 0.15181451612903227 0.30491158014831715 0.04161290322580645 0.03511123787792356
2 0.19766935483870968 0.48772390188248715 0.09801612903225806 0.019783228750713065
11 0.6259274193548386 0.5862293211637194 0.04284677419354839 0.06407301768397033
2 0.4571774193548387 0.5871192241871078 0.02117741935483871 0.06231602966343411
3 0.5595 0.6340216771249287 0.030516129032258067 0.03502567027952082
3 0.4558709677419355 0.6309013120365089 0.02857258064516129 0.027507130633200226
15 0.2055725806451613 0.3082087849401027 0.041693548387096775 0.03212778094694809
0 0.721758064516129 0.21940102681118084 0.039870967741935485 0.03410154021677125
10 0.26391935483870965 0.1851911009697661 0.06716129032258064 0.021043924700513406
2 0.16993548387096774 0.0876155162578437 0.06248387096774194 0.015675984027381632
0 0.07394354838709677 0.2823844837421563 0.015685483870967742 0.03460353679406731
0 0.11050000000000001 0.28155162578436965 0.017967741935483873 0.03568168853394181
0 0.4956451612903226 0.07581289218482602 0.030782258064516132 0.01872219053051911
0 0.3349677419354839 0.2822304620650314 0.03183064516129032 0.05419281232173417
2 0.5173225806451613 0.5438334284084427 0.0752983870967742 0.017752424415288078
