15 0.19218928164196125 0.10493917274939171 0.02603762827822121 0.03294403892944039
2 0.2630558722919042 0.07442822384428223 0.11860889395667046 0.020746147607461473
15 0.39981755986316986 0.2814922952149229 0.023722919042189282 0.03125709651257096
2 0.2585461801596351 0.5334793187347932 0.09060433295324971 0.018694241686942416
2 0.2929190421892816 0.13761557177615572 0.07161915621436717 0.019756690997566908
15 0.33230330672748004 0.09388483373884834 0.027052451539338655 0.030389294403892944
2 0.2762656784492588 0.49991889699918896 0.05648802736602052 0.018523925385239254
2 0.9276111744583808 0.3404055150040552 0.016590649942987458 0.23974047039740473
2 0.2269327251995439 0.7721167883211679 0.050228050171037625 0.02070559610705596
0 0.4321949828962372 0.5456285482562855 0.018010262257696693 0.03719383617193836
15 0.2681356898517674 0.1721573398215734 0.02879133409350057 0.032197891321978915
2 0.2688084378563284 0.43071370640713713 0.11446978335233751 0.015312246553122464
15 0.3411630558722919 0.35043795620437956 0.023027366020524517 0.029821573398215735
2 0.7059064994298746 0.17411192214111923 0.07680729760547321 0.02129764801297648
2 0.7094298745724059 0.6959691808596918 0.07812428734321551 0.014793187347931872
0 0.3574401368301027 0.4061638280616383 0.016385404789053593 0.0345904298459043
0 0.3833922462941847 0.5452311435523114 0.02072405929304447 0.038978102189781025
3 0.6546636259977194 0.2621573398215734 0.025553021664766248 0.027664233576642334
0 0.4126168757126568 0.36826439578264397 0.021562143671607754 0.05417680454176804
0 0.09220638540478905 0.5541443633414437 0.016351197263397947 0.03849148418491484
2 0.7109407069555302 0.723154906731549 0.3295895096921323 0.023138686131386862
2 0.28383124287343214 0.1075912408759124 0.06860889395667047 0.02259529602595296
3 0.6758551881413911 0.3989132197891322 0.023546180159635118 0.03754257907542579
2 0.9152793614595212 0.46403892944038927 0.02293044469783352 0.06176804541768045
1 0.34668757126567845 0.1719059205190592 0.03587229190421893 0.01965936739659367
2 0.22831812998859752 0.5584833738848337 0.027588369441277082 0.026382806163828064
2 0.7121037628278221 0.7588564476885644 0.3647833523375143 0.019740470397404702
