15 0.719498 0.526231 0.023375 0.033898
0 0.708666 0.438257 0.031927 0.033091
2 0.691562 0.298628 0.050741 0.017756
2 0.100342 0.412429 0.019384 0.384988
10 0.111174 0.407587 0.013113 0.051655
15 0.297035 0.610977 0.023945 0.033898
1 0.209236 0.549637 0.015964 0.038741
8 0.22805 0.179984 0.052452 0.018563
0 0.232041 0.159806 0.054162 0.022599
5 0.065564 0.199354 0.04675 0.020985
15 0.13455 0.185634 0.022235 0.029863
1 0.124857 0.254237 0.010832 0.037934
2 0.198404 0.238095 0.014253 0.08071
1 0.268529 0.24778 0.010832 0.031477
15 0.293615 0.205811 0.021095 0.035513
