0 0.4980549019607843 0.4514008489993936 0.12278823529411766 0.04627046694966646
15 0.6075372549019608 0.5668405093996361 0.039380392156862745 0.04855063674954518
15 0.5303176470588236 0.5950636749545178 0.03863137254901961 0.0509278350515464
0 0.5780980392156864 0.3911946634323833 0.11953725490196078 0.046943602183141295
7 0.6070039215686274 0.11705882352941177 0.14670196078431372 0.030994542146755608
15 0.7300941176470588 0.22361431170406307 0.037109803921568624 0.045924802910855066
2 0.6619019607843137 0.1652819890842935 0.13308627450980393 0.04392965433596119
15 0.6494823529411765 0.21587628865979383 0.036062745098039216 0.043032140691328075
4 0.49785098039215686 0.48822922983626443 0.1454156862745098 0.0300970285021225
1 0.7908117647058823 0.6508368708308065 0.0916156862745098 0.025093996361431174
15 0.8243490196078432 0.2337477258944815 0.031152941176470588 0.04587628865979382
2 0.7259568627450981 0.3476349302607641 0.10279999999999999 0.03402668283808369
11 0.7851803921568627 0.2539963614311704 0.03235294117647059 0.11682838083687083
