2 0.27298916143753565 0.05191935483870967 0.20528237307472905 0.02665322580645161
2 0.2428066172276098 0.11590322580645161 0.13934398174557902 0.026548387096774196
2 0.2815288077581289 0.16161290322580646 0.05090701654306902 0.02479032258064516
2 0.36968625213918993 0.15753225806451612 0.058419851682829434 0.022911290322580644
0 0.12375356531660012 0.34754032258064516 0.021939532230462064 0.054693548387096766
0 0.4612378779235596 0.41654032258064516 0.018054763262977752 0.05333064516129032
15 0.6154249857387335 0.5271129032258065 0.07569880205362235 0.03782258064516129
0 0.5017855105533371 0.4126048387096774 0.017067883628066174 0.054846774193548394
1 0.7425670279520822 0.587 0.06680547632629777 0.020411290322580645
0 0.41389047347404445 0.3599758064516129 0.02478037649743297 0.17136290322580647
