10 0.40601265822784816 0.505091220068415 0.017254746835443036 0.04742873432155074
15 0.6757357594936709 0.08277651083238312 0.023544303797468354 0.023358038768529075
2 0.7859572784810127 0.4986259977194983 0.01602848101265823 0.10060433295324972
2 0.43271360759493677 0.560381984036488 0.020696202531645568 0.06253705815279362
2 0.06082278481012658 0.49501140250855186 0.02045094936708861 0.0810376282782212
15 0.4704430379746835 0.6519555302166476 0.0228876582278481 0.03266248574686431
2 0.36559335443037977 0.43282782212086657 0.023821202531645568 0.24033067274800457
2 0.4041376582278481 0.27118586088939567 0.02423259493670886 0.05432155074116306
15 0.6713765822784811 0.643472063854048 0.02329905063291139 0.024623717217787913
2 0.8104193037974683 0.4688198403648802 0.01636867088607595 0.1561915621436716
2 0.40878164556962027 0.18468643101482327 0.01674841772151899 0.0449714937286203
2 0.44594936708860755 0.16057012542759405 0.016455696202531647 0.05545610034207525
15 0.10821993670886075 0.39765108323831244 0.02442246835443038 0.023688711516533636
8 0.18221518987341773 0.36497149372862026 0.016906645569620255 0.05680159635119726
15 0.6708306962025316 0.12450399087799316 0.02643987341772152 0.022953249714937285
15 0.49754746835443037 0.5986259977194983 0.023219936708860762 0.025729760547320412
0 0.5872389240506329 0.10620866590649942 0.021574367088607594 0.04360319270239453
15 0.6761471518987342 0.6823888255416192 0.0247626582278481 0.02275370581527936
2 0.363623417721519 0.2855188141391106 0.027523734177215188 0.054327251995439
0 0.1599367088607595 0.5416989737742304 0.02073575949367089 0.04425313568985177
2 0.32915348101265823 0.35579247434435574 0.022832278481012658 0.38318700114025084
15 0.35148734177215185 0.21186431014823262 0.023520569620253166 0.023762827822120865
0 0.1607990506329114 0.36476054732041047 0.021724683544303798 0.04428734321550742
2 0.7378955696202532 0.2841676168757127 0.01386867088607595 0.06724629418472064
0 0.6262816455696203 0.6598859749144812 0.021020569620253164 0.03735461801596351
2 0.1602136075949367 0.8314196123147092 0.016004746835443038 0.05466932725199544
0 0.15722310126582278 0.48997149372862026 0.03091772151898734 0.02860889395667047
15 0.7732753164556961 0.2141448118586089 0.024849683544303797 0.023318129988597492
8 0.1805142405063291 0.5357981755986316 0.01716772151898734 0.05770809578107183
0 0.7358544303797468 0.35901368301026226 0.029003164556962023 0.03418472063854048
1 0.719881329113924 0.09184150513112885 0.01636867088607595 0.06010832383124288
0 0.5655854430379746 0.06583808437856328 0.022246835443037974 0.04005701254275941
2 0.5758148734177215 0.5615165336374002 0.016210443037974684 0.06350057012542759
8 0.7830300632911392 0.6305017103762829 0.014920886075949366 0.05691562143671608
2 0.12244462025316456 0.7207867730900798 0.024382911392405063 0.07301026225769669
7 0.5951661392405063 0.7046750285062714 0.018338607594936707 0.054623717217787915
11 0.49799050632911396 0.14028506271379704 0.054833860759493674 0.02248574686431015
1 0.06524525316455695 0.3816875712656785 0.019683544303797467 0.05766818700114026
2 0.4125 0.44959521094640825 0.0160126582278481 0.0488939566704675
0 0.574382911392405 0.7026054732041048 0.020245253164556963 0.046607753705815276
2 0.7467879746835443 0.1589224629418472 0.014390822784810128 0.04525085518814139
0 0.7644145569620253 0.6390763968072977 0.022009493670886077 0.04779931584948689
15 0.10534810126582278 0.5080843785632839 0.02381329113924051 0.022776510832383128
7 0.6080300632911392 0.10628278221208665 0.015632911392405066 0.053757126567844926
2 0.5912737341772152 0.5605359179019384 0.016020569620253163 0.06615165336374003
14 0.2936787974683544 0.5697377423033068 0.015988924050632913 0.044082098061573545
8 0.44780854430379746 0.7046750285062714 0.01970727848101266 0.05297605473204105
0 0.42334651898734177 0.7138540478905359 0.029746835443037977 0.039498289623717216
11 0.45261867088607594 0.49343785632839227 0.0566376582278481 0.043637400228050176
0 0.7309177215189874 0.2088255416191562 0.02575158227848101 0.03605473204104903
2 0.820007911392405 0.16576396807297605 0.026938291139240504 0.05843785632839225
3 0.5601898734177215 0.4809293044469783 0.02418512658227848 0.04921322690992018
2 0.1450237341772152 0.43807867730900796 0.02821993670886076 0.052947548460661346
