2 0.6625 0.169994 0.170565 0.042784
2 0.435887 0.412436 0.019758 0.065602
2 0.296774 0.666857 0.104032 0.028523
2 0.303629 0.630348 0.091129 0.029663
2 0.242339 0.628066 0.032661 0.02567
2 0.245161 0.592698 0.029435 0.02567
11 0.288306 0.557901 0.023387 0.082715
3 0.367742 0.527667 0.021371 0.027382
0 0.485484 0.414147 0.014919 0.061038
0 0.460484 0.414718 0.015726 0.039932
3 0.372581 0.475185 0.024597 0.03765
0 0.182258 0.408443 0.016129 0.082145
6 0.155645 0.427838 0.019355 0.060468
0 0.132661 0.407872 0.015726 0.048488
2 0.342742 0.200228 0.029032 0.023959
2 0.287097 0.201369 0.080645 0.02567
2 0.3875 0.160867 0.053226 0.033086
2 0.352419 0.16429 0.015726 0.022818
2 0.295565 0.16429 0.095968 0.021677
2 0.321371 0.12721 0.149597 0.0251
