2 0.437903 0.342841 0.028226 0.199658
2 0.759677 0.547633 0.021774 0.055904
2 0.758871 0.503137 0.024194 0.036509
11 0.575806 0.850542 0.050806 0.055904
0 0.675806 0.754136 0.045968 0.029663
2 0.796774 0.714775 0.027419 0.059327
2 0.640323 0.679977 0.132258 0.021107
2 0.542742 0.716486 0.031452 0.061609
15 0.579032 0.7085 0.033871 0.02567
15 0.683871 0.701084 0.03629 0.027382
15 0.66371 0.661723 0.035484 0.023959
8 0.742742 0.622932 0.075 0.020536
0 0.666129 0.624073 0.069355 0.019966
1 0.476613 0.62065 0.028226 0.031375
15 0.510484 0.6081 0.035484 0.027952
15 0.400806 0.564746 0.032258 0.026811
2 0.370968 0.3417 0.05 0.466058
0 0.735484 0.340559 0.057258 0.018254
15 0.784677 0.293212 0.035484 0.024529
2 0.854839 0.109527 0.031452 0.058186
2 0.467742 0.117513 0.027419 0.057616
15 0.398387 0.096977 0.035484 0.027382
15 0.527419 0.094695 0.033065 0.026241
15 0.834677 0.06275 0.045161 0.029093
0 0.666129 0.074159 0.074194 0.019966
0 0.655645 0.053622 0.051613 0.019395
