12 0.29075098039215685 0.14902697787208244 0.0692843137254902 0.01491967262806911
2 0.8474235294117647 0.11682327978175204 0.06309019607843137 0.015265231888451046
2 0.5820705882352941 0.14215216732343133 0.039098039215686275 0.014765080327371932
2 0.5612764705882354 0.7779842376477721 0.05659607843137254 0.010836617156714155
2 0.6123725490196078 0.7783207032434071 0.04170392156862745 0.011849045165201577
2 0.6951745098039216 0.11890876023037283 0.2587156862745098 0.019724158836010912
0 0.4091274509803922 0.5160018187329494 0.0348156862745098 0.014692331009396787
2 0.8147725490196078 0.16342528038799636 0.0639156862745098 0.01554713549560473
15 0.3916470588235294 0.6955016671718702 0.022601960784313726 0.020797211276144287
2 0.6091196078431373 0.8129069414974235 0.15048039215686276 0.01179145195513792
2 0.5454901960784314 0.14250985147014247 0.038429411764705886 0.013998181267050621
2 0.5486470588235294 0.11322218854198242 0.03150980392156862 0.019457411336768718
2 0.7250941176470588 0.0910366777811458 0.30979411764705883 0.020030312215822976
2 0.5800666666666667 0.7975477417399213 0.0955921568627451 0.010430433464686268
0 0.32611372549019607 0.3919884813579873 0.02837843137254902 0.012840254622612913
11 0.4898392156862745 0.22512276447408305 0.022637254901960786 0.06208851167020309
2 0.7451117647058824 0.8142406789936344 0.25986470588235294 0.01511670203091846
2 0.7319803921568627 0.5945407699302819 0.10668039215686276 0.013016065474386176
0 0.3749176470588235 0.4458411639890876 0.03606470588235294 0.0211670203091846
2 0.708478431372549 0.8338890572900879 0.3487058823529412 0.015541073052440135
0 0.28636666666666666 0.13031827826614126 0.047515686274509805 0.01604122461351925
11 0.16166666666666665 0.13641103364655957 0.09198627450980391 0.057132464383146404
2 0.8539000000000001 0.5905971506517127 0.0424078431372549 0.011576235222794785
11 0.22132156862745098 0.10531373143376781 0.05197058823529412 0.021254925735071234
7 0.4932215686274509 0.5365231888451045 0.06946666666666666 0.015722946347377992
5 0.3645549019607843 0.4644073961806608 0.07267058823529411 0.016317065777508334
3 0.49444901960784315 0.7289117914519551 0.04648039215686275 0.012809942406789936
0 0.27469019607843137 0.483625341012428 0.03343725490196078 0.012418914822673537
15 0.34126666666666666 0.1573052440133374 0.016570588235294118 0.021776295847226432
2 0.8589882352941177 0.5596514095180357 0.03454705882352941 0.011106395877538647
2 0.9344941176470588 0.46374052743255534 0.03126470588235294 0.5421946044255835
0 0.5045 0.5134040618369203 0.03355686274509804 0.021918763261594424
15 0.42208235294117646 0.6927280994240679 0.017729411764705882 0.020148529857532585
15 0.623978431372549 0.1664686268566232 0.015345098039215688 0.024149742346165504
2 0.7317862745098039 0.4796999090633525 0.032 0.019427099120945743
7 0.7177764705882352 0.4997180963928463 0.04203137254901961 0.013504092149136102
1 0.7100725490196078 0.4304183085783571 0.04556470588235294 0.010575932100636556
15 0.5251509803921569 0.6509457411336768 0.02554313725490196 0.025577447711427705
15 0.7633960784313726 0.505295544104274 0.027129411764705885 0.0263625341012428
0 0.8127490196078432 0.4507699302819036 0.030747058823529412 0.013979993937556834
0 0.6144372549019608 0.4289996968778418 0.029972549019607844 0.016777811458017582
15 0.5171568627450981 0.1875386480751743 0.016794117647058824 0.02516520157623522
15 0.47814117647058824 0.18234616550469837 0.018345098039215687 0.02516520157623522
2 0.5391196078431373 0.21090633525310698 0.05090196078431373 0.014380115186420126
15 0.893364705882353 0.1745559260381934 0.013694117647058824 0.03115792664443771
15 0.7985372549019608 0.49690512276447407 0.01266078431372549 0.023967869051227643
15 0.8061588235294117 0.5801909669596848 0.011886274509803922 0.02516520157623522
15 0.5758098039215687 0.6157411336768718 0.013178431372549019 0.02756289784783268
15 0.47839803921568624 0.6624765080327373 0.017311764705882353 0.023567747802364352
0 0.45462745098039214 0.47513792058199456 0.029198039215686273 0.016377690209154288
15 0.652678431372549 0.7471567141558048 0.012401960784313725 0.02596241285237951
