0 0.24798726886935435 0.5397019607843138 0.1515550166717187 0.05622352941176471
0 0.556210973022128 0.5411803921568628 0.10657775083358594 0.030415686274509805
0 0.5039193695059109 0.4310509803921569 0.05905425886632312 0.03181176470588235
0 0.6140860866929372 0.41079607843137256 0.05034252803879964 0.03136862745098039
0 0.11526220066686875 0.4886156862745098 0.09885116702030919 0.030156862745098042
15 0.3006638375265232 0.6079843137254901 0.02985753258563201 0.031454901960784314
0 0.11629584722643226 0.45340392156862747 0.1044104274022431 0.030941176470588236
2 0.4461685359199758 0.1907686274509804 0.1018278266141255 0.027325490196078436
7 0.48542588663231284 0.7260078431372549 0.1023552591694453 0.019623529411764706
2 0.4588966353440437 0.6922823529411765 0.08378902697787209 0.025333333333333333
2 0.22293725371324644 0.2081450980392157 0.08852682631100334 0.02994901960784314
2 0.3948590481964232 0.14348627450980392 0.09575022734161867 0.024023529411764704
13 0.08709608972415883 0.42301176470588236 0.0568748105486511 0.015905882352941176
15 0.1418217641709609 0.15501568627450982 0.024877235525916943 0.026501960784313723
2 0.4641982418914823 0.23179215686274512 0.0757077902394665 0.030733333333333335
3 0.3236768717793271 0.32286666666666664 0.04150045468323734 0.02503921568627451
1 0.28883904213398 0.4044980392156863 0.08903000909366474 0.030854901960784317
13 0.5245589572597756 0.32127058823529414 0.0898605638072143 0.01772156862745098
0 0.5580963928463171 0.5637411764705882 0.0954592300697181 0.015749019607843136
2 0.36090330403152465 0.23280392156862745 0.11193088814792361 0.029011764705882355
0 0.26772355259169445 0.6870196078431373 0.060051530766899064 0.01724705882352941
2 0.10815701727796302 0.2061058823529412 0.06972719005759322 0.02495294117647059
2 0.09809336162473477 0.11088235294117647 0.07997271900575932 0.09866274509803921
