16 0.4562469733656174 0.8259521094640822 0.044116222760290556 0.17247434435575826
2 0.936408393866021 0.3555302166476625 0.03740112994350283 0.42920182440136834
15 0.8065052461662631 0.44641391106043327 0.03536723163841808 0.03661915621436716
2 0.1184907183212268 0.3781356898517674 0.04523809523809524 0.16111744583808438
15 0.9007021791767554 0.5687913340935006 0.03472962066182405 0.028740022805017102
0 0.7694592413236481 0.3182212086659065 0.03380145278450363 0.014874572405929305
2 0.9025504439063761 0.5120296465222349 0.028547215496368038 0.09107753705815279
15 0.8916626311541566 0.12880273660205244 0.03525423728813559 0.030285062713797033
15 0.6244148506860371 0.47738882554161916 0.04439063761097659 0.027554161915621437
0 0.7691525423728813 0.61442417331813 0.10167070217917676 0.024538198403648803
0 0.7787651331719129 0.042998859749144816 0.0631234866828087 0.019720638540478907
15 0.8127602905569007 0.3781527936145952 0.030750605326876516 0.03234321550741163
2 0.5256900726392252 0.16805587229190422 0.021622276029055688 0.05555872291904219
0 0.7747941888619855 0.41028506271379706 0.032413236481033086 0.0170866590649943
0 0.7655286521388216 0.10416191562143672 0.10282485875706215 0.02200114025085519
2 0.7745762711864407 0.48570695553021664 0.023075060532687652 0.06743443557582668
1 0.5537610976594027 0.9094412770809579 0.020338983050847456 0.06252565564424173
2 0.3053995157384988 0.24986316989737742 0.06411622276029055 0.01982326111744584
15 0.6679499596448749 0.47776510832383123 0.03569007263922518 0.03114025085518814
15 0.1511541565778854 0.3116704675028506 0.039184826472962064 0.03707525655644242
