6 0.876712 0.148718 0.01249 0.016524
15 0.756648 0.202279 0.017325 0.024501
2 0.885979 0.57208 0.040693 0.013105
15 0.872683 0.596011 0.014907 0.025071
15 0.885173 0.622792 0.013699 0.015954
15 0.883562 0.647293 0.014504 0.023932
15 0.865028 0.623362 0.014504 0.019943
3 0.902901 0.654701 0.017325 0.017664
3 0.903707 0.591453 0.019339 0.017664
2 0.894037 0.682051 0.064061 0.021652
2 0.883562 0.702564 0.016116 0.010826
2 0.835214 0.675214 0.007655 0.040456
11 0.840854 0.630769 0.016922 0.045584
2 0.780419 0.654701 0.023771 0.108262
15 0.760677 0.608547 0.01249 0.016524
15 0.730056 0.614815 0.011281 0.017664
15 0.729251 0.626211 0.01249 0.015385
3 0.743352 0.579487 0.017325 0.022222
3 0.715149 0.577208 0.01531 0.023932
2 0.671233 0.568091 0.031023 0.017094
2 0.564464 0.569231 0.185334 0.021083
2 0.610395 0.536182 0.086624 0.018234
2 0.561644 0.536182 0.011684 0.016524
2 0.51249 0.535043 0.082998 0.017664
8 0.777599 0.374929 0.010475 0.05641
0 0.764706 0.337892 0.018533 0.067806
0 0.750201 0.350997 0.00967 0.02849
0 0.730862 0.350997 0.009267 0.02963
2 0.656326 0.325926 0.074134 0.026211
15 0.658743 0.376068 0.014102 0.020513
15 0.639807 0.377778 0.015713 0.021083
10 0.688155 0.426211 0.045528 0.017094
8 0.719581 0.374359 0.010475 0.052422
0 0.707494 0.34302 0.017325 0.089459
15 0.688558 0.301425 0.014102 0.019943
8 0.619259 0.367521 0.011281 0.05641
0 0.607575 0.356125 0.016116 0.082621
0 0.578969 0.331054 0.010073 0.02735
15 0.59307 0.309402 0.015713 0.022792
3 0.622885 0.274074 0.017325 0.023362
2 0.600725 0.197151 0.037067 0.017094
2 0.56809 0.109972 0.194198 0.023932
7 0.557212 0.128205 0.049154 0.014815
2 0.627317 0.158974 0.066479 0.019943
15 0.589444 0.180627 0.013699 0.019373
2 0.534649 0.157265 0.121676 0.015954
2 0.452055 0.154986 0.040693 0.025641
2 0.51531 0.225071 0.014907 0.030199
3 0.578969 0.274074 0.018533 0.024501
3 0.54311 0.274644 0.018936 0.026211
15 0.520145 0.309402 0.016519 0.023362
15 0.465753 0.203419 0.017728 0.023932
15 0.43191 0.243305 0.01531 0.026211
2 0.401289 0.241595 0.014102 0.052991
8 0.401692 0.394872 0.010073 0.054701
8 0.449637 0.367521 0.010878 0.054131
0 0.437147 0.333903 0.017325 0.083191
0 0.420226 0.352137 0.016519 0.033618
0 0.398872 0.333903 0.017325 0.063248
0 0.382756 0.352137 0.016519 0.033048
0 0.349315 0.34416 0.016519 0.033618
0 0.113215 0.34359 0.016519 0.023362
0 0.092667 0.340741 0.016519 0.023362
0 0.072925 0.340171 0.016519 0.023362
2 0.317083 0.307692 0.043513 0.025071
2 0.140612 0.307692 0.046737 0.023362
0 0.214746 0.325356 0.016519 0.033048
0 0.192587 0.312251 0.018533 0.077493
2 0.253828 0.261538 0.037873 0.025071
0 0.286865 0.255271 0.018131 0.076353
2 0.136583 0.169231 0.034649 0.023362
2 0.327558 0.167521 0.029815 0.024501
2 0.267929 0.169231 0.040693 0.024501
2 0.293715 0.14302 0.062047 0.025071
2 0.197824 0.145869 0.129331 0.025071
2 0.228042 0.112821 0.188155 0.025071
