15 0.698387 0.079293 0.059677 0.048488
2 0.307258 0.479749 0.112903 0.030234
2 0.175806 0.462065 0.03871 0.118654
2 0.392742 0.375927 0.148387 0.021677
3 0.423387 0.239589 0.056452 0.022248
0 0.503226 0.31603 0.037903 0.080434
0 0.467742 0.319452 0.037903 0.073018
0 0.181452 0.324016 0.034677 0.092413
0 0.133871 0.318311 0.03629 0.073588
0 0.094355 0.319452 0.03629 0.065031
2 0.367742 0.167142 0.100806 0.021677
2 0.398387 0.136908 0.059677 0.021107
2 0.304839 0.132915 0.126613 0.030234
2 0.325806 0.102681 0.099194 0.021107
