2 0.34403629032258065 0.31810610382201937 0.03785080645161291 0.022452937820878493
2 0.3530645161290323 0.5880490587564176 0.03440322580645161 0.022977752424415288
2 0.35418951612903227 0.24087278950370794 0.05962903225806451 0.02311466058185967
2 0.34661693548387096 0.6221620079863093 0.046512096774193545 0.021557330290929835
0 0.46349193548387096 0.39556759840273814 0.01820564516129032 0.060131203650884195
0 0.48579032258064514 0.4009013120365088 0.01635483870967742 0.0602624073017684
2 0.3440201612903226 0.27698231602966344 0.03945161290322581 0.02089560752994866
0 0.20835483870967744 0.45063320022818026 0.016999999999999998 0.04697661152310325
2 0.3270161290322581 0.554158585282373 0.031254032258064515 0.01791215059897319
2 0.6456491935483871 0.3225556189389618 0.06287903225806452 0.02747290359383913
11 0.35176612903225807 0.5181403308613804 0.027754032258064516 0.06819167142042214
0 0.44004435483870963 0.3921448944666286 0.017233870967741937 0.05636622932116372
3 0.39391935483870966 0.40764403879064465 0.02089516129032258 0.019383913291500285
2 0.323875 0.5838562464346834 0.02605241935483871 0.023331431831146606
2 0.38953629032258064 0.2730405019965773 0.05245161290322581 0.031380490587564175
0 0.2588266129032258 0.3830405019965773 0.018443548387096775 0.09083285795778664
6 0.23131451612903225 0.366999429549344 0.015774193548387095 0.12476896748431261
