15 0.760478431372549 0.6106185567010309 0.029164705882352943 0.03402668283808369
2 0.7706941176470589 0.3782413583990297 0.08399999999999999 0.016725288053365674
2 0.7746588235294118 0.4150576106731352 0.07063137254901962 0.016100667070952094
15 0.7880274509803922 0.30670103092783507 0.024615686274509805 0.037883565797453
15 0.7440313725490196 0.5393208004851425 0.02630980392156863 0.0342874469375379
0 0.6255450980392158 0.4996967859308672 0.036262745098039215 0.015494238932686477
2 0.8826862745098039 0.4865918738629472 0.03491372549019608 0.4709035779260158
2 0.7338392156862745 0.1908186779866586 0.08938039215686273 0.014912067919951486
0 0.13526666666666667 0.44801697998787143 0.07848627450980392 0.01914493632504548
13 0.11499607843137255 0.46677380230442694 0.05275686274509804 0.01805942995755003
12 0.1271607843137255 0.48677986658580963 0.09568235294117647 0.02306246209824136
0 0.21736862745098037 0.25933292904790783 0.03367843137254902 0.01941782898726501
1 0.6363372549019608 0.7514372346876894 0.047 0.026070345664038812
1 0.8340745098039215 0.7544451182534869 0.04732156862745098 0.028550636749545177
2 0.8276235294117648 0.29294724075197087 0.044698039215686276 0.07337780473013948
