6 0.631048 0.134056 0.015726 0.022248
15 0.918145 0.17684 0.015726 0.022248
2 0.228629 0.346834 0.011694 0.016543
0 0.188306 0.326298 0.011694 0.016543
0 0.169355 0.30348 0.011694 0.016543
0 0.153629 0.328009 0.012097 0.029093
0 0.13629 0.313177 0.014113 0.058186
0 0.119758 0.3166 0.014516 0.045636
0 0.237903 0.256132 0.015726 0.06275
2 0.240726 0.188819 0.022984 0.01255
2 0.218548 0.18996 0.020161 0.013691
2 0.314113 0.136908 0.022581 0.013691
2 0.28871 0.137479 0.025403 0.019395
2 0.264919 0.136908 0.031452 0.019395
2 0.291935 0.107245 0.0375 0.021107
2 0.248387 0.107245 0.059274 0.019395
2 0.266532 0.691386 0.089919 0.019395
0 0.18629 0.673702 0.011694 0.021677
0 0.172177 0.676554 0.011694 0.03765
0 0.154839 0.67028 0.011694 0.036509
2 0.291129 0.473474 0.037097 0.016543
2 0.248387 0.471763 0.052823 0.018825
15 0.266129 0.49344 0.014113 0.017684
15 0.192742 0.556189 0.01371 0.018825
15 0.193548 0.503708 0.015726 0.021107
8 0.874194 0.631489 0.009274 0.042784
2 0.814919 0.640616 0.02379 0.02567
2 0.83871 0.64575 0.026613 0.014832
2 0.863306 0.558471 0.016935 0.052481
0 0.864113 0.631489 0.012097 0.055904
15 0.820565 0.60753 0.012097 0.019395
15 0.810081 0.608671 0.012097 0.017684
15 0.865323 0.588135 0.009677 0.013691
15 0.815726 0.58186 0.014516 0.018254
15 0.791129 0.589276 0.01371 0.019395
3 0.829839 0.551626 0.015323 0.024529
3 0.802419 0.551626 0.0125 0.0251
10 0.734274 0.414718 0.033871 0.01255
15 0.724597 0.398175 0.012097 0.017684
7 0.892742 0.436395 0.037097 0.01312
7 0.7875 0.482601 0.03629 0.01312
3 0.825 0.44267 0.014516 0.015973
3 0.787097 0.438677 0.01129 0.018825
2 0.804032 0.365088 0.08871 0.011979
15 0.765323 0.383913 0.010887 0.018825
15 0.822984 0.39247 0.012097 0.018254
15 0.788306 0.3919 0.015323 0.019395
2 0.854839 0.365088 0.018548 0.011409
15 0.875 0.3919 0.012097 0.016543
8 0.889516 0.36737 0.008065 0.039932
8 0.939919 0.37992 0.008871 0.043354
0 0.929839 0.333143 0.012903 0.055904
0 0.916532 0.343982 0.007258 0.0251
0 0.900403 0.343982 0.007661 0.023959
0 0.879435 0.339418 0.014919 0.058186
2 0.883468 0.280662 0.006452 0.017114
15 0.856452 0.3166 0.011694 0.019395
2 0.843145 0.297205 0.016935 0.009698
2 0.83629 0.319452 0.031855 0.011409
2 0.817742 0.319452 0.0125 0.010268
2 0.790726 0.319452 0.041129 0.010268
2 0.764919 0.319452 0.012903 0.010268
0 0.798387 0.302909 0.007258 0.024529
11 0.816935 0.247576 0.015323 0.039361
3 0.8625 0.216771 0.009274 0.014832
2 0.783065 0.258985 0.009677 0.034227
2 0.834677 0.221335 0.034677 0.010268
2 0.810081 0.221335 0.016129 0.008557
15 0.724597 0.247005 0.015323 0.021107
15 0.810484 0.176269 0.011694 0.019966
2 0.804839 0.154022 0.023387 0.014832
2 0.787097 0.153451 0.014113 0.015973
2 0.770565 0.154592 0.022177 0.016543
2 0.8375 0.130633 0.039919 0.015973
2 0.787903 0.130063 0.055645 0.016543
2 0.810081 0.107815 0.097984 0.018254
0 0.728629 0.333143 0.013306 0.060468
0 0.710484 0.334284 0.015323 0.064461
0 0.695565 0.331432 0.012903 0.047918
0 0.679839 0.344552 0.01129 0.027952
0 0.664113 0.345693 0.012097 0.028523
2 0.547177 0.412436 0.041129 0.020536
15 0.48871 0.394752 0.012097 0.017114
2 0.508065 0.32858 0.020565 0.06275
15 0.508065 0.3417 0.010887 0.01255
15 0.499194 0.343411 0.009274 0.015402
3 0.470968 0.358243 0.013306 0.018825
3 0.474597 0.318311 0.01371 0.018825
