6 0.641129 0.654877 0.01371 0.019395
11 0.768952 0.465488 0.025806 0.07587
3 0.777419 0.158585 0.021774 0.042213
11 0.730242 0.118654 0.019758 0.070165
2 0.767339 0.094695 0.055645 0.024529
2 0.709677 0.144324 0.017742 0.06389
8 0.683871 0.504278 0.017339 0.07587
8 0.533871 0.504849 0.017742 0.079293
0 0.668548 0.40502 0.017339 0.115231
0 0.637903 0.409013 0.025806 0.109527
0 0.516532 0.410154 0.019758 0.117513
15 0.607258 0.333143 0.017742 0.027952
15 0.56371 0.333714 0.015726 0.023959
15 0.632661 0.272105 0.016935 0.021677
7 0.535081 0.192242 0.054032 0.019966
15 0.66371 0.221905 0.018145 0.024529
15 0.53629 0.230462 0.017339 0.021107
15 0.583871 0.170565 0.01371 0.019966
2 0.602016 0.150029 0.027419 0.015973
2 0.580645 0.148888 0.020968 0.017114
2 0.585081 0.122076 0.031048 0.022248
15 0.191129 0.591557 0.016532 0.023388
2 0.121774 0.539646 0.017339 0.061038
0 0.309274 0.605248 0.042339 0.0251
0 0.306855 0.471763 0.034274 0.023388
0 0.315323 0.257844 0.068145 0.035938
2 0.225 0.239589 0.019355 0.027382
2 0.225 0.203651 0.019355 0.048488
2 0.225 0.162008 0.019355 0.035938
2 0.127823 0.20251 0.020565 0.066743
0 0.299194 0.132345 0.042742 0.027382
0 0.297984 0.103252 0.032258 0.027382
