2 0.32460392156862744 0.11724681625227411 0.11469803921568628 0.04146755609460279
0 0.3046039215686275 0.38550030321406914 0.025380392156862743 0.043990297149787756
0 0.3467843137254902 0.35180715585203154 0.019262745098039213 0.049745300181928444
2 0.490643137254902 0.8542813826561553 0.026211764705882355 0.06718617343844754
2 0.5011450980392157 0.4728987265009096 0.015858823529411765 0.09431170406306853
0 0.32026666666666664 0.9169981807155853 0.027388235294117647 0.06333535476046089
2 0.19094117647058823 0.2483990297149788 0.02643921568627451 0.07229836264402668
2 0.44593725490196084 0.29751970891449364 0.02700392156862745 0.0805093996361431
0 0.3114431372549019 0.7356276531231049 0.025858823529411764 0.040497271073377805
0 0.29338039215686273 0.7751121892055792 0.0332078431372549 0.04410551849605822
2 0.49201568627450987 0.7922195269860521 0.030509803921568626 0.05101273499090358
3 0.7317960784313725 0.756331109763493 0.030525490196078434 0.03610673135233475
3 0.7297333333333333 0.8903881140084899 0.03229019607843137 0.04376591873862947
5 0.5118274509803922 0.7132686476652517 0.029701960784313725 0.08137659187386295
2 0.5427843137254902 0.6550030321406912 0.032047058823529415 0.4618132201334142
