0 0.121569 0.445725 0.12549 0.057004
3 0.291373 0.476653 0.071765 0.04245
0 0.397255 0.38872 0.12 0.044876
0 0.307451 0.317768 0.123137 0.052759
15 0.275686 0.234688 0.02902 0.046089
1 0.107843 0.224378 0.110196 0.047908
2 0.139216 0.135233 0.147059 0.044876
2 0.256863 0.182535 0.151765 0.044269
7 0.545098 0.069739 0.127059 0.031534
7 0.402353 0.070952 0.127451 0.031534
2 0.527843 0.129169 0.155686 0.051546
8 0.556471 0.397817 0.122353 0.026076
0 0.55451 0.363857 0.122745 0.046089
2 0.700784 0.197696 0.117255 0.053972
2 0.921176 0.547605 0.054118 0.186173
2 0.923137 0.371134 0.073333 0.174045
