2 0.622613 0.34 0.112458 0.029804
2 0.658381 0.390196 0.103668 0.033333
0 0.852986 0.682353 0.102455 0.037647
0 0.85238 0.640392 0.097908 0.03098
13 0.838133 0.612549 0.076993 0.021569
0 0.874204 0.497255 0.056078 0.034902
1 0.749318 0.478431 0.08639 0.037647
3 0.717793 0.538039 0.05729 0.033725
2 0.679903 0.718824 0.118218 0.034902
7 0.519855 0.715686 0.10003 0.020392
2 0.56896 0.670588 0.100637 0.027451
0 0.494695 0.523529 0.056987 0.031373
0 0.384965 0.645098 0.121855 0.056471
15 0.293725 0.616471 0.031828 0.037255
2 0.320097 0.51451 0.095787 0.129804
3 0.087905 0.415686 0.09033 0.037647
12 0.2913 0.363922 0.121552 0.021961
2 0.236435 0.339216 0.134889 0.031765
