16 0.7943928571428571 0.7540749999999999 0.14998214285714284 0.044262499999999996
2 0.577 0.29715 0.10939285714285714 0.0171875
0 0.8116428571428571 0.4160875 0.03257142857142857 0.0563375
1 0.3405 0.39815 0.07380357142857143 0.023487499999999998
0 0.19114285714285714 0.41572499999999996 0.019678571428571427 0.040962500000000006
0 0.2351785714285714 0.4210625 0.023607142857142858 0.0346375
0 0.28039285714285717 0.41325 0.029732142857142856 0.05613749999999999
0 0.7599642857142856 0.41525 0.028071428571428574 0.0382375
0 0.7097678571428572 0.4261875 0.027982142857142858 0.035975
1 0.6459464285714286 0.395175 0.06953571428571428 0.023087499999999997
2 0.5528571428571429 0.6109125 0.07801785714285714 0.020812499999999998
0 0.8479107142857143 0.3797 0.03692857142857143 0.0684
2 0.5340892857142857 0.239225 0.11083928571428571 0.019375
2 0.5140892857142857 0.21045000000000003 0.15949999999999998 0.0215375
2 0.513125 0.58045 0.10791071428571429 0.022425
3 0.48180357142857144 0.3073875 0.055107142857142855 0.0241
2 0.5212857142857144 0.18358750000000001 0.15085714285714286 0.021687500000000002
15 0.4592678571428571 0.2411875 0.037839285714285714 0.0326875
