2 0.277823 0.649173 0.014516 0.041072
2 0.277823 0.606959 0.014516 0.039932
2 0.255645 0.627496 0.014919 0.081574
2 0.425 0.697661 0.226613 0.023388
2 0.418548 0.467199 0.220161 0.024529
3 0.49879 0.547633 0.022177 0.022248
3 0.558468 0.694238 0.017742 0.031945
2 0.571371 0.572732 0.040323 0.059897
11 0.552823 0.612664 0.036694 0.031945
11 0.550403 0.503708 0.05 0.042213
2 0.743548 0.626925 0.015323 0.089561
2 0.768145 0.588135 0.018145 0.166572
15 0.731452 0.50599 0.018548 0.024529
2 0.743145 0.549344 0.015323 0.065602
2 0.743952 0.477467 0.012097 0.051341
2 0.691935 0.466629 0.050806 0.023959
2 0.655242 0.436395 0.119355 0.030234
2 0.456452 0.431261 0.28629 0.026811
2 0.518952 0.153451 0.415726 0.030234
2 0.275403 0.267541 0.015726 0.055904
2 0.276613 0.216201 0.016935 0.058756
2 0.253226 0.241871 0.016129 0.104392
