16 0.3828732849071832 0.7349201824401368 0.041073446327683616 0.13287913340935006
5 0.7256093623890234 0.22990877993158496 0.026158192090395476 0.08671037628278222
5 0.35863599677159 0.572497149372862 0.028902340597255854 0.09046750285062714
15 0.36344632768361584 0.2981927023945268 0.028087167070217915 0.025148232611174458
2 0.7614931396287329 0.34520524515393386 0.021049233252623083 0.0677594070695553
11 0.6820096852300243 0.412497149372862 0.07488297013720743 0.02816989737742303
15 0.6695722356739306 0.22801596351197262 0.024527845036319613 0.01967502850627138
0 0.5504761904761905 0.2279418472063854 0.027828894269572232 0.013426453819840365
2 0.34075867635189666 0.4093785632839224 0.021775625504439063 0.19413340935005702
2 0.3848829701372074 0.4057297605473204 0.018910411622276028 0.11802736602052452
1 0.5017433414043583 0.5262257696693272 0.015221953188054882 0.031094640820980617
0 0.5012429378531074 0.4012998859749145 0.02486682808716707 0.015832383124287343
2 0.7942130750605326 0.40213797035347776 0.022292171105730427 0.1839908779931585
0 0.564269572235674 0.552109464082098 0.027643260694108152 0.013460661345496009
0 0.5580548829701372 0.19683010262257697 0.05719128329297821 0.015558722919042188
0 0.5360936238902341 0.2566704675028506 0.04941081517352704 0.015518814139110604
15 0.6074011299435028 0.2776852907639681 0.025221953188054883 0.022628278221208664
2 0.3855932203389831 0.3303933865450399 0.017869249394673124 0.03783352337514253
1 0.501226795803067 0.2831128848346636 0.016747376916868444 0.032753705815279366
2 0.7301937046004843 0.39221208665906504 0.020169491525423727 0.05146522234891676
15 0.4237691686844229 0.508169897377423 0.025189669087974174 0.02322690992018244
15 0.6852542372881356 0.39550741163055875 0.025504439063761097 0.01669897377423033
