2 0.6149715215622457 0.2658722919042189 0.019153783563873067 0.05071835803876853
2 0.8574043938161107 0.25392816419612313 0.017428803905614323 0.07086659064994298
2 0.6410170870626525 0.2793329532497149 0.015557363710333606 0.053745724059293044
0 0.7495606183889342 0.06010832383124288 0.053295362082994305 0.015188141391106044
0 0.7381041497152157 0.07736031927023945 0.03406021155410903 0.014407069555302167
1 0.6936208299430432 0.5824116305587229 0.018364524003254678 0.0417787913340935
2 0.5913181448331978 0.2583352337514253 0.020097640358014646 0.06457810718358038
0 0.5658258746948739 0.4227080957810718 0.0582912937347437 0.015387685290763967
0 0.7436126932465419 0.18207525655644244 0.05371033360455656 0.014082098061573546
1 0.5206672091131 0.8572976054732041 0.018771358828315703 0.037457240592930444
2 0.40848657445077297 0.5449600912200684 0.023034987794955247 0.08573546180159634
0 0.5708868999186331 0.44122576966932725 0.06256305939788447 0.016704675028506272
2 0.3706590724165989 0.5861972633979475 0.015272579332790887 0.06431584948688712
0 0.546606997558991 0.6226282782212086 0.03757526444263629 0.01758836944127708
0 0.5673637103336046 0.66 0.06052888527257933 0.019082098061573547
2 0.40201790073230265 0.8102622576966932 0.018934092758340113 0.1512200684150513
0 0.5719609438567942 0.46007981755986316 0.0645646867371847 0.015838084378563284
15 0.6734011391375102 0.4368472063854048 0.02401952807160293 0.01871721778791334
5 0.31006509357200973 0.6246978335233752 0.02502034174125305 0.06991448118586088
2 0.8886655817738 0.2141733181299886 0.018250610252237592 0.16014253135689852
2 0.7094467046379169 0.5565222348916762 0.02340927583401139 0.06579247434435576
2 0.7459560618388934 0.8228677309007981 0.022351505288852724 0.12493158494868871
5 0.7403580146460537 0.5008608893956671 0.02209113100081367 0.06465222348916762
2 0.3448494711147274 0.7420638540478905 0.020699755899104964 0.29622006841505133
5 0.7018877135882832 0.823078677309008 0.022115541090317332 0.06941277080957811
0 0.5755004068348251 0.48393956670467503 0.05003254678600488 0.017120866590649944
1 0.34399511798209925 0.5525142531356899 0.018437754271765663 0.03925313568985177
2 0.9131163547599674 0.20081527936145954 0.017835638730675347 0.1887115165336374
15 0.6235231895850284 0.7667844925883694 0.02811228641171684 0.020906499429874572
0 0.7397803091944671 0.30546180159635117 0.046484947111472746 0.013683010262257697
2 0.4377949552481692 0.7580900798175599 0.025362082994304314 0.07942987457240593
0 0.5844344995931652 0.7870809578107183 0.0428966639544345 0.018494868871151652
15 0.8294141578519122 0.12063283922462942 0.029877949552481693 0.02106043329532497
11 0.8277542717656631 0.2317217787913341 0.025337672904800653 0.03112314709236032
15 0.6732384052074857 0.28020524515393386 0.023938161106590725 0.026345496009122008
11 0.74379983726607 0.2540478905359179 0.04721724979658259 0.021989737742303308
0 0.5563222131814484 0.903557582668187 0.03477624084621644 0.015011402508551881
3 0.6737591537835639 0.2299429874572406 0.027550854353132627 0.02653363740022805
2 0.781033360455655 0.7817958950969213 0.029658258746948742 0.21473774230330672
0 0.5573881204231081 0.927981755986317 0.03693246541903987 0.015461801596351198
15 0.564540276647681 0.317115165336374 0.023498779495524817 0.01937286202964652
2 0.8835557363710335 0.6770752565564424 0.023091944670463792 0.07409920182440137
0 0.756940602115541 0.3199600912200684 0.0332546786004882 0.010701254275940706
0 0.6543449959316517 0.9293329532497149 0.022782750203417412 0.01831242873432155
15 0.496753458096013 0.6192018244013683 0.025834011391375103 0.025729760547320412
16 0.25265256305939787 0.9216191562143672 0.027941415785191215 0.09715507411630558
1 0.7309031733116355 0.7913397947548461 0.018763222131814482 0.03932155074116306
