11 0.6122016129032258 0.5831032515687393 0.031056451612903224 0.07555048488305761
16 0.9112822580645161 0.6219623502567028 0.1057298387096774 0.03482030804335425
11 0.09406854838709677 0.24292641186537367 0.06661693548387097 0.19164860239589274
0 0.5463024193548387 0.33877923559612094 0.013975806451612902 0.03675984027381631
2 0.6873266129032258 0.30930405019965773 0.04826209677419355 0.016583000570450656
2 0.7918145161290323 0.5186651454649173 0.05028225806451613 0.014489446662863661
11 0.7601290322580645 0.5827895037079293 0.033237903225806456 0.07354820308043354
11 0.6120887096774194 0.28066742726754135 0.025947580645161287 0.0784312606959498
15 0.922741935483871 0.22749001711351968 0.024842741935483872 0.030695949800342272
0 0.21870564516129032 0.45795208214489447 0.019346774193548386 0.035841414717626925
2 0.3829596774193548 0.6390074158585283 0.08679435483870968 0.022920707358813464
2 0.8017620967741935 0.11674272675413577 0.06858064516129032 0.017609811751283514
11 0.823358870967742 0.2326754135767256 0.022508064516129033 0.08373645179691956
2 0.7328991935483871 0.07177410154021677 0.13961290322580647 0.01856816885339418
11 0.26001612903225807 0.11714204221334855 0.25941129032258065 0.0990188248716486
3 0.7355403225806452 0.44405590416428975 0.017387096774193547 0.01852253280091272
0 0.5278790322580645 0.33806617227609814 0.016685483870967743 0.04268111808328579
0 0.5629032258064516 0.3402110667427267 0.014439516129032258 0.05515687393040502
15 0.5162298387096774 0.11434112949229891 0.02371774193548387 0.0330405019965773
11 0.8263427419354838 0.3927723901882487 0.023040322580645162 0.06699942954934399
3 0.6477258064516128 0.4939817455790074 0.014560483870967741 0.01889903023388477
0 0.8749798387096773 0.3392527096406161 0.01576209677419355 0.05853394181403308
15 0.6519516129032258 0.16876782658300057 0.021254032258064517 0.03281802624073018
2 0.7059596774193548 0.5757672561323446 0.04356048387096774 0.017752424415288078
15 0.8356975806451614 0.29971477467199087 0.02303225806451613 0.03315459212778094
10 0.6099395161290323 0.1068339988590987 0.047903225806451614 0.022886480319452365
3 0.7304112903225807 0.5260695949800342 0.019185483870967742 0.01896177980604678
2 0.8045443548387097 0.14396463205932686 0.06606451612903226 0.018784940102681117
0 0.5061048387096775 0.33999999999999997 0.016915322580645164 0.07326297775242442
3 0.7365443548387097 0.5618140330861381 0.01908064516129032 0.02231032515687393
0 0.9114677419354839 0.3412549914432402 0.015455645161290322 0.0533998859098688
2 0.8113266129032257 0.18950941243582428 0.05223790322580646 0.017450085567598403
0 0.8881532258064516 0.33533941814033086 0.017919354838709677 0.09353679406731318
2 0.6659153225806451 0.2330690245293782 0.04888709677419355 0.016109526525955504
7 0.8641129032258065 0.48295493439817455 0.06645564516129032 0.019994295493439816
3 0.6434274193548387 0.5653793496862521 0.023379032258064515 0.02325156873930405
11 0.7640846774193548 0.22634911580148318 0.03782258064516129 0.0484312606959498
2 0.7248225806451613 0.3561494580718768 0.04868145161290323 0.015077010838562464
15 0.6213225806451613 0.3822418710781518 0.01922983870967742 0.028756417569880205
2 0.6986693548387097 0.37956075299486597 0.09607258064516129 0.0161437535653166
15 0.7224032258064516 0.1595094124358243 0.02245967741935484 0.02814033086138049
15 0.8133951612903226 0.08055333713633771 0.022693548387096776 0.028134626354820308
3 0.7617298387096774 0.4565715915573303 0.016987903225806452 0.023981745579007414
2 0.6588548387096774 0.605533371363377 0.05766129032258065 0.023422703936109526
6 0.17520967741935484 0.2752424415288078 0.018032258064516127 0.02228180262407302
0 0.9274798387096774 0.33794067313177406 0.01480241935483871 0.10158585282373075
7 0.5902459677419355 0.21010838562464346 0.06683467741935484 0.02139189960068454
15 0.45657661290322576 0.8268282943525386 0.017201612903225805 0.02984027381631489
3 0.7625806451612903 0.4923730747290359 0.014193548387096775 0.02244723331431831
15 0.46012903225806445 0.7642042213348545 0.022008064516129033 0.03053622361665716
0 0.7565362903225806 0.3173588134626355 0.013254032258064515 0.03567027952082145
2 0.39354032258064514 0.907033656588705 0.052689516129032256 0.020576155162578436
