11 0.47921875 0.4836552920763447 0.056077302631578944 0.02526894158473106
0 0.28719572368421054 0.6375072296124927 0.027162828947368423 0.06562174667437826
2 0.5606907894736842 0.5855639097744362 0.021694078947368422 0.05226142278773858
11 0.15822368421052632 0.46552342394447654 0.08467927631578948 0.03290341237709659
2 0.6184786184210527 0.5205957200694042 0.014695723684210528 0.06599190283400809
11 0.25912006578947366 0.5107692307692308 0.028264802631578944 0.06198958935801042
0 0.3739967105263158 0.6824638519375361 0.02069078947368421 0.03294968189705032
2 0.6425082236842105 0.5350722961249277 0.025838815789473685 0.05827067669172932
1 0.13239309210526318 0.5766975130133025 0.019794407894736844 0.03959514170040485
0 0.3499342105263158 0.436043956043956 0.02236842105263158 0.05385772122614228
1 0.5992763157894737 0.4598611914401388 0.04439967105263158 0.05185078079814922
3 0.13403782894736843 0.41887218045112784 0.016726973684210528 0.0314517061885483
2 0.5295065789473684 0.5802082128397917 0.0225 0.060080971659919026
2 0.5611184210526317 0.585320994794679 0.024054276315789474 0.05091382301908618
0 0.3425411184210526 0.5984094852515905 0.021661184210526315 0.024441873915558125
2 0.12317434210526317 0.5207750144592249 0.021398026315789475 0.05274725274725275
2 0.21217927631578948 0.5132504337767495 0.022738486842105263 0.05597455176402545
1 0.6096628289473685 0.6037015615962984 0.02165296052631579 0.03775592828224407
