2 0.3486774193548387 0.20390188248716487 0.088375 0.02427837992013691
2 0.33322983870967743 0.23745579007415857 0.05829032258064516 0.02203650884198517
2 0.6437298387096775 0.23693667997718199 0.14864516129032257 0.03126069594980034
2 0.34033870967741936 0.5905818596691386 0.048536290322580646 0.021933827723901886
2 0.33438709677419354 0.6271192241871077 0.05902016129032258 0.020804335424985738
3 0.3778064516129032 0.5292527096406161 0.02645967741935484 0.024586423274386766
0 0.4614354838709677 0.39158585282373076 0.017750000000000002 0.06583000570450656
2 0.3341572580645161 0.2755790074158585 0.055455645161290326 0.022966343411294922
0 0.18789516129032258 0.4341585852823731 0.01740725806451613 0.03860810039931546
3 0.4034354838709677 0.5071534512264689 0.028907258064516127 0.031466058185966914
0 0.4876774193548387 0.43423844837421566 0.015911290322580644 0.057780946948088996
2 0.41011693548387096 0.23672561323445523 0.04133870967741935 0.0236280661722761
2 0.3941491935483871 0.23670849971477467 0.0657016129032258 0.027746719908727895
0 0.23984274193548386 0.4312036508841985 0.01975806451612903 0.10001140901312036
6 0.2145443548387097 0.4710553337136338 0.01655241935483871 0.05171705647461494
2 0.43894758064516126 0.42206503137478607 0.018064516129032256 0.09116371933827724
2 0.7734233870967742 0.4359840273816315 0.03777822580645161 0.18523103251568737
