15 0.2614862745098039 0.6108489993935718 0.03403921568627451 0.041030927835051544
2 0.26512156862745095 0.51038811400849 0.06332156862745097 0.029787750151607034
5 0.716843137254902 0.4991631291691935 0.06850588235294118 0.026318981200727714
15 0.4658235294117647 0.4069981807155852 0.037898039215686276 0.043693147362037596
15 0.24978039215686276 0.41797453001819285 0.03494509803921569 0.04311704063068526
10 0.24084313725490195 0.5717950272892662 0.056843137254901956 0.02818677986658581
2 0.4210039215686274 0.6293450576106732 0.29918823529411764 0.025955124317768342
5 0.2111921568627451 0.6373256519102487 0.0779843137254902 0.026452395391146147
15 0.5152862745098039 0.5559066100667072 0.036094117647058825 0.04527592480291085
2 0.3280235294117647 0.23385688295936932 0.06648235294117646 0.024584596725288052
15 0.31224705882352943 0.5333353547604609 0.032650980392156866 0.03884778653729533
15 0.5776313725490196 0.5573559733171619 0.034270588235294115 0.03731352334748332
15 0.5464117647058823 0.4101879927228623 0.031988235294117644 0.0409945421467556
15 0.6157411764705882 0.2616070345664039 0.0353921568627451 0.04220133414190419
15 0.26114509803921565 0.4740024257125531 0.03308235294117647 0.03214069132807762
15 0.25307843137254904 0.33343844754396607 0.033549019607843136 0.04217101273499091
2 0.18568235294117647 0.45996361431170407 0.02471372549019608 0.07714372346876895
2 0.30083921568627453 0.2653547604608854 0.046690196078431376 0.023905397210430564
2 0.2676 0.5471619163129169 0.0729529411764706 0.028150394178289875
3 0.5097058823529412 0.4592965433596119 0.02991372549019608 0.03890842935112189
3 0.3387058823529412 0.4600788356579745 0.021980392156862743 0.05121285627653123
15 0.5980509803921569 0.4468890236506974 0.025862745098039215 0.04199514857489388
0 0.21418823529411762 0.35998180715585204 0.02594117647058824 0.08512431776834445
0 0.18332941176470588 0.3583687083080655 0.024415686274509803 0.07978168587022438
2 0.5537176470588235 0.4698302001212856 0.055466666666666664 0.02279563371740449
2 0.5497215686274509 0.5840448756822316 0.03943921568627451 0.022577319587628864
0 0.6763254901960785 0.36670709520921774 0.023564705882352942 0.119805942995755
2 0.6264313725490196 0.4399696785930867 0.02368627450980392 0.08515463917525773
2 0.3125921568627451 0.39155245603395994 0.07961568627450981 0.02154639175257732
3 0.5930352941176471 0.4967131594906004 0.022741176470588237 0.029884778653729533
0 0.4306588235294118 0.3346755609460279 0.020254901960784312 0.06252274105518496
2 0.21307058823529412 0.44710127349909035 0.027945098039215688 0.0515767131594906
2 0.6824196078431373 0.017246816252274106 0.3036 0.0339417828987265
0 0.6508156862745098 0.36463311097634926 0.021215686274509805 0.11798665858095816
1 0.599635294117647 0.36856882959369314 0.052576470588235294 0.024960582171012734
2 0.15418823529411765 0.9858944815039418 0.01572941176470588 0.027719830200121285
2 0.9742627450980391 0.25305639781685874 0.026454901960784313 0.5061127956337175
3 0.3191411764705882 0.4895451788963008 0.027137254901960787 0.02664038811400849
