15 0.8529197303921568 0.632937306501548 0.027478553921568626 0.025425696594427245
15 0.7743964460784314 0.7025154798761609 0.024096200980392158 0.02685371517027864
2 0.8208823529411765 0.7446671826625387 0.06954963235294118 0.027484520123839007
0 0.8787499999999999 0.5335332817337461 0.03493566176470588 0.027995356037151704
2 0.2236825980392157 0.5375270897832818 0.03008578431372549 0.26787538699690405
2 0.32190563725490196 0.33425309597523223 0.060410539215686274 0.021509287925696594
0 0.26238664215686275 0.5052554179566563 0.041743259803921566 0.019272445820433436
15 0.27910232843137256 0.6310797213622291 0.027392769607843138 0.028602941176470588
0 0.9391329656862745 0.4878792569659443 0.03509497549019608 0.027171052631578946
15 0.20838848039215685 0.37683823529411764 0.0350796568627451 0.030050309597523223
2 0.8391329656862745 0.6971052631578947 0.05583333333333334 0.01390092879256966
2 0.8410416666666666 0.35265866873065016 0.06706188725490196 0.015065789473684211
11 0.8835937500000001 0.39810371517027865 0.021305147058823533 0.04423761609907121
2 0.7965287990196078 0.5836416408668731 0.0805392156862745 0.013595201238390094
0 0.5680637254901961 0.4923258513931889 0.03325674019607843 0.021861455108359133
2 0.5215073529411764 0.2672445820433436 0.4344454656862745 0.01923761609907121
2 0.25567708333333333 0.3877670278637771 0.030156250000000002 0.08664086687306502
2 0.5729473039215686 0.23324303405572758 0.5398590686274509 0.0210797213622291
1 0.7547702205882354 0.47264705882352936 0.06399509803921569 0.019740712074303404
7 0.9036335784313726 0.56078173374613 0.052763480392156864 0.023660990712074302
2 0.41729779411764706 0.2993266253869969 0.22725490196078432 0.01645510835913313
11 0.7696139705882353 0.3971052631578947 0.023103553921568626 0.03914860681114551
15 0.37659007352941176 0.3433630030959752 0.025287990196078435 0.023123065015479876
14 0.28201593137254904 0.19229489164086686 0.0447671568627451 0.0183359133126935
15 0.34321997549019606 0.4605108359133127 0.02805453431372549 0.025147058823529415
15 0.915281862745098 0.641954334365325 0.03134191176470588 0.027329721362229106
8 0.9433854166666666 0.7348606811145512 0.04884803921568628 0.0186687306501548
0 0.943422181372549 0.7108320433436532 0.03485294117647059 0.028138544891640863
0 0.17571384803921566 0.7373839009287926 0.04055453431372549 0.030630804953560374
8 0.17879901960784314 0.7628792569659443 0.049007352941176474 0.018130804953560373
