8 0.862611 0.651852 0.032635 0.013105
15 0.902901 0.532764 0.014907 0.021083
15 0.765512 0.610256 0.014907 0.020513
15 0.745367 0.610826 0.014102 0.015385
15 0.741741 0.588034 0.013296 0.015385
15 0.742143 0.537892 0.011281 0.017664
15 0.74577 0.355556 0.01249 0.016524
15 0.80701 0.243305 0.01249 0.014245
2 0.717164 0.233048 0.01249 0.043305
2 0.715955 0.189744 0.012893 0.045014
15 0.730056 0.218234 0.010073 0.016524
15 0.730056 0.202279 0.010073 0.015385
15 0.747784 0.17208 0.010475 0.014815
15 0.730056 0.180057 0.008864 0.014245
15 0.730056 0.240456 0.008461 0.014245
15 0.745367 0.242735 0.010073 0.014815
