16 0.8985685771314514 0.6989395161290323 0.10777302537781579 0.035782258064516126
3 0.35161106358711147 0.6648588709677419 0.011074992871400059 0.013495967741935483
2 0.5016082121471344 0.2924758064516129 0.06726261762189906 0.01188709677419355
2 0.49072996863416024 0.654241935483871 0.06370116909039066 0.016431451612903224
2 0.4463672654690619 0.2921733870967742 0.03743655546050755 0.012540322580645162
0 0.3932648987738808 0.3330806451612903 0.007852865697177074 0.028504032258064516
5 0.6962560593099515 0.5715766129032258 0.045155403478756774 0.017181451612903225
2 0.5574821785001426 0.6211169354838709 0.18263758197889934 0.015387096774193547
3 0.4391816367265469 0.7435403225806452 0.029424009124607926 0.025366935483870968
3 0.524431137724551 0.7562096774193549 0.025035642999714856 0.03286290322580645
0 0.6858283433133732 0.33377016129032255 0.011169090390647278 0.031879032258064516
2 0.4915654405474765 0.18585483870967742 0.052842885657256915 0.012193548387096773
2 0.6780496150556031 0.6045645161290323 0.049398346164813235 0.011701612903225807
2 0.6534388366124894 0.46810483870967745 0.03325919589392643 0.013040322580645162
2 0.5639806102081552 0.08063709677419355 0.2725948103792415 0.016068548387096773
8 0.6028885086968919 0.33630645161290323 0.010872540633019675 0.06007661290322581
0 0.2412090105503279 0.28988709677419355 0.018651268890789847 0.01764516129032258
0 0.6723695466210436 0.33241532258064516 0.011382948388936413 0.029979838709677416
0 0.7107556315939549 0.33340322580645165 0.008617051611063587 0.028173387096774194
0 0.4140633019674936 0.335133064516129 0.008902195608782434 0.0520483870967742
1 0.41562874251497 0.08892741935483871 0.009324208725406331 0.028729838709677418
1 0.581996007984032 0.2681209677419355 0.020037068719703448 0.012475806451612904
15 0.8434359851725121 0.1754959677419355 0.01939834616481323 0.017516129032258063
0 0.6342087254063302 0.33625 0.009709153122326774 0.056669354838709676
2 0.39538351867693183 0.7226451612903226 0.01435129740518962 0.04056451612903226
8 0.6453493013972055 0.3333427419354839 0.011485600228115199 0.06064112903225806
15 0.8446706586826348 0.15678225806451612 0.017100085543199316 0.01831048387096774
3 0.6599201596806388 0.19671370967741936 0.015075563159395493 0.028685483870967744
2 0.6280610208155119 0.6038104838709678 0.047348160821214715 0.01181048387096774
3 0.7788765326489877 0.14115725806451612 0.012600513259195893 0.01979032258064516
15 0.5866752209865982 0.2388467741935484 0.01692329626461363 0.022056451612903226
2 0.9472084402623325 0.32984677419354835 0.018474479612204164 0.2153790322580645
2 0.4860108354719133 0.27265725806451613 0.11754776161961791 0.01157258064516129
15 0.6274337040205303 0.24416935483870966 0.01586826347305389 0.02108467741935484
2 0.5450185343598517 0.2840282258064516 0.02721984602224123 0.013721774193548388
15 0.6605389221556887 0.4324072580645161 0.015711434274308527 0.020096774193548387
11 0.3718848018249216 0.747375 0.03373538637011691 0.02011290322580645
1 0.7147390932420873 0.09097177419354839 0.0073966353008269176 0.024620967741935486
2 0.5340290846877673 0.2519758064516129 0.03242087254063302 0.014435483870967741
3 0.5462218420302253 0.19864112903225806 0.016840604505275164 0.02651209677419355
3 0.5611405759908754 0.18635887096774195 0.009121756487025947 0.01632258064516129
3 0.44323923581408614 0.7625040322580645 0.024890219560878245 0.031068548387096773
2 0.35770744225834045 0.7202701612903226 0.038656971770744224 0.012979838709677418
1 0.6296350156829199 0.2697379032258065 0.018842315369261477 0.010100806451612904
8 0.5418021100655831 0.6939072580645161 0.01063872255489022 0.05981048387096775
15 0.4793384659252923 0.6740120967741935 0.015223838038209295 0.021596774193548388
3 0.4786484174508126 0.10751209677419354 0.016293128029654977 0.02095967741935484
3 0.6270230966638152 0.2001209677419355 0.009150270886797833 0.013774193548387095
2 0.525688622754491 0.18585080645161292 0.015434844596521244 0.011173387096774194
11 0.6082492158540063 0.18645564516129035 0.029657827202737384 0.027915322580645163
3 0.4541060735671514 0.20483870967741935 0.01632164242942686 0.015584677419354839
15 0.5094354148845167 0.4277983870967742 0.013675506130595951 0.0225
0 0.5300769888793841 0.6948266129032258 0.00958654120330767 0.05156854838709678
15 0.4824465355004277 0.7249596774193549 0.014810379241516965 0.021758064516129032
8 0.7205873966353008 0.33340322580645165 0.014459652124322783 0.05475806451612904
11 0.44186199030510404 0.19563709677419355 0.02095523239235814 0.028487903225806455
0 0.36894781864841747 0.3359314516129032 0.010755631593954948 0.0528266129032258
0 0.591497005988024 0.3340483870967742 0.007884231536926148 0.053104838709677415
