0 0.542698605215282 0.5840470588235294 0.08304426925409339 0.029827450980392158
15 0.28314736203759855 0.38626666666666665 0.035979381443298965 0.04170196078431373
0 0.53767131594906 0.6433960784313726 0.0785627653123105 0.042062745098039214
15 0.27263796240145544 0.5479450980392157 0.03307459066100667 0.03891764705882353
2 0.26501516070345665 0.4658666666666667 0.021764705882352943 0.12166274509803922
11 0.37371134020618557 0.3495450980392157 0.06922983626440267 0.04552941176470588
15 0.34224984839296546 0.5633019607843137 0.02696785930867192 0.03804705882352941
0 0.5402728926622196 0.27595294117647057 0.07179502728926622 0.031945098039215684
2 0.3050030321406913 0.43625882352941175 0.01919345057610673 0.14672156862745098
16 0.7398665858095815 0.10312941176470589 0.04184354154032747 0.09708235294117647
2 0.3317343844754396 0.384 0.023856882959369316 0.045137254901960785
1 0.7931655548817466 0.7194274509803922 0.02132201334141904 0.06974117647058824
