0 0.5509529411764706 0.3888599151000606 0.10164705882352941 0.03889630078835658
1 0.5199725490196079 0.16340812613705274 0.09208627450980392 0.019896907216494848
15 0.7513725490196078 0.6991873862947241 0.031015686274509804 0.026203759854457248
15 0.5539529411764705 0.2227956337174045 0.031901960784313725 0.03660400242571255
0 0.748556862745098 0.4564766525166768 0.05317254901960784 0.03390539721043056
0 0.8361764705882353 0.34284414796846574 0.05592941176470589 0.037434808975136444
2 0.6681529411764706 0.14278956943602183 0.07963137254901961 0.04041237113402062
2 0.6800039215686274 0.6891328077622803 0.05617647058823529 0.016221952698605217
2 0.6676627450980392 0.1842753183747726 0.0753529411764706 0.035724681625227406
2 0.6239411764705882 0.6716252274105519 0.07710196078431374 0.014760460885385083
0 0.6028392156862745 0.45799272286234083 0.057435294117647064 0.03969678593086719
0 0.7888039215686274 0.40098241358399034 0.05181960784313725 0.03397210430563978
