0 0.45097983870967745 0.41637763833428404 0.015625 0.07965772960638903
0 0.42992741935483875 0.4186081003993155 0.013600806451612902 0.04987450085567599
2 0.5341330645161291 0.44087278950370795 0.09596774193548387 0.02558471192241871
15 0.47461290322580646 0.5367313177410153 0.027181451612903224 0.02800342270393611
0 0.2958467741935484 0.3502966343411295 0.024 0.03332002281802624
0 0.653 0.4160981175128351 0.019221774193548386 0.07132344552196235
2 0.5853306451612903 0.18622361665715914 0.06777822580645161 0.02719338277239019
11 0.5179879032258065 0.5416371933827724 0.019463709677419356 0.07896177980604677
5 0.5093588709677419 0.311437535653166 0.0717016129032258 0.02006274957216201
15 0.5709274193548387 0.3687735310895608 0.023516129032258064 0.03634911580148317
0 0.6376129032258064 0.21870507701083855 0.01465725806451613 0.06934968625213919
0 0.5174153225806452 0.19926982316029662 0.01831048387096774 0.07917284654877353
2 0.6051129032258065 0.2224814603536794 0.028 0.018573873359954366
2 0.5562943548387096 0.5272104962920707 0.04305241935483871 0.021597261836851112
16 0.7498750000000001 0.6620878494010268 0.07109677419354839 0.03515116942384484
