2 0.3811945117029863 0.23528237307472902 0.01790960451977401 0.05443810610382202
2 0.2284907183212268 0.21544780376497433 0.017538337368845844 0.09533941814033085
11 0.2808071025020178 0.2502909298345693 0.06594834543987085 0.02653166001140901
2 0.6133817594834544 0.20439817455790074 0.03864406779661017 0.11770678836280662
2 0.6472397094430993 0.7868168853394181 0.03956416464891042 0.07968054763262979
0 0.47479418886198543 0.32697661152310326 0.03785310734463277 0.0399030233884769
0 0.44578692493946737 0.12469480889903023 0.0370863599677159 0.03412435824301198
0 0.3245843422114609 0.10586423274386766 0.03536723163841808 0.03451226468910439
0 0.3782324455205811 0.3034797490017114 0.01871670702179177 0.027786651454649175
2 0.22899112187247783 0.12689104392470052 0.033680387409200964 0.04164289788933257
2 0.6286117836965295 0.3948203080433543 0.04202582728006457 0.070062749572162
0 0.4658918482647296 0.2809184255561894 0.017732041969330103 0.02702224757558471
