11 0.29612590799031474 0.27562464346834 0.05128329297820823 0.023736451796919567
2 0.6092493946731234 0.2201996577296064 0.03504439063761098 0.059269823160296636
2 0.23974172719935433 0.23195094124358243 0.016763518966908798 0.04291500285225328
0 0.37408393866020984 0.30583571021106676 0.019814366424535917 0.028379920136908158
0 0.47068603712671503 0.3305818596691386 0.03908797417271993 0.041312036508841986
2 0.377497982243745 0.22448944666286363 0.019023405972558517 0.05901312036508842
2 0.6476594027441486 0.7896691386195094 0.03333333333333333 0.07496862521391899
0 0.4397336561743342 0.16937250427837994 0.037054075867635185 0.03029092983456931
2 0.22420500403551252 0.1898459783228751 0.03129136400322841 0.07634911580148318
2 0.6257304277643261 0.3996691386195094 0.03923325262308313 0.0659440958357102
0 0.31750605326876513 0.15169423844837424 0.037715899919289746 0.032122076440387906
0 0.46138014527845034 0.28563034797490017 0.018740920096852298 0.027923559612093557
