5 0.06534777651083239 0.4580145278450363 0.05721778791334094 0.019249394673123487
15 0.17648232611174458 0.5002824858757062 0.026488027366020524 0.02979015334947538
2 0.07874002280501712 0.2119047619047619 0.013084378563283922 0.05375302663438256
15 0.12729190421892816 0.512550443906376 0.031014823261117444 0.03451977401129944
8 0.21893386545039908 0.5929782082324455 0.05416191562143672 0.01694915254237288
15 0.12372291904218928 0.12055690072639226 0.025946408209806156 0.029047619047619048
5 0.43666476624857464 0.1516142050040355 0.05217787913340935 0.020605326876513317
15 0.23071835803876853 0.18793381759483455 0.020826681870011403 0.02699757869249395
2 0.36072405929304446 0.23933817594834544 0.016328392246294184 0.07445520581113801
11 0.7684948688711517 0.2882808716707022 0.027309007981755985 0.04863599677158999
0 0.21892816419612315 0.0644229217110573 0.028038768529076396 0.015213882163034707
2 0.4772862029646522 0.750500403551251 0.011459521094640822 0.05413236481033091
16 0.9381527936145952 0.6652945924132364 0.07454389965792474 0.03794188861985472
0 0.216442417331813 0.5751089588377724 0.04179019384264538 0.015286521388216304
2 0.0656442417331813 0.27898305084745767 0.013363740022805017 0.03987893462469733
2 0.23986887115165337 0.23135593220338982 0.015758266818700115 0.060169491525423724
0 0.21792474344355758 0.1296852300242131 0.031145952109464085 0.01549636803874092
0 0.790387685290764 0.3953914447134786 0.028740022805017102 0.03716707021791767
2 0.03815849486887116 0.2459402744148507 0.013375142531356899 0.09271186440677967
0 0.21880273660205243 0.5601049233252623 0.02481185860889396 0.012074253430185634
11 0.435290763968073 0.7029055690072639 0.034315849486887116 0.028716707021791767
0 0.21730330672748002 0.09567393058918483 0.04277080957810718 0.01714285714285714
5 0.056368301026225774 0.3154721549636804 0.058979475484606615 0.02232445520581114
0 0.217212086659065 0.1566989507667474 0.04230330672748005 0.015585149313962873
0 0.2160775370581528 0.5465213882163035 0.02638540478905359 0.014608555286521389
0 0.1941847206385405 0.7656093623890234 0.0226054732041049 0.022332526230831318
2 0.22975484606613455 0.7481759483454399 0.02037628278221209 0.08569007263922518
2 0.3354960091220069 0.3292816787732042 0.014903078677309008 0.04527037933817595
2 0.3451767388825542 0.464229217110573 0.01136830102622577 0.04521388216303471
2 0.09755986316989738 0.20465698143664246 0.012719498289623717 0.044689265536723165
15 0.12405359179019385 0.38531880548829706 0.0245096921322691 0.0324455205811138
2 0.43416761687571265 0.7940677966101695 0.03490877993158495 0.015076674737691687
2 0.452497149372862 0.33967715899919293 0.01371721778791334 0.2770540758676352
15 0.25321550741163057 0.18625504439063761 0.025228050171037627 0.029192897497982245
2 0.4161630558722919 0.26472962066182404 0.016014823261117445 0.1469007263922518
15 0.10444697833523374 0.32140435835351094 0.018643101482326112 0.028660209846650523
0 0.2184321550741163 0.5113559322033898 0.043158494868871154 0.014317998385794995
3 0.1260091220068415 0.4563599677158999 0.01999429874572406 0.015770782889426956
9 0.28291904218928166 0.6500080710250202 0.04595781071835804 0.017062146892655367
11 0.3011744583808438 0.4275383373688459 0.041864310148232615 0.041727199354318
2 0.10031356898517674 0.2504277643260694 0.012884834663626 0.05569007263922518
0 0.69672748004561 0.08362389023405972 0.022645381984036487 0.020080710250201774
15 0.31212086659064997 0.322364810330912 0.021054732041049032 0.024390637610976592
11 0.21902508551881414 0.8200322841000807 0.030039908779931585 0.022937853107344634
8 0.21951539338654502 0.5292574656981437 0.05278791334093501 0.01878127522195319
2 0.10118586088939566 0.42737691686844226 0.015952109464082098 0.11101694915254239
11 0.705387685290764 0.1149233252623083 0.0461060433295325 0.030702179176755447
2 0.08101482326111745 0.27105730427764324 0.012474344355758267 0.039612590799031476
11 0.12407069555302166 0.3233898305084746 0.017485746864310148 0.027175141242937854
15 0.1955587229190422 0.6860936238902341 0.022673888255416195 0.03381759483454399
15 0.24009692132269098 0.6927360774818402 0.024070695553021663 0.028482647296206618
3 0.41607753705815276 0.7226392251815981 0.01233181299885975 0.010968523002421307
3 0.4139224629418472 0.7510088781275222 0.011773090079817559 0.012041969330104924
3 0.3188768529076397 0.37172719935431797 0.021197263397947547 0.0483454398708636
8 0.37367730900798174 0.30217110573042777 0.04847206385404789 0.01596448748991122
0 0.36656784492588373 0.2861420500403551 0.035353477765108325 0.014326069410815174
