16 0.8988369441277081 0.8116451612903226 0.11430444697833524 0.029790322580645158
5 0.5969213226909921 0.3550241935483871 0.03991448118586089 0.01496774193548387
15 0.7307981755986317 0.3716774193548387 0.018557582668187 0.020298387096774194
0 0.5641505131128848 0.46075000000000005 0.012366020524515395 0.045620967741935484
15 0.6179703534777652 0.2863709677419355 0.01985746864310148 0.02129032258064516
15 0.7321037628278221 0.6147983870967743 0.020826681870011403 0.019201612903225806
0 0.5822063854047891 0.4609677419354839 0.011436716077537058 0.04184677419354839
2 0.4356784492588369 0.788475806451613 0.057337514253135685 0.013943548387096773
2 0.6567388825541619 0.4540564516129032 0.04151083238312429 0.01442741935483871
2 0.7083181299885976 0.2447983870967742 0.052525655644241734 0.01368548387096774
3 0.47822120866590645 0.7626370967741936 0.01781071835803877 0.019806451612903224
15 0.6380900798175598 0.5377741935483871 0.021225769669327252 0.019016129032258064
15 0.6259806157354618 0.3434032258064516 0.019515393386545038 0.019516129032258064
0 0.7194013683010262 0.46062903225806445 0.011140250855188142 0.027032258064516132
0 0.8105644241733181 0.4600483870967742 0.012212086659064996 0.042483870967741935
0 0.7663169897377422 0.45983064516129035 0.010581527936145951 0.02757258064516129
2 0.6703363740022805 0.1816290322580645 0.0379133409350057 0.01271774193548387
2 0.6754503990877994 0.16289516129032258 0.04742303306727481 0.013870967741935483
15 0.6029589509692131 0.38595967741935483 0.019868871151653363 0.022129032258064518
15 0.7655701254275941 0.6216774193548387 0.018169897377423035 0.01786290322580645
0 0.5151482326111745 0.46080645161290323 0.011516533637400227 0.03010483870967742
15 0.6556556442417332 0.23489516129032256 0.017867730900798174 0.020943548387096774
15 0.6908836944127708 0.513 0.01830672748004561 0.02028225806451613
15 0.7067901938426454 0.43379838709677415 0.017919042189281642 0.02617741935483871
15 0.6584036488027366 0.4002096774193548 0.015342075256556443 0.0195241935483871
5 0.7390193842645382 0.5618629032258065 0.04359179019384264 0.012104838709677419
5 0.7278050171037628 0.2022741935483871 0.04334663625997719 0.015661290322580648
5 0.6226624857468643 0.16824193548387098 0.04590079817559863 0.01414516129032258
8 0.638472063854048 0.612233870967742 0.02135689851767389 0.010193548387096775
2 0.4640250855188141 0.6971693548387097 0.036459521094640825 0.01603225806451613
5 0.7272862029646523 0.3463709677419355 0.04320980615735462 0.013596774193548386
15 0.6582326111744584 0.5152903225806452 0.015381984036488027 0.018112903225806453
0 0.5430900798175599 0.4607661290322581 0.021641961231470924 0.08310483870967741
6 0.6541220068415051 0.6638145161290323 0.016653363740022804 0.01117741935483871
15 0.667502850627138 0.4929758064516129 0.017120866590649944 0.02041935483870968
0 0.7870239452679589 0.4619435483870967 0.013090079817559863 0.07209677419354839
10 0.6273147092360319 0.21316129032258063 0.04125427594070696 0.014112903225806451
0 0.7399429874572405 0.4609112903225806 0.012137970353477764 0.07626612903225806
5 0.6351995438996579 0.38500806451612907 0.0365963511972634 0.0115
0 0.610684150513113 0.4601532258064516 0.014737742303306729 0.06870967741935484
2 0.6583124287343216 0.35324999999999995 0.042109464082098064 0.012129032258064516
15 0.6972006841505132 0.5738790322580646 0.01636830102622577 0.023879032258064516
2 0.6462884834663626 0.26226612903225804 0.036676168757126565 0.012548387096774194
2 0.6812770809578107 0.4247338709677419 0.023340935005701252 0.016370967741935485
2 0.578266818700114 0.28051612903225803 0.014429874572405929 0.024669354838709676
2 0.6803363740022804 0.6800887096774193 0.017445838084378565 0.010991935483870969
15 0.6986088939566704 0.21353225806451612 0.018090079817559862 0.029016129032258062
2 0.6455359179019384 0.4244354838709677 0.04784492588369441 0.01642741935483871
