15 0.939608 0.778654 0.031373 0.026683
2 0.812549 0.57732 0.018039 0.057004
2 0.832157 0.625834 0.017255 0.067314
2 0.832157 0.739842 0.017255 0.147362
2 0.276078 0.704063 0.019608 0.220133
2 0.299608 0.677987 0.019608 0.165555
2 0.323137 0.614312 0.020392 0.069133
11 0.68 0.166768 0.328627 0.159491
11 0.553725 0.115828 0.061961 0.016374
2 0.4 0.143723 0.052549 0.015161
2 0.33098 0.260764 0.018039 0.069739
15 0.235294 0.460279 0.027451 0.024864
3 0.291765 0.313523 0.019608 0.038205
2 0.213333 0.384475 0.015686 0.060643
2 0.156078 0.369315 0.017255 0.050334
