2 0.5111385061638869 0.10600342075256557 0.21987672226250904 0.025045610034207525
2 0.5618419144307469 0.15588939566704677 0.10931109499637419 0.026984036488027364
15 0.20176939811457578 0.33721778791334095 0.06569253081943438 0.08205245153933864
2 0.3939593908629441 0.47601482326111744 0.12306018854242204 0.028101482326111746
2 0.3903988397389413 0.4502166476624857 0.10955039883973894 0.026750285062713798
0 0.7072153734590283 0.5409464082098062 0.08844089920232051 0.02426453819840365
0 0.23289340101522846 0.44073546180159634 0.053009427121102244 0.041567844925883696
2 0.6457795503988397 0.29173318129988596 0.11264684554024655 0.02652223489167617
0 0.7790790427846265 0.49842075256556445 0.08538796229151559 0.02604903078677309
2 0.6382451051486584 0.2342987457240593 0.13781000725163162 0.020410490307867728
2 0.6320159535895576 0.19312428734321552 0.15198694706308918 0.0204618015963512
0 0.2913052936910805 0.509321550741163 0.0679042784626541 0.03346066134549601
1 0.7309789702683104 0.3322291904218928 0.1423495286439449 0.036870011402508555
0 0.24678752719361857 0.8088312428734322 0.1426686004350979 0.037086659064994296
