0 0.4266653225806452 0.6123388476896748 0.016991935483870967 0.07333713633770679
15 0.34211290322580645 0.5666400456360525 0.01522983870967742 0.015116942384483743
2 0.3490604838709677 0.473844837421563 0.1179516129032258 0.017763833428408444
2 0.3270806451612903 0.07880205362236166 0.11864516129032258 0.020239589275527665
15 0.9283629032258065 0.46215059897318883 0.01576209677419355 0.01764403879064461
0 0.2568387096774194 0.6172789503707928 0.017358870967741934 0.059161437535653165
2 0.8256129032258065 0.355436394751854 0.11928629032258063 0.021357672561323444
0 0.7313346774193549 0.5643639475185397 0.01757258064516129 0.05024529378208785
2 0.33456854838709676 0.3074158585282373 0.10385483870967742 0.018756417569880206
2 0.33984274193548386 0.10531660011409014 0.09792338709677419 0.018619509412435824
2 0.7223427419354839 0.2000342270393611 0.0435766129032258 0.01678836280661723
15 0.727524193548387 0.4664175698802054 0.01473790322580645 0.015675984027381632
0 0.35338709677419355 0.6189104392470052 0.013362903225806452 0.050941243582430115
2 0.27731048387096774 0.10282373074729036 0.024016129032258065 0.013320022818026241
0 0.19389516129032258 0.2777923559612094 0.01282258064516129 0.03520250998288648
2 0.5753508064516129 0.2611066742726754 0.018653225806451613 0.0493154592127781
0 0.7071733870967741 0.5583856246434683 0.016915322580645164 0.07415858528237307
0 0.4325766129032258 0.27949229891614374 0.013608870967741936 0.031334854535082717
2 0.8361532258064516 0.3786537364517969 0.09672177419354838 0.017256132344552196
15 0.4152540322580645 0.4917284654877353 0.012431451612903224 0.01405590416428979
8 0.4119879032258065 0.33101540216771247 0.01102016129032258 0.044204221334854535
2 0.6862701612903226 0.20127780946948087 0.02961290322580645 0.015116942384483743
0 0.4087096774193548 0.25948659440958355 0.01693145161290323 0.07474614945807188
2 0.2926008064516129 0.6069937250427838 0.030463709677419355 0.013348545350827152
0 0.2274314516129032 0.26247005134055906 0.016842741935483872 0.07475755847119225
1 0.663366935483871 0.22605248146035367 0.050939516129032254 0.013993154592127782
11 0.7189596774193548 0.23948659440958356 0.015354838709677418 0.0175812892184826
2 0.837266129032258 0.40185966913861954 0.049411290322580646 0.012749572162007988
2 0.874725806451613 0.40163719338277243 0.020733870967741937 0.014010268111808328
0 0.929133064516129 0.5582772390188249 0.01731048387096774 0.07312036508841986
2 0.8031370967741935 0.724871648602396 0.028766129032258066 0.012447233314318311
15 0.29228225806451613 0.5846092413006274 0.01239516129032258 0.01405590416428979
15 0.8054919354838709 0.687090701654307 0.01596774193548387 0.017318881916714202
0 0.21350806451612903 0.2767997718197376 0.01207258064516129 0.03210496292070736
2 0.25872177419354836 0.12427837992013692 0.023838709677419353 0.014398174557900741
2 0.8021209677419355 0.40228180262407304 0.025516129032258066 0.014090131203650883
8 0.238883064516129 0.31853964632059323 0.010181451612903226 0.04496292070735881
2 0.286133064516129 0.12396463205932687 0.025403225806451612 0.012595550484883056
3 0.724383064516129 0.289218482601255 0.018741935483870965 0.023804905875641755
15 0.6959677419354838 0.22178551055333715 0.01689516129032258 0.016799771819737592
15 0.3532177419354839 0.531500285225328 0.01227016129032258 0.013422703936109528
15 0.5658145161290322 0.22171135196805478 0.014362903225806451 0.017547062179121508
0 0.2322540322580645 0.6119851682829435 0.016314516129032258 0.07597261836851113
0 0.691100806451613 0.5742555618938961 0.011854838709677419 0.03169423844837422
0 0.5125806451612903 0.27727324586423274 0.018487903225806453 0.08336565887050769
0 0.9087903225806452 0.5591785510553338 0.014653225806451614 0.075687393040502
8 0.4371774193548387 0.6667484312606959 0.011205645161290322 0.04257843696520251
15 0.2684274193548387 0.5663091842555619 0.01621774193548387 0.018665145464917283
2 0.523850806451613 0.1704905875641757 0.02015725806451613 0.012173416999429549
15 0.5226814516129032 0.22146605818596693 0.013959677419354838 0.016377638334284086
2 0.8693145161290323 0.5358243011979463 0.03287096774193548 0.01316029663434113
7 0.33305645161290326 0.7308271534512265 0.033120967741935486 0.011563034797490017
2 0.3570604838709677 0.4996748431260696 0.10301209677419355 0.014774671990872788
15 0.5435967741935483 0.20600114090131205 0.014177419354838709 0.015618938961779806
15 0.40874193548387094 0.1946149458071877 0.011673387096774193 0.01715345122646891
2 0.7638830645161291 0.4020992584141472 0.017911290322580646 0.014112949229891614
15 0.2772903225806451 0.2581118083285796 0.012794354838709677 0.02054192812321734
15 0.3111935483870968 0.5155162578436966 0.011770161290322581 0.016811180832857958
15 0.21023790322580643 0.13387335995436395 0.01831048387096774 0.017370222475755846
10 0.25159274193548387 0.3518254420992584 0.02707258064516129 0.011808328579577866
15 0.24753629032258065 0.1887678265830006 0.01419758064516129 0.015521962350256704
15 0.22401209677419354 0.16644609241300626 0.014907258064516128 0.014346833998859098
15 0.2693790322580645 0.15817455790074156 0.010629032258064516 0.020633200228180264
15 0.29438709677419356 0.15612664004563606 0.011346774193548388 0.02033656588705077
15 0.4273709677419355 0.16486023958927554 0.011991935483870966 0.017518539646320594
15 0.39203629032258064 0.2351625784369652 0.01213709677419355 0.03385054192812322
2 0.2738548387096774 0.30779235596120935 0.01689516129032258 0.01678836280661723
15 0.2604314516129032 0.23033086138049058 0.012455645161290323 0.01657729606389047
2 0.5515887096774194 0.16620650313747862 0.03275806451612903 0.021477467199087278
15 0.5490443548387097 0.18883057615516258 0.011766129032258064 0.01553907586993725
15 0.5454072580645161 0.23152310325156875 0.012217741935483872 0.01412435824301198
3 0.5443790322580645 0.2485339418140331 0.01742741935483871 0.010199657729606388
8 0.5270040322580646 0.29144324015972617 0.008653225806451613 0.042857957786651454
2 0.6827016129032257 0.26629207073588135 0.009495967741935485 0.0263719338277239
15 0.6955362903225807 0.2694352538505419 0.013338709677419354 0.01834569309754706
2 0.7775120967741935 0.37880205362236163 0.019786290322580644 0.016588705077010837
2 0.7813346774193548 0.4027666856816885 0.01213709677419355 0.012909298345693097
10 0.8132661290322581 0.4228237307472904 0.031870967741935485 0.012236166571591557
15 0.7933548387096774 0.446936679977182 0.010870967741935484 0.018836280661722764
2 0.8679677419354839 0.4802624073017684 0.011826612903225805 0.02056474614945807
2 0.8382217741935484 0.4665658870507701 0.011173387096774194 0.03978322875071306
15 0.9071572580645161 0.5119623502567028 0.01194758064516129 0.014877353108956074
15 0.7622943548387097 0.5435710211066743 0.011120967741935483 0.01899600684540787
8 0.9427943548387098 0.602686822589846 0.008491935483870967 0.043993154592127784
8 0.721125 0.6044209925841414 0.00880241935483871 0.044135767256132344
15 0.7687903225806452 0.6906788362806617 0.012858870967741935 0.01966913861950941
7 0.7373266129032258 0.7203650884198517 0.032786290322580645 0.012156303479749001
2 0.8279637096774193 0.6682601254991444 0.01316532258064516 0.019292641186537365
8 0.8108467741935484 0.6037992013690816 0.008330645161290322 0.044711922418710776
0 0.7967782258064516 0.5576839703365659 0.01884274193548387 0.0762407301768397
2 0.2980725806451613 0.49949800342270395 0.015302419354838712 0.013308613804905875
15 0.39009677419354843 0.5239874500855676 0.011685483870967742 0.016845407872219054
11 0.371616935483871 0.5310211066742727 0.016266129032258065 0.04962920707358814
15 0.24836693548387098 0.5246320593268682 0.015407258064516129 0.018134626354820306
15 0.28442338709677417 0.6514147176269253 0.01130241935483871 0.019532230462065033
11 0.13122177419354839 0.5089617798060468 0.023181451612903227 0.020553337136337706
11 0.15278629032258065 0.509783228750713 0.019076612903225806 0.021357672561323444
