8 0.251813 0.508262 0.014907 0.074074
8 0.218372 0.509402 0.013699 0.071795
8 0.184932 0.509972 0.014504 0.075214
0 0.234488 0.410256 0.023368 0.108832
0 0.199436 0.415385 0.028203 0.110541
0 0.167607 0.409687 0.023771 0.08661
2 0.318292 0.329345 0.029412 0.036467
2 0.273167 0.337322 0.028606 0.025071
2 0.319098 0.266667 0.06527 0.032479
11 0.245367 0.132194 0.017728 0.044444
15 0.265915 0.135613 0.018131 0.026781
15 0.263497 0.17037 0.019339 0.026211
15 0.226027 0.160684 0.019742 0.022222
15 0.197019 0.125926 0.021354 0.030199
2 0.311039 0.098006 0.050363 0.031909
