2 0.39594906003638564 0.3310666666666667 0.12542753183747726 0.02368627450980392
15 0.7228623408126137 0.2936156862745098 0.034893875075803514 0.03872156862745098
15 0.6462522741055186 0.24625882352941178 0.030485142510612493 0.04632941176470588
15 0.7667677380230443 0.18311372549019608 0.03738023044269254 0.034635294117647056
2 0.27805942995755 0.3320549019607843 0.12346270466949667 0.023458823529411765
0 0.7673681018799273 0.3981490196078431 0.018053365676167374 0.0472
15 0.7075682231655549 0.22801568627450983 0.02944815039417829 0.04486274509803922
0 0.7349060036385687 0.3949098039215686 0.028853850818677987 0.09212549019607842
2 0.6806003638568829 0.1660235294117647 0.05298969072164948 0.01850980392156863
1 0.572152819890843 0.1748862745098039 0.09711340206185566 0.020164705882352942
5 0.6187628865979382 0.13389803921568627 0.08326864766525167 0.021756862745098037
5 0.7300909642207399 0.1332156862745098 0.0798605215281989 0.021811764705882353
6 0.125767131594906 0.3300705882352941 0.05004244996967859 0.020031372549019606
