8 0.7050121065375302 0.3292759407069555 0.032074253430185634 0.08612314709236032
16 0.862905569007264 0.708369441277081 0.12599677158999195 0.05636259977194983
2 0.4418724778046812 0.48562713797035345 0.1542453591606134 0.03022805017103763
15 0.7224455205811138 0.10989737742303306 0.038288942695722354 0.035672748004561
2 0.38240516545601294 0.06875142531356898 0.06423728813559322 0.023574686431014825
0 0.7084826472962066 0.4856499429874573 0.02699757869249395 0.08998289623717219
2 0.5282163034705408 0.0638369441277081 0.12275221953188055 0.03811858608893957
15 0.6310330912025828 0.13628278221208665 0.038853914447134784 0.04051311288483467
0 0.6162469733656174 0.45988027366020523 0.029241323648103307 0.09157924743443557
0 0.27449556093623895 0.4845781071835804 0.04246973365617433 0.0877309007981756
11 0.4001533494753834 0.1820011402508552 0.14867635189669087 0.0335860889395667
