3 0.503223 0.721937 0.019742 0.038177
11 0.448832 0.651282 0.027397 0.066667
2 0.435536 0.716809 0.014504 0.054701
2 0.494359 0.632479 0.059629 0.02735
8 0.232071 0.597151 0.014504 0.067806
0 0.365431 0.442165 0.021354 0.100855
0 0.337228 0.446724 0.022562 0.101994
0 0.213537 0.442735 0.022965 0.109402
2 0.29855 0.180627 0.032232 0.023362
15 0.232474 0.238177 0.016116 0.021083
15 0.331587 0.274644 0.014907 0.023362
15 0.35415 0.206268 0.017728 0.023932
15 0.283239 0.158974 0.016519 0.023362
0 0.323127 0.185185 0.016519 0.046154
0 0.243755 0.181766 0.013296 0.036467
2 0.300967 0.117949 0.022562 0.022222
2 0.278807 0.118519 0.020548 0.020513
2 0.283239 0.078063 0.032635 0.023362
