16 0.8118240516545602 0.6720923603192702 0.2688216303470541 0.04258266818700114
2 0.5843502824858757 0.22445267958950968 0.08081517352703793 0.021368301026225767
15 0.4956012913640032 0.1729133409350057 0.042324455205811136 0.04481185860889395
15 0.6531638418079095 0.2305986316989738 0.04047619047619048 0.044064994298745726
2 0.5737933817594835 0.15571835803876852 0.1123405972558515 0.021368301026225767
0 0.7737691686844229 0.41448688711516535 0.025746569814366422 0.032685290763968075
0 0.8326230831315576 0.41640250855188143 0.025851493139628735 0.035045610034207524
2 0.5686682808716708 0.18740592930444697 0.09989507667473768 0.021117445838084378
0 0.7172316384180791 0.41691562143671607 0.02549636803874092 0.05869441277080958
1 0.42476190476190473 0.6465165336374002 0.12539144471347863 0.0243557582668187
15 0.5767473769168685 0.3150228050171037 0.057643260694108155 0.028950969213226912
