15 0.36589516129032257 0.08970336565887051 0.056310483870967744 0.031756988020536225
2 0.5608991935483871 0.12932686822589848 0.041874999999999996 0.019053051911009696
2 0.5640040322580645 0.16998859098687963 0.036774193548387096 0.019680547632629778
11 0.8011048387096774 0.3688590986879635 0.027447580645161288 0.05417569880205362
1 0.7042056451612904 0.3854420992584141 0.04121774193548387 0.013553907586993727
2 0.7473508064516129 0.5392641186537365 0.05470564516129032 0.017638334284084428
4 0.6442379032258064 0.3336508841985168 0.07270161290322581 0.01829435253850542
2 0.922149193548387 0.4679349686252139 0.02175 0.07818026240730178
1 0.7180443548387097 0.5071705647461495 0.050383064516129034 0.01492869366799772
0 0.4793266129032258 0.47671990872789505 0.01522983870967742 0.09644609241300627
0 0.4137096774193548 0.4842555618938962 0.018120967741935484 0.13498003422703936
0 0.44531854838709684 0.4512892184826013 0.02028225806451613 0.08385054192812322
1 0.9437096774193549 0.5169537934968625 0.063875 0.014900171135196805
2 0.7651088709677419 0.3230576155162579 0.05027822580645161 0.022007986309184255
2 0.7595241935483871 0.5637136337706788 0.04759274193548387 0.01751283513976041
