2 0.648233 0.781137 0.041049 0.017332
2 0.647662 0.656187 0.041049 0.016526
2 0.222919 0.930673 0.024515 0.030633
2 0.356328 0.898025 0.049031 0.018541
2 0.107184 0.666264 0.038769 0.011689
2 0.351767 0.628779 0.041049 0.010883
2 0.222919 0.588875 0.018244 0.03023
2 0.571836 0.087062 0.021095 0.041112
2 0.570125 0.227731 0.022235 0.043934
2 0.5 0.162838 0.076397 0.016929
2 0.514823 0.185409 0.04618 0.014913
2 0.458951 0.184603 0.063284 0.012495
2 0.417902 0.205159 0.014823 0.050786
2 0.419042 0.253124 0.027366 0.051995
6 0.531357 0.295042 0.021095 0.023378
2 0.458951 0.524788 0.018244 0.012898
2 0.457241 0.503829 0.021665 0.024184
2 0.459521 0.480048 0.014823 0.014913
2 0.106613 0.491737 0.080388 0.017735
0 0.327252 0.534059 0.070696 0.015719
0 0.31756 0.514712 0.105473 0.021765
0 0.311288 0.495365 0.106043 0.021362
0 0.31699 0.37243 0.099202 0.019347
2 0.197834 0.410318 0.018814 0.039097
2 0.219498 0.406288 0.039339 0.072954
2 0.200114 0.450625 0.015964 0.016526
2 0.066135 0.427247 0.025086 0.06973
2 0.130559 0.239017 0.018814 0.021765
2 0.129989 0.220476 0.019384 0.021765
2 0.282782 0.229746 0.019384 0.042725
2 0.234322 0.185409 0.041049 0.013704
2 0.195553 0.186215 0.039909 0.013704
2 0.214937 0.163644 0.080958 0.016929
2 0.285063 0.088674 0.019384 0.043531
