7 0.8715411764705882 0.2496846573681019 0.11129411764705882 0.02966646452395391
11 0.7567764705882353 0.416737416616131 0.0947529411764706 0.06007277137659187
8 0.5993921568627452 0.55271679805943 0.10969803921568629 0.026537295330503335
15 0.6960980392156862 0.6462462098241359 0.029788235294117643 0.03702243784111583
15 0.8307019607843137 0.30733778047301397 0.03803921568627451 0.03962401455427532
1 0.8853137254901962 0.4155003032140691 0.0836078431372549 0.021115827774408732
1 0.7464901960784314 0.7152819890842935 0.06912941176470588 0.017392359005457853
2 0.8256549019607844 0.6308429351121893 0.07335686274509803 0.03579138872043663
2 0.8264470588235294 0.3610612492419648 0.11259607843137255 0.042916919345057605
0 0.8867294117647059 0.5796422073984233 0.017254901960784313 0.021000606428138266
0 0.6744196078431373 0.5787628865979382 0.017541176470588234 0.019248029108550637
2 0.924921568627451 0.5778896300788356 0.022913725490196078 0.021000606428138266
