0 0.6028870967741936 0.45503990877993156 0.01590322580645161 0.033979475484606614
0 0.645491935483871 0.45087229190421896 0.015266129032258064 0.038135689851767386
0 0.5596935483870967 0.45719498289623717 0.014879032258064516 0.0353363740022805
15 0.4647741935483871 0.34166476624857467 0.02038709677419355 0.0217787913340935
15 0.5345725806451613 0.3398460661345496 0.022798387096774193 0.02033067274800456
2 0.49825 0.29611174458380846 0.04954838709677419 0.012309007981755986
16 0.7988951612903226 0.5567730900798176 0.17684677419354838 0.02684150513112885
1 0.40281451612903224 0.4172748004561003 0.07526612903225806 0.010935005701254276
1 0.4425483870967742 0.36008551881413914 0.05681451612903226 0.009811858608893958
11 0.5568064516129033 0.3874800456100342 0.019548387096774193 0.02112314709236032
1 0.0735241935483871 0.526351197263398 0.04730645161290322 0.009543899657924742
1 0.5591532258064517 0.3596408209806157 0.05807258064516129 0.009492588369441276
0 0.49732258064516127 0.2801653363740023 0.033193548387096775 0.013677309007981754
10 0.42322580645161284 0.31413911060433297 0.07811290322580645 0.012155074116305587
