6 0.637389 0.614815 0.014907 0.017094
0 0.292909 0.71339 0.037873 0.022222
15 0.176873 0.621652 0.018131 0.022792
2 0.087027 0.619373 0.025383 0.11567
0 0.290894 0.521368 0.029815 0.025641
3 0.186543 0.252991 0.018131 0.025641
0 0.292103 0.359544 0.027397 0.026211
2 0.237309 0.317949 0.016922 0.047293
2 0.236503 0.264387 0.019339 0.064387
2 0.237309 0.214245 0.016922 0.050712
2 0.089847 0.263818 0.016922 0.108262
0 0.302579 0.136752 0.061644 0.034188
0 0.290894 0.110541 0.024577 0.025641
2 0.384367 0.137322 0.02216 0.108262
2 0.445205 0.252422 0.032232 0.023932
11 0.408944 0.238746 0.042707 0.034758
3 0.451652 0.125926 0.026591 0.032479
2 0.935133 0.3151 0.014504 0.072365
2 0.910153 0.332194 0.014907 0.037607
2 0.90975 0.296866 0.016519 0.034758
2 0.88477 0.320228 0.013699 0.033618
2 0.883965 0.290598 0.01531 0.02735
15 0.861805 0.328205 0.020145 0.025641
8 0.622482 0.465527 0.05278 0.019373
0 0.719581 0.459259 0.091459 0.038746
0 0.709911 0.410826 0.077357 0.037037
15 0.577357 0.377778 0.019339 0.02735
15 0.540693 0.375499 0.019339 0.02735
11 0.587027 0.250142 0.034247 0.05641
0 0.695004 0.203989 0.02498 0.02792
0 0.69581 0.157835 0.026994 0.02735
