15 0.683219 0.452532 0.027968 0.036392
0 0.636986 0.503165 0.019406 0.049051
0 0.611872 0.5 0.021119 0.072785
3 0.506849 0.52057 0.02911 0.031646
0 0.437785 0.498418 0.018265 0.045095
2 0.406393 0.422468 0.052511 0.026899
3 0.481164 0.700949 0.02226 0.044304
15 0.533105 0.630538 0.031963 0.039557
2 0.507991 0.571994 0.182078 0.026899
2 0.27968 0.56962 0.27911 0.02769
15 0.254566 0.636867 0.034817 0.041139
0 0.105594 0.522152 0.017694 0.065665
0 0.068493 0.488133 0.021119 0.126582
5 0.086187 0.49288 0.017123 0.094937
1 0.166667 0.40269 0.037671 0.02769
15 0.107306 0.295886 0.02911 0.041139
11 0.490297 0.327532 0.028539 0.087025
15 0.550228 0.322785 0.02911 0.035601
15 0.604452 0.260285 0.026256 0.035601
7 0.627283 0.301424 0.073059 0.026108
2 0.281393 0.273734 0.288813 0.030854
2 0.36758 0.235759 0.464612 0.030854
