2 0.7559483454398709 0.19778221208665908 0.07914447134786118 0.02515963511972634
0 0.5585633575464084 0.39695553021664765 0.02774011299435028 0.0775769669327252
0 0.18803874092009684 0.34555302166476626 0.0366908797417272 0.1033067274800456
0 0.14908797417271993 0.30953249714937286 0.0241727199354318 0.04285062713797035
11 0.6250928167877321 0.2386431014823261 0.03909604519774011 0.06887115165336374
0 0.6381113801452785 0.41783922462941847 0.027304277643260693 0.08014823261117447
15 0.8653430185633576 0.6081812998859749 0.12246166263115414 0.04214367160775371
0 0.241727199354318 0.3608950969213227 0.025020177562550445 0.06498289623717218
2 0.37892655367231637 0.22095781071835804 0.09885391444713479 0.024047890535917903
2 0.6869410815173527 0.22845496009122004 0.05558514931396288 0.021807297605473203
5 0.6990799031476997 0.34651083238312425 0.08826472962066183 0.02203534777651083
15 0.4704035512510089 0.18974914481185862 0.123454398708636 0.03428164196123147
