15 0.902941 0.391028 0.014902 0.024856
15 0.948431 0.378296 0.01902 0.026675
0 0.949804 0.454683 0.059804 0.020006
4 0.948824 0.472871 0.068431 0.01364
0 0.902157 0.489239 0.031569 0.023947
4 0.903333 0.50682 0.063725 0.013034
4 0.815294 0.484692 0.066863 0.012731
15 0.784902 0.520764 0.014706 0.023947
1 0.821373 0.611701 0.03902 0.014853
2 0.572549 0.679903 0.05549 0.021522
2 0.185882 0.734768 0.067255 0.026069
12 0.349412 0.723249 0.075098 0.014247
0 0.323922 0.674144 0.024314 0.011519
15 0.469804 0.783874 0.013529 0.019703
15 0.468627 0.762049 0.012745 0.017278
2 0.450392 0.713853 0.04902 0.021522
2 0.486667 0.742346 0.07451 0.024553
2 0.73451 0.678691 0.085882 0.025462
2 0.733922 0.618672 0.084118 0.02334
2 0.709804 0.595938 0.04549 0.027584
2 0.652745 0.505608 0.049608 0.023947
4 0.556471 0.823886 0.066275 0.013944
0 0.556275 0.806911 0.057059 0.022734
15 0.554902 0.866626 0.015294 0.025462
1 0.520588 0.896332 0.038235 0.016672
3 0.513725 0.867536 0.019412 0.011216
3 0.419216 0.916641 0.022157 0.010306
1 0.220392 0.946347 0.038431 0.01364
15 0.217059 0.866929 0.014902 0.023644
15 0.263333 0.825705 0.017451 0.023947
3 0.219412 0.784177 0.023922 0.011216
15 0.150196 0.772962 0.015686 0.021219
15 0.145686 0.752046 0.01451 0.01849
2 0.115294 0.736284 0.055882 0.02425
2 0.660588 0.302213 0.058235 0.022734
2 0.633529 0.255835 0.06 0.022431
2 0.604314 0.229463 0.054706 0.021825
15 0.596275 0.251895 0.016078 0.025462
15 0.639412 0.224917 0.016471 0.029706
15 0.568431 0.225826 0.016275 0.03304
7 0.663529 0.187936 0.065686 0.013944
10 0.606667 0.167627 0.062157 0.015156
4 0.520784 0.489542 0.065686 0.013337
1 0.534118 0.54077 0.038039 0.015156
15 0.546078 0.512883 0.016863 0.024856
15 0.473333 0.52137 0.018627 0.0291
0 0.426078 0.490149 0.033725 0.021825
0 0.395098 0.454986 0.030588 0.022128
15 0.426667 0.378903 0.017255 0.026675
15 0.397255 0.314944 0.016667 0.026069
0 0.301373 0.308275 0.030588 0.022734
13 0.288627 0.277357 0.028235 0.0194
2 0.094706 0.131555 0.069608 0.026372
0 0.221765 0.137314 0.028235 0.024856
2 0.177059 0.037587 0.04902 0.025462
