2 0.4891774193548387 0.1698630918425556 0.03553629032258064 0.01681688533941814
0 0.40349999999999997 0.44100969766115233 0.019689516129032258 0.08041642897889333
2 0.482625 0.13902452937820878 0.03820967741935484 0.018305761551625787
2 0.6637177419354838 0.6229891614375356 0.05509677419354838 0.015995436394751854
11 0.743116935483871 0.35479178551055335 0.029576612903225805 0.05002281802624073
5 0.4070524193548387 0.16175128351397605 0.0701008064516129 0.021197946377638333
3 0.6316935483870968 0.36405590416428985 0.031 0.03342840844266971
2 0.6753185483870967 0.6579806046776954 0.04652822580645161 0.01795778665145465
2 0.6459193548387098 0.33468910439247007 0.08286290322580646 0.015259555048488306
0 0.3780846774193548 0.483251568739304 0.018814516129032257 0.13152310325156874
15 0.3339314516129032 0.07296634341129492 0.057790322580645155 0.027113519680547635
0 0.43302822580645167 0.47594409583571023 0.01882258064516129 0.09528237307472903
1 0.6378266129032257 0.5665601825442099 0.0565725806451613 0.019857387335995437
2 0.8228548387096775 0.4690758699372504 0.01573790322580645 0.08605248146035367
2 0.7105604838709678 0.32194523673702224 0.03020161290322581 0.024073017683970337
