3 0.3321988682295877 0.1377423033067275 0.023613581244947453 0.025763968072976054
2 0.695642683912692 0.3387742303306728 0.022829426030719482 0.058369441277080956
2 0.3787873888439774 0.32989737742303304 0.02481002425222312 0.11305017103762828
2 0.4538075990299111 0.7613397947548461 0.026151980598221505 0.107212086659065
2 0.7388520614389653 0.34364310148232613 0.020396119644300728 0.06538198403648803
2 0.36748585286984636 0.14401368301026227 0.023839935327405012 0.07086088939566705
2 0.3405658852061439 0.3209692132269099 0.02412287793047696 0.09468072976054731
2 0.20885206143896526 0.1258437856328392 0.02353274050121261 0.09820980615735461
15 0.3443007275666936 0.3809863169897377 0.039029911075181896 0.029629418472063854
2 0.7753031527890056 0.3321379703534778 0.021301535974130963 0.06475484606613455
0 0.553856103476152 0.5512143671607754 0.038585286984640255 0.01765108323831243
2 0.41511721907841553 0.38259407069555307 0.029337105901374293 0.06342075256556443
0 0.5632821341956346 0.46488027366020523 0.04059822150363783 0.01614025085518814
0 0.5685286984640259 0.513375142531357 0.05647534357316087 0.02812998859749145
5 0.3938965238480194 0.49879703534777653 0.024923201293451897 0.06944697833523375
0 0.4795230396119644 0.24276510832383125 0.07929668552950687 0.05777080957810718
3 0.32514955537590945 0.18374002280501708 0.025448666127728375 0.022548460661345495
3 0.6938884397736459 0.39677879133409355 0.03501212611156023 0.03419042189281642
15 0.4807922392886015 0.37848916761687573 0.02690379951495554 0.025125427594070694
2 0.7401293451899758 0.38122576966932725 0.021899757477768796 0.028306727480045608
8 0.4336135812449475 0.4971949828962372 0.026839126919967666 0.06885974914481185
3 0.2975505254648343 0.13671607753705817 0.020598221503637833 0.02143101482326112
15 0.48559417946645106 0.4612713797035348 0.0334357316087308 0.026106043329532497
2 0.3362247372675829 0.16173318129988598 0.029563459983831853 0.026197263397947552
0 0.2710266774454325 0.08474344355758266 0.015917542441390462 0.019783352337514253
0 0.5666936135812449 0.2381927023945268 0.07202101859337107 0.017645381984036486
11 0.4977041228779305 0.3154503990877993 0.04169765561843169 0.02566134549600912
2 0.4567663702506063 0.3643728620296465 0.02502021018593371 0.043306727480045604
0 0.24752627324171383 0.1895381984036488 0.06595796281325789 0.019783352337514253
