0 0.781022 0.224059 0.027575 0.019384
6 0.497161 0.198974 0.021087 0.015393
16 0.300081 0.879704 0.068938 0.1374
1 0.801298 0.713797 0.028386 0.031927
7 0.839416 0.741163 0.030008 0.060433
0 0.620438 0.81642 0.029197 0.015964
15 0.797242 0.803877 0.027575 0.021095
2 0.766423 0.814139 0.033252 0.064424
2 0.621249 0.752566 0.073804 0.019384
2 0.499594 0.790764 0.027575 0.04732
9 0.716139 0.755986 0.061638 0.017104
1 0.652879 0.716648 0.025142 0.034778
0 0.620438 0.534778 0.038929 0.017674
2 0.561233 0.632839 0.022709 0.018814
2 0.561233 0.665336 0.024331 0.050741
2 0.6691 0.645382 0.028386 0.09122
2 0.670722 0.49943 0.027575 0.206956
2 0.671533 0.356899 0.024331 0.106043
11 0.729927 0.384265 0.064882 0.018244
15 0.746148 0.449829 0.025142 0.024515
15 0.529603 0.447548 0.03163 0.025086
15 0.532847 0.36317 0.027575 0.022805
2 0.817518 0.304447 0.025953 0.042189
2 0.468775 0.315849 0.025953 0.022805
1 0.579075 0.336374 0.025142 0.031357
0 0.609084 0.278791 0.03163 0.016534
0 0.609895 0.262828 0.028386 0.016534
11 0.648013 0.195553 0.051095 0.026796
11 0.593674 0.188141 0.051906 0.023945
8 0.434712 0.269099 0.083536 0.022805
