11 0.8083111648528819 0.3840051311288483 0.11031841999193873 0.16995438996579249
2 0.4827529222087868 0.8218187001140251 0.01531237404272471 0.0974600912200684
2 0.8548770656993148 0.8103164196123147 0.019871019750100766 0.07247719498289623
0 0.6315397017331721 0.1765592930444698 0.02751713018943974 0.03014823261117446
7 0.8860620717452641 0.7467474344355759 0.01694074969770254 0.038802736602052454
2 0.332652156388553 0.5368757126567845 0.015417170495767836 0.040413340935005704
2 0.455820233776703 0.8170667046750285 0.016735187424425636 0.0949800456100342
0 0.4893389762192664 0.25165621436716074 0.024643288996372432 0.028007411630558723
0 0.5254856912535268 0.9092531356898518 0.05275695284159612 0.012864880273660206
11 0.2831519548569125 0.51039338654504 0.05852478839177751 0.02387115165336374
2 0.8889963724304716 0.8364139110604333 0.016037887948407898 0.05568985176738883
0 0.5135147118097542 0.7171522234891676 0.03806126561870214 0.012876282782212088
2 0.8899072954453849 0.793457810718358 0.015203546956872229 0.0403078677309008
0 0.5122490931076179 0.932109464082098 0.03841193067311568 0.010601482326111744
2 0.38328899637243047 0.6023489167616876 0.015251914550584443 0.04115165336374003
2 0.39386537686416767 0.5678620296465222 0.02236598145908908 0.03374572405929304
3 0.412434502216848 0.8258323831242873 0.0262273276904474 0.013269669327251994
0 0.5168762595727528 0.7405245153933866 0.03725916968964127 0.010370581527936146
2 0.7553446191051996 0.6111972633979476 0.02656187021362354 0.010424743443557583
2 0.7947118097541315 0.04771094640820981 0.0351068117694478 0.011624857468643102
3 0.32408706166868195 0.5922719498289624 0.03072954453849254 0.017480045610034207
2 0.6871140669085046 0.6295296465222349 0.041620314389359134 0.012080957810718359
5 0.23438532849657395 0.6485746864310148 0.048968158000806124 0.013041619156214367
11 0.6190286174929464 0.8214053591790194 0.03253123740427247 0.018238312428734322
0 0.6823014913341394 0.23643386545039907 0.01920596533655784 0.031242873432155073
8 0.5773478436114471 0.8886003420752566 0.052527206771463116 0.013891106043329531
15 0.757291414752116 0.08606043329532496 0.01864570737605804 0.036647662485746864
15 0.8525634824667473 0.8710262257696693 0.018573155985489722 0.016507981755986317
0 0.5172994760177348 0.6960119726339795 0.037384119306731155 0.01224629418472064
2 0.6314107214832728 0.8944213226909921 0.029871019750100765 0.010641391106043329
2 0.8789721886336155 0.792309007981756 0.013825070536074163 0.03626282782212086
0 0.11347843611446998 0.5068158494868872 0.02099153567110036 0.057907639680729754
2 0.5266908504635228 0.7414196123147092 0.234167674324869 0.017237742303306727
7 0.5040669085046352 0.8895467502850628 0.0633534864973801 0.010236602052451539
2 0.7986577992744861 0.12678734321550741 0.042676340185409105 0.011194412770809578
7 0.87167674324869 0.8948232611174458 0.015828295042321645 0.03335518814139111
