2 0.3675725806451613 0.7072903593839134 0.06898387096774194 0.03511123787792356
2 0.30935483870967745 0.10538505419281233 0.18823790322580644 0.02661152310325157
2 0.1678024193548387 0.6007815173987451 0.05033064516129032 0.023320022818026243
0 0.4687862903225806 0.6024757558471193 0.01959274193548387 0.09007415858528238
2 0.31301612903225806 0.13527096406160866 0.1782741935483871 0.022875071306332
2 0.7279717741935483 0.11159155733029093 0.18960887096774195 0.024848830576155164
0 0.7327741935483871 0.6098516828294352 0.017911290322580646 0.08403879064460924
0 0.1547258064516129 0.26762122076440387 0.025959677419354836 0.06796349115801484
2 0.5985806451612903 0.4566400456360525 0.18199193548387096 0.021545921277809472
0 0.4224838709677419 0.6002909298345693 0.018987903225806454 0.07403879064460923
7 0.7300967741935485 0.4751796919566458 0.05519354838709677 0.016229321163719338
2 0.5973911290322581 0.4271135196805476 0.18302822580645162 0.027564175698802054
0 0.20760887096774194 0.5924358243011979 0.02245564516129032 0.08765544780376497
2 0.5317258064516129 0.6474101540216771 0.05780241935483871 0.01596120935539076
0 0.4444193548387097 0.2693211637193383 0.024346774193548387 0.0659440958357102
3 0.12736693548387096 0.5165887050770108 0.02417741935483871 0.02587564175698802
2 0.6240443548387097 0.6474557900741585 0.09687903225806452 0.016326297775242443
0 0.5992459677419355 0.28933827723901884 0.021588709677419354 0.04221905305191101
0 0.18128225806451612 0.2810781517398745 0.019455645161290322 0.031192241871078153
2 0.6938185483870968 0.6440102681118084 0.03938306451612903 0.021688533941814036
15 0.1316935483870968 0.5587849401026811 0.016935483870967744 0.016377638334284086
0 0.5739274193548387 0.28727895037079293 0.019556451612903227 0.04755847119224187
0 0.7548911290322581 0.6019566457501426 0.018786290322580647 0.08866514546491729
2 0.4981733870967742 0.45504848830576156 0.023588709677419356 0.022144894466628637
10 0.46958870967741934 0.479811751283514 0.049600806451612904 0.015932686822589845
0 0.5415967741935485 0.5946491728465488 0.014169354838709678 0.02515687393040502
0 0.11143145161290323 0.5905761551625784 0.021879032258064514 0.08256702795208215
15 0.6162782258064515 0.17387335995436395 0.016483870967741936 0.018174557900741586
8 0.4834838709677419 0.6398231602966343 0.011955645161290322 0.04745579007415859
2 0.21286290322580645 0.13439817455790073 0.027068548387096773 0.017843696520250998
15 0.49994758064516126 0.594090131203651 0.0194758064516129 0.022236166571591557
15 0.4394193548387097 0.5040844266970906 0.017169354838709676 0.020450656018254423
2 0.7894637096774193 0.6192641186537364 0.013713709677419354 0.1587621220764404
8 0.43435080645161295 0.6648203080433542 0.011544354838709678 0.04909868796349116
15 0.15016532258064516 0.5819851682829436 0.015814516129032258 0.016919566457501426
2 0.4162217741935484 0.13633200228180262 0.022786290322580643 0.01753565316600114
15 0.5230887096774194 0.5734740444951512 0.017080645161290323 0.017096406160867085
0 0.44904435483870975 0.6175755847119223 0.013193548387096774 0.0375470621791215
15 0.7526209677419354 0.6677124928693668 0.012391129032258065 0.016930975470621792
0 0.18743145161290323 0.27924700513405587 0.020463709677419353 0.033063320022818025
15 0.6964516129032258 0.6052253280091272 0.015064516129032257 0.018847689674843127
15 0.18916532258064517 0.5509013120365088 0.01503225806451613 0.02026811180832858
2 0.5742217741935484 0.6395778665145465 0.024056451612903224 0.031135196805476325
15 0.3436491935483871 0.6166400456360525 0.017375 0.018088990302338848
8 0.770483870967742 0.6459212778094695 0.011491935483870968 0.04811751283513976
15 0.7102096774193548 0.5742669709070166 0.017161290322580645 0.01795778665145465
15 0.3226693548387097 0.6905248146035368 0.012750000000000001 0.025482030804335427
15 0.3287782258064516 0.6143924700513406 0.011084677419354838 0.016622932116371933
3 0.2994838709677419 0.6376725613234455 0.024693548387096774 0.027432972047917857
3 0.3040645161290323 0.5833542498573874 0.019971774193548387 0.03704506560182544
2 0.27372580645161293 0.5790017113519681 0.025245967741935483 0.11280091272104964
2 0.30413709677419354 0.23698802053622361 0.02676209677419355 0.11495151169423844
