0 0.38514516129032256 0.3059155733029093 0.030903225806451613 0.08270964061608671
15 0.4775887096774194 0.3990530519110097 0.04080645161290323 0.036754135767256134
15 0.604766129032258 0.40920707358813463 0.04120967741935484 0.0372561323445522
2 0.6039112903225806 0.5073873359954364 0.07641129032258065 0.0236280661722761
1 0.4261774193548387 0.11787792355961209 0.07729032258064517 0.021146605818596693
2 0.5433387096774194 0.5420650313747861 0.0895241935483871 0.025527666856816886
0 0.7335887096774193 0.2985111237877923 0.025596774193548385 0.055487735310895604
16 0.819725806451613 0.06699942954934399 0.18356451612903227 0.04331431831146606
0 0.6741612903225807 0.2996463205932687 0.03175806451612903 0.0714717626925271
2 0.523508064516129 0.5132458642327439 0.09908064516129032 0.02213348545350827
15 0.5353548387096775 0.140125499144324 0.04312903225806451 0.028916143753565316
15 0.5791048387096774 0.13494010268111808 0.04369354838709678 0.035841414717626925
