11 0.521354 0.245584 0.076551 0.043875
3 0.717969 0.14302 0.024577 0.034758
15 0.685737 0.110541 0.014102 0.020513
2 0.711926 0.076353 0.056003 0.025071
2 0.657937 0.152137 0.013296 0.042165
11 0.65552 0.105983 0.010475 0.014815
15 0.786865 0.335043 0.016116 0.024501
15 0.834811 0.335613 0.022965 0.02849
15 0.848106 0.298006 0.010475 0.014815
15 0.860193 0.241026 0.010475 0.014815
15 0.765109 0.25698 0.010475 0.014815
15 0.805802 0.212536 0.017325 0.022792
2 0.818292 0.188034 0.010475 0.014815
2 0.799758 0.189174 0.010475 0.014815
2 0.809428 0.164672 0.028606 0.015385
8 0.771555 0.501425 0.013699 0.019373
8 0.896454 0.48433 0.013699 0.019373
0 0.880338 0.426211 0.022562 0.099715
0 0.848509 0.42906 0.02216 0.088319
0 0.753022 0.425641 0.023771 0.098006
11 0.519742 0.642165 0.072925 0.054131
2 0.075745 0.566952 0.016116 0.071795
15 0.161966 0.618234 0.01249 0.017664
0 0.291297 0.639886 0.01249 0.017664
0 0.300564 0.487749 0.028203 0.019943
0 0.273973 0.294017 0.014907 0.021083
3 0.165592 0.206838 0.014907 0.021083
2 0.207091 0.258689 0.014907 0.021083
2 0.205077 0.202849 0.014907 0.021083
2 0.205479 0.175499 0.014907 0.034758
2 0.074134 0.217094 0.018936 0.072365
0 0.300967 0.138462 0.03062 0.025071
0 0.302176 0.11339 0.029009 0.021083
