16 0.2874334140435835 0.7636088939566704 0.039523809523809524 0.12083808437856328
15 0.78454398708636 0.44445267958950974 0.027627118644067795 0.024971493728620293
2 0.6895641646489105 0.7889908779931586 0.020032284100080712 0.22424743443557582
2 0.8383373688458434 0.470193842645382 0.016674737691686845 0.035752565564424174
2 0.23008071025020177 0.3352964652223489 0.017667473769168687 0.04671607753705815
2 0.21052461662631153 0.36902508551881413 0.017271993543179983 0.05123717217787914
11 0.1652138821630347 0.26664766248574684 0.03267150928167877 0.017924743443557583
0 0.56181598062954 0.5563854047890536 0.03259887005649718 0.013437856328392247
5 0.37767554479418886 0.272212086659065 0.016368038740920098 0.050210946408209806
2 0.38883777239709444 0.4726852907639681 0.016037126715092817 0.0347206385404789
0 0.5522033898305084 0.15570695553021666 0.02814366424535916 0.015667046750285064
2 0.8429459241323649 0.3226339794754846 0.019192897497982246 0.26263968072976057
2 0.8733898305084746 0.34287913340935006 0.02069410815173527 0.2948916761687571
15 0.5959887005649717 0.2231927023945268 0.02670702179176756 0.0251539338654504
0 0.5886037126715092 0.5839509692132269 0.059491525423728805 0.014903078677309008
15 0.1778046811945117 0.2947263397947549 0.02175141242937853 0.02217787913340935
2 0.8008071025020178 0.3043842645381984 0.022865213882163032 0.20210946408209807
0 0.5735351089588377 0.11713797035347777 0.03461662631154157 0.01468072976054732
0 0.5635673930589185 0.5220239452679589 0.05173527037933817 0.013774230330672748
15 0.6673365617433414 0.4056841505131129 0.039854721549636804 0.022348916761687574
3 0.16375302663438254 0.3476225769669327 0.021008878127522196 0.01967502850627138
0 0.5760290556900727 0.08618015963511973 0.04710250201775625 0.013289623717217787
15 0.6566585956416465 0.4371265678449259 0.03089588377723971 0.019059293044469783
1 0.773591606133979 0.24451539338654504 0.018918482647296207 0.0301539338654504
15 0.6730669895076674 0.34283352337514256 0.029225181598062956 0.024367160775370583
2 0.7308716707021792 0.4418358038768529 0.060129136400322844 0.018848346636259977
2 0.3476674737691687 0.3563683010262258 0.018030669895076675 0.2791847206385405
11 0.15760290556900727 0.3982953249714937 0.026125907990314768 0.017377423033067274
3 0.6772397094430993 0.22502280501710376 0.025318805488297014 0.013882554161915622
