15 0.5676209677419355 0.14584141471762693 0.03955645161290322 0.03402738163148888
15 0.46511290322580645 0.16155162578436966 0.04079032258064516 0.0326468910439247
15 0.6507822580645162 0.1584940102681118 0.04003225806451613 0.031135196805476325
16 0.853741935483871 0.6542099258414147 0.12786290322580646 0.04816314888762122
1 0.6673870967741935 0.46783228750713063 0.01858064516129032 0.051260695949800344
2 0.5568870967741936 0.06436394751853965 0.14508064516129032 0.013571021106674273
0 0.3566048387096774 0.2693040501996577 0.017991935483870968 0.03013690815744438
0 0.4163790322580645 0.2741985168282944 0.01889516129032258 0.044877353108956075
1 0.45856451612903226 0.3747347404449515 0.01985483870967742 0.05041072447233315
1 0.7053709677419354 0.38177980604677697 0.06963709677419354 0.014603536794067314
5 0.7264032258064517 0.06980604677695379 0.09834677419354838 0.016691386195094124
10 0.5570403225806452 0.0804278379920137 0.08006451612903226 0.017033656588705075
