2 0.6939977188480182 0.2890322580645161 0.07174508126603936 0.011282258064516128
5 0.6540433418876532 0.4800806451612903 0.04068719703450242 0.015354838709677418
2 0.7345651554034788 0.42571370967741934 0.04389791844881665 0.01235483870967742
0 0.19102936983176505 0.3443629032258064 0.04331052181351582 0.016201612903225807
0 0.6537296834901626 0.4597701612903226 0.051020815511833476 0.024133064516129035
0 0.7684516680923866 0.46629838709677424 0.05010550327915597 0.02531451612903226
0 0.4230538922155689 0.33951209677419353 0.054513829483889366 0.016383064516129035
12 0.40224123182207017 0.6981129032258064 0.07216139150270887 0.017866935483870968
0 0.39656686626746507 0.682366935483871 0.05952666096378671 0.01302016129032258
15 0.7479526660963787 0.6570806451612903 0.021414314228685484 0.022407258064516128
