7 0.2273306451612903 0.5649229891614375 0.060290322580645164 0.03077581289218483
2 0.24545967741935484 0.1385966913861951 0.12974596774193548 0.02942954934398175
11 0.4671532258064516 0.2514432401597262 0.1178508064516129 0.10338277239018824
2 0.1996774193548387 0.463405590416429 0.03543548387096774 0.021848260125499144
2 0.17931048387096774 0.8255219623502568 0.04589112903225807 0.020530519110096977
11 0.5780000000000001 0.25548203080433546 0.12053629032258065 0.10913861950941244
2 0.2609032258064516 0.8303194523673701 0.042943548387096776 0.015892755276668568
2 0.08949193548387097 0.3792584141471763 0.019068548387096772 0.17047917855105535
2 0.23493548387096774 0.5036337706788363 0.11015322580645162 0.02381631488876212
2 0.3668427419354839 0.37776383342840847 0.02413709677419355 0.14206503137478607
2 0.25414516129032255 0.4679121505989732 0.07494354838709678 0.018836280661722764
2 0.06126612903225807 0.37094124358243014 0.022741935483870965 0.18455790074158585
2 0.295883064516129 0.18124928693668 0.028491935483870967 0.02585852823730747
2 0.1159758064516129 0.3579235596120936 0.02463709677419355 0.11786081003993155
2 0.22131854838709678 0.8263091842555619 0.03517338709677419 0.019361095265259552
2 0.3387903225806452 0.3740501996577296 0.025588709677419354 0.11373645179691956
2 0.14734274193548388 0.36547062179121503 0.019403225806451613 0.1223502567027952
6 0.30270564516129034 0.6631945236737021 0.05253225806451613 0.02237307472903594
2 0.26163306451612905 0.7672047917855106 0.025036290322580645 0.07773531089560753
2 0.2959798387096774 0.506314888762122 0.02115725806451613 0.022675413576725614
6 0.456125 0.130718767826583 0.05302822580645161 0.02677695379349686
