0 0.414907183212268 0.24877923559612095 0.03715092816787732 0.03473474044495151
2 0.2816464891041162 0.35211066742726754 0.03617433414043584 0.06189960068454079
2 0.4586279257465698 0.6958984597832288 0.01916061339790153 0.11375926982316029
2 0.22527845036319613 0.3827780946948089 0.034342211460855525 0.11869366799771819
2 0.4310088781275222 0.6563148887621221 0.015641646489104117 0.06409013120365088
2 0.4842937853107344 0.4170849971477467 0.017037933817594834 0.03972047917855105
0 0.4763518966908798 0.3046719908727895 0.042187247780468125 0.03670849971477467
2 0.43242937853107344 0.7401026811180833 0.017037933817594834 0.059834569309754705
0 0.4161097659402744 0.45664575014261266 0.04270379338175948 0.03258414147176269
0 0.48787732041969334 0.3558585282373075 0.03719128329297821 0.040039931545921274
0 0.489636803874092 0.2637877923559612 0.033890234059725584 0.03479749001711352
2 0.41238902340597255 0.39622361665715916 0.03797417271993543 0.06131203650884199
2 0.24494753833736885 0.42475185396463205 0.017602905569007263 0.056788362806617226
0 0.4732122679580306 0.4740501996577296 0.039951573849878935 0.03656018254420993
0 0.3344955609362389 0.5645750142612664 0.03642453591606134 0.03478608100399315
0 0.38430992736077485 0.28312606959498005 0.02221953188054883 0.021078151739874502
0 0.32857142857142857 0.7937706788362807 0.03722356739305892 0.03417569880205362
2 0.2715738498789346 0.4243183114660582 0.03405165456012913 0.049081574443810616
2 0.43942695722356745 0.693251568739304 0.015351089588377723 0.06400456360524814
2 0.3730669895076675 0.7166742726754135 0.01532687651331719 0.06338277239018825
2 0.361226795803067 0.6773188819167142 0.01599677158999193 0.0597718197375927
0 0.2883050847457627 0.5903879064460924 0.020936238902340597 0.023559612093553905
