6 0.588235 0.445584 0.020548 0.018234
7 0.808219 0.505983 0.044722 0.017094
3 0.722401 0.669516 0.020145 0.02963
2 0.757857 0.668376 0.013699 0.065527
15 0.773973 0.652991 0.00967 0.013675
15 0.760677 0.616524 0.016519 0.026211
15 0.743755 0.6 0.014907 0.023932
11 0.75423 0.567521 0.031426 0.024501
2 0.723207 0.560684 0.033038 0.015385
2 0.598711 0.698006 0.02216 0.017094
2 0.578969 0.698006 0.017728 0.016524
2 0.574134 0.676353 0.037873 0.014815
15 0.582192 0.65641 0.00967 0.016524
15 0.582998 0.640456 0.01249 0.018234
15 0.653908 0.634188 0.013296 0.015954
2 0.663981 0.609687 0.017728 0.066097
2 0.598711 0.59886 0.039081 0.018803
2 0.582595 0.577778 0.038678 0.021083
2 0.474617 0.54302 0.060032 0.036467
15 0.45689 0.59886 0.014907 0.025641
15 0.425463 0.60114 0.016116 0.022792
15 0.406527 0.595442 0.017728 0.023362
0 0.408541 0.660399 0.021757 0.091738
0 0.389605 0.670655 0.020145 0.072934
0 0.314263 0.674074 0.014907 0.050142
15 0.122079 0.6 0.020145 0.026211
0 0.103143 0.671225 0.013296 0.050142
0 0.079371 0.668946 0.012893 0.041026
2 0.219984 0.468376 0.165592 0.033618
3 0.279613 0.249573 0.015713 0.022222
3 0.150685 0.251852 0.015713 0.022222
0 0.315471 0.325356 0.015713 0.041026
0 0.205077 0.316239 0.022562 0.065527
2 0.304996 0.275214 0.022965 0.022222
2 0.217164 0.275783 0.155923 0.022792
2 0.125705 0.273504 0.028203 0.024501
0 0.101934 0.327066 0.015713 0.036467
0 0.078566 0.327635 0.015713 0.043875
2 0.229251 0.125356 0.128525 0.02735
2 0.149879 0.125356 0.029009 0.019373
2 0.216761 0.094587 0.163981 0.026781
8 0.943594 0.407407 0.011684 0.061538
0 0.927075 0.335043 0.023771 0.098006
8 0.682514 0.405698 0.010073 0.060399
0 0.69581 0.335613 0.021354 0.080912
0 0.66801 0.337322 0.020145 0.089459
0 0.642627 0.341311 0.020951 0.070655
15 0.662772 0.178917 0.01531 0.026781
15 0.735294 0.327066 0.015713 0.026781
15 0.719178 0.280912 0.016116 0.023362
15 0.682917 0.243875 0.014504 0.025641
15 0.741741 0.222222 0.01531 0.024501
2 0.849315 0.241595 0.013699 0.058689
15 0.926672 0.222222 0.020951 0.025641
15 0.863417 0.191453 0.014102 0.020513
15 0.817083 0.222222 0.013699 0.022222
15 0.800967 0.193732 0.014504 0.021083
15 0.785657 0.219943 0.014504 0.021083
15 0.772764 0.2 0.015713 0.022792
2 0.883562 0.161823 0.026994 0.015954
2 0.83199 0.161823 0.076148 0.018234
2 0.780822 0.161254 0.0278 0.015954
2 0.837631 0.130484 0.119259 0.017664
2 0.7639 0.121937 0.029815 0.025071
2 0.727639 0.129915 0.031829 0.016524
2 0.818695 0.095726 0.156326 0.033618
