8 0.739508064516129 0.6235767256132345 0.06793548387096773 0.018602395892755277
11 0.573508064516129 0.8555105533371363 0.041701612903225806 0.053759269823160295
15 0.7844193548387096 0.29397604107244724 0.029104838709677422 0.027005134055904167
15 0.5780887096774194 0.7108784940102681 0.02841935483870968 0.027974900171135197
2 0.4666935483870968 0.11997147746719909 0.023266129032258064 0.060872789503707926
15 0.5103225806451612 0.6083342840844267 0.03154838709677419 0.02894466628636623
2 0.43915322580645155 0.3451340559041643 0.028346774193548387 0.19913291500285224
2 0.4368225806451613 0.1790872789503708 0.027854838709677417 0.13641186537364516
15 0.3999516129032258 0.09868225898459784 0.033233870967741934 0.028636622932116374
2 0.544717741935484 0.7197318881916714 0.02532258064516129 0.06686252139189959
15 0.8328951612903226 0.06289218482601255 0.033137096774193554 0.030678836280661724
2 0.795491935483871 0.7165430690245294 0.021161290322580645 0.06473474044495152
15 0.5317177419354839 0.09337706788362807 0.03150806451612903 0.027992013690815745
0 0.740508064516129 0.3412150598973189 0.056741935483870964 0.015664575014261266
1 0.4757903225806452 0.6118311466058186 0.020580645161290323 0.04694238448374216
2 0.3681451612903226 0.3295835710211067 0.03483064516129032 0.4625556189389618
2 0.8564677419354838 0.11231032515687393 0.02404032258064516 0.06007986309184255
2 0.7633548387096774 0.5472333143183115 0.02075806451612903 0.056172276098117514
0 0.6656693548387096 0.6242327438676555 0.06893548387096775 0.01814033086138049
2 0.7643064516129032 0.506748431260696 0.020548387096774194 0.03732458642327439
0 0.6579193548387097 0.05456930975470622 0.04878225806451613 0.017142042213348547
15 0.3987661290322581 0.5632629777524244 0.03182258064516129 0.027524244152880777
15 0.6824758064516129 0.7022589845978322 0.028306451612903228 0.02454649172846549
0 0.6758225806451613 0.7497261836851112 0.03416129032258065 0.030570450656018256
15 0.6621048387096774 0.6633941814033086 0.03450806451612903 0.025499144324015975
0 0.6643145161290323 0.07204791785510553 0.06404032258064515 0.018533941814033086
2 0.43802419354838706 0.5157102110667428 0.02221774193548387 0.13074158585282372
3 0.5911370967741936 0.6766742726754136 0.026225806451612904 0.02062749572162008
