3 0.7142096774193548 0.5328579577866515 0.035967741935483875 0.028146035367940674
16 0.7984193548387096 0.6227837992013691 0.11237903225806452 0.03946948088990302
8 0.692758064516129 0.28574443810610384 0.024290322580645164 0.072093553907587
8 0.2196774193548387 0.28201939532230463 0.024387096774193547 0.07268682258984598
15 0.5819516129032258 0.09717056474614946 0.03872580645161291 0.03628636622932117
15 0.29713709677419353 0.10106103822019395 0.04211290322580645 0.03519110096976611
3 0.7968467741935484 0.518157444381061 0.033427419354838714 0.025818596691386194
11 0.8428306451612902 0.5545864232743868 0.044596774193548384 0.060735881346263544
2 0.7536129032258064 0.4960068454078722 0.06235483870967742 0.0162749572162008
11 0.6426774193548387 0.13360524814603536 0.035975806451612906 0.054010268111808334
15 0.5153467741935484 0.40759269823160293 0.03929838709677419 0.03263548203080434
2 0.43086290322580645 0.06503137478608101 0.15208064516129033 0.019212778094694807
11 0.2638951612903226 0.1437877923559612 0.03479838709677419 0.05896177980604678
0 0.6690725806451613 0.28609811751283515 0.01957258064516129 0.05175128351397604
2 0.6763548387096774 0.5706103822019395 0.020798387096774194 0.061911009697661154
0 0.5979032258064516 0.281186537364518 0.02075 0.03720479178551055
0 0.2959112903225807 0.28170564746149457 0.02400806451612903 0.04170564746149458
0 0.19311290322580646 0.28410154021677125 0.020701612903225808 0.05178551055333714
2 0.4655564516129032 0.49409583571021104 0.21268548387096775 0.015795778665145466
0 0.4488387096774193 0.2830519110096977 0.021975806451612904 0.06694238448374215
7 0.4244677419354839 0.08873359954363948 0.1249516129032258 0.01932686822589846
