11 0.4329758064516129 0.6263548203080433 0.04212096774193548 0.06322304620650314
2 0.5088870967741935 0.4688077581289219 0.0484758064516129 0.022789503707929266
2 0.5540322580645162 0.44096406160867085 0.14041129032258065 0.027107815173987453
2 0.5810645161290322 0.47059326868225904 0.09202419354838709 0.02231032515687393
2 0.5572016129032258 0.28436394751853966 0.04395967741935484 0.026845407872219056
2 0.3372096774193548 0.5729435253850542 0.03979032258064517 0.15414717626925273
2 0.6065645161290323 0.2857558471192242 0.04538709677419355 0.02354249857387336
2 0.5099758064516129 0.2866229321163719 0.0402258064516129 0.023525385054192813
2 0.37509677419354837 0.5737022247575585 0.033427419354838714 0.13845407872219054
3 0.44819354838709674 0.3243810610382202 0.02732258064516129 0.02564746149458072
3 0.132 0.4819338277239019 0.02708870967741936 0.027090701654306902
3 0.6617580645161291 0.35578436965202515 0.03303225806451613 0.023274386765544778
3 0.5760080645161291 0.5252310325156874 0.02621774193548387 0.03217912150598973
2 0.5575806451612904 0.6717683970336565 0.12368548387096774 0.025618938961779802
3 0.6476370967741936 0.47289788933257276 0.032 0.02347974900171135
2 0.37556451612903224 0.6628237307472904 0.0312741935483871 0.041505989731888196
3 0.5148870967741935 0.5449458071876783 0.026895161290322583 0.023958927552766685
3 0.23716129032258063 0.4776155162578437 0.029266129032258063 0.024763262977752422
2 0.4106370967741935 0.3369652025099829 0.02436290322580645 0.038311466058185965
2 0.18925806451612903 0.5909412435824302 0.050508064516129034 0.02430690245293782
