2 0.746294 0.707376 0.033067 0.098347
2 0.558723 0.836356 0.246864 0.020556
2 0.295325 0.325272 0.021095 0.087062
2 0.323831 0.318823 0.021665 0.099557
2 0.354618 0.278517 0.019954 0.078194
2 0.385975 0.276501 0.021095 0.072954
0 0.584949 0.469569 0.039909 0.056832
0 0.5439 0.420395 0.039909 0.043531
0 0.560433 0.370012 0.078107 0.053204
0 0.541049 0.24345 0.049601 0.051592
0 0.602052 0.207578 0.038769 0.0395
0 0.553022 0.183394 0.040479 0.038291
0 0.602623 0.156389 0.039339 0.040306
0 0.557013 0.124143 0.042759 0.050383
