16 0.4228104838709677 0.7728693667997718 0.07993145161290321 0.044175698802053624
15 0.755391129032258 0.45653736451796917 0.022673387096774193 0.027296063890473475
0 0.8427822580645161 0.3731146605818597 0.013350806451612903 0.031631488876212206
2 0.709125 0.11607529948659441 0.04766532258064516 0.019184255561893897
2 0.7422177419354838 0.19356531660011408 0.059479838709677414 0.015362236166571591
0 0.804282258064516 0.37177980604677696 0.012935483870967742 0.033148887621220764
0 0.35368951612903227 0.3318482601254992 0.026306451612903223 0.029743297204791786
15 0.7427217741935485 0.5035196805476326 0.021528225806451612 0.03074729035938391
0 0.6024435483870968 0.3715744438106104 0.012810483870967742 0.03505989731888192
2 0.23373387096774192 0.5885852823730747 0.019314516129032257 0.06869937250427838
6 0.7702177419354839 0.3723958927552766 0.013342741935483873 0.055904164289788935
11 0.35766935483870965 0.25314318311466055 0.07239112903225807 0.07464346833998858
7 0.8869112903225806 0.24185966913861953 0.056850806451612904 0.02314318311466058
