15 0.46534207525655646 0.4716370967741936 0.05474344355758266 0.025637096774193548
2 0.1998289623717218 0.24169354838709675 0.1254332953249715 0.029967741935483867
15 0.46117445838084375 0.3392096774193548 0.05157924743443557 0.025403225806451612
2 0.5377137970353477 0.29512903225806447 0.08130558722919043 0.015362903225806452
3 0.31604332953249714 0.34200806451612903 0.05891676168757127 0.019991935483870966
15 0.16132269099201824 0.37736290322580646 0.054823261117445836 0.027814516129032258
2 0.593266818700114 0.5737580645161291 0.202690992018244 0.019008064516129033
2 0.11587229190421894 0.42564516129032254 0.019481185860889396 0.11985483870967742
0 0.3844868871151653 0.42707258064516135 0.01582098061573546 0.04185483870967742
0 0.4145610034207526 0.39931451612903224 0.02075256556442417 0.12982258064516128
15 0.9078791334093501 0.33945967741935484 0.02704675028506271 0.07997580645161291
15 0.48590649942987457 0.271 0.0226054732041049 0.07281451612903227
2 0.7009122006841506 0.2645887096774193 0.41555872291904217 0.017225806451612903
2 0.6971322690992018 0.2916451612903226 0.2512884834663626 0.01871774193548387
1 0.9399828962371722 0.39675806451612905 0.04923603192702394 0.015314516129032257
6 0.6043329532497149 0.31941935483870965 0.03031927023945268 0.017806451612903226
2 0.6983637400228051 0.3104677419354839 0.05519954389965792 0.016733870967741937
15 0.4420353477765109 0.8585564516129032 0.056254275940706956 0.03037096774193548
3 0.3082269099201824 0.23616935483870968 0.05255416191562144 0.028637096774193547
0 0.4089908779931585 0.6134193548387097 0.018318129988597495 0.0957016129032258
