8 0.37428225806451615 0.5702281802624073 0.02438306451612903 0.09927552766685682
2 0.4818346774193549 0.13338847689674843 0.047762096774193546 0.021648602395892756
3 0.24100806451612905 0.48800342270393615 0.029782258064516128 0.03929834569309755
7 0.4528870967741936 0.7258927552766685 0.06986290322580645 0.024826012549914435
2 0.49340322580645163 0.10448944666286365 0.07649193548387097 0.024209925841414716
15 0.3854637096774194 0.2155504848830576 0.023330645161290322 0.027159155733029093
0 0.6211814516129032 0.4590473474044495 0.02546774193548387 0.06335995436394752
2 0.17734677419354838 0.47043354249857383 0.01937903225806452 0.08790074158585283
2 0.18379435483870968 0.39950370792926415 0.11154032258064517 0.024261266400456363
0 0.5820362903225806 0.4605533371363377 0.02329032258064516 0.06199657729606389
15 0.4216814516129032 0.25462065031374786 0.022153225806451612 0.026662863662293212
2 0.5122580645161291 0.16333713633770677 0.04499596774193548 0.01646320593268682
11 0.5731491935483871 0.18041642897889332 0.044056451612903225 0.09565887050770108
2 0.5225 0.13374215630347974 0.029048387096774195 0.016828294352538506
0 0.35245564516129035 0.4359041642897889 0.028637096774193547 0.13214489446662864
0 0.38995161290322583 0.43762692527096403 0.027629032258064515 0.12139189960068454
15 0.4995362903225806 0.19106674272675414 0.018141129032258067 0.026811180832857957
