2 0.7384004834810637 0.1269002849002849 0.23073327961321513 0.026182336182336185
8 0.38100322320709107 0.6618233618233619 0.010076551168412572 0.046045584045584044
2 0.3057775987107172 0.098005698005698 0.2283118452860596 0.02121367521367521
2 0.5185979049153908 0.6406495726495726 0.1403062046736503 0.013988603988603989
15 0.445491539081386 0.6426666666666667 0.012550362610797743 0.01887749287749288
15 0.5911522965350524 0.1556353276353276 0.020225624496373894 0.01966951566951567
15 0.43336825141015306 0.6822336182336182 0.017767929089443996 0.016233618233618234
15 0.12576954069298954 0.5973903133903135 0.01426269137792103 0.018256410256410255
2 0.5659468170829977 0.4309287749287749 0.22482675261885576 0.017219373219373217
0 0.7335334407735697 0.5961253561253561 0.017115229653505235 0.0625982905982906
0 0.7154754230459307 0.5925470085470086 0.017751813053988718 0.08001139601139601
0 0.5721756647864625 0.2801766381766382 0.013009669621273166 0.04802279202279203
7 0.7080419016921837 0.7211396011396011 0.0372522159548751 0.012188034188034188
15 0.4028283642224013 0.7073903133903134 0.02040692989524577 0.01737321937321937
2 0.35900483481063655 0.12536752136752138 0.11578162771958099 0.016843304843304843
0 0.43777598710717164 0.28727635327635326 0.011361804995970991 0.037829059829059826
0 0.40430298146655924 0.5910655270655271 0.017074939564867043 0.08298575498575497
0 0.5913738920225624 0.28243874643874645 0.013517324738114423 0.04071794871794871
0 0.138102336825141 0.2837207977207977 0.011490733279613216 0.034444444444444444
0 0.6292506043513295 0.5882792022792023 0.016164383561643833 0.03677492877492878
0 0.3689887187751813 0.5917492877492877 0.019149879129734086 0.08315669515669516
0 0.15932312651087832 0.28745299145299147 0.011297340854149879 0.03071225071225071
8 0.1012369057211926 0.6372877492877493 0.012183722804190169 0.04825071225071226
2 0.2778525382755842 0.5793447293447294 0.0581184528605963 0.016905982905982907
2 0.6267123287671232 0.4497720797720798 0.09822723609991943 0.014877492877492878
15 0.38569701853344074 0.4736239316239316 0.016422240128928282 0.017219373219373217
2 0.5094802578565673 0.4504501424501424 0.11577356970185336 0.015435897435897435
0 0.6973569701853344 0.6043817663817664 0.01708299758259468 0.07047863247863248
15 0.10745366639806607 0.579019943019943 0.015390813859790492 0.016102564102564103
2 0.660088638195004 0.5582450142450143 0.03309427880741338 0.01415954415954416
3 0.2954351329572925 0.15062108262108262 0.012723609991941982 0.01887749287749288
2 0.13957695406929896 0.656005698005698 0.039617244157937145 0.019612535612535613
2 0.24924254633360193 0.12448433048433048 0.11655922643029815 0.015105413105413107
3 0.6492344883158744 0.4996809116809117 0.023694601128122484 0.013823361823361824
0 0.3861039484286865 0.5915669515669516 0.01982675261885576 0.07363532763532762
2 0.3461563255439162 0.6016068376068375 0.016712328767123287 0.16303133903133904
15 0.6692586623690572 0.508011396011396 0.013178887993553587 0.02229059829059829
15 0.33354552780016117 0.5349287749287749 0.015684931506849315 0.01769230769230769
2 0.12569298952457697 0.6192022792022792 0.03697824335213538 0.016940170940170942
8 0.41766317485898474 0.6520797720797721 0.010979049153908139 0.04650712250712251
11 0.6833843674456084 0.505988603988604 0.019492344883158742 0.03317378917378917
8 0.7262087026591458 0.6536239316239316 0.010346494762288477 0.042193732193732195
11 0.13403303787268334 0.5535099715099715 0.030463336019339243 0.03124216524216524
15 0.16294117647058823 0.6166609686609686 0.01427477840451249 0.018227920227920226
2 0.17904915390813858 0.12546438746438746 0.015592264302981468 0.021356125356125355
3 0.1930177276390008 0.14940170940170938 0.016208702659145847 0.018222222222222223
2 0.6699798549556809 0.6317720797720797 0.03495568090249799 0.01678632478632479
15 0.5705479452054795 0.6964273504273505 0.01289685737308622 0.01736182336182336
0 0.20862610797743752 0.204997150997151 0.022252215954875098 0.06725356125356126
15 0.6617284448025786 0.5908603988603989 0.013134568896051572 0.020131054131054132
8 0.7072441579371475 0.6506837606837607 0.013259468170829975 0.04626210826210826
15 0.2728364222401289 0.5455270655270655 0.012655116841257051 0.02133903133903134
2 0.659109589041096 0.6168319088319089 0.030934730056406123 0.014883190883190884
15 0.6951208702659146 0.6774074074074073 0.013581788879935537 0.015441595441595443
11 0.5626913779210314 0.681042735042735 0.018138597904915392 0.04259259259259259
15 0.17496776792908944 0.5705584045584046 0.013883964544721999 0.0183019943019943
8 0.1936180499597099 0.6426438746438746 0.009947622884770347 0.04797150997150997
15 0.5914020950846092 0.5863589743589743 0.012312651087832393 0.020655270655270654
3 0.26001611603545527 0.4953675213675214 0.0191941982272361 0.03228490028490028
15 0.7168614020950846 0.6829515669515669 0.01813456889605157 0.01818233618233618
2 0.6220427074939565 0.6385299145299145 0.04479452054794521 0.01445014245014245
10 0.56290088638195 0.5598974358974359 0.03575745366639806 0.01278062678062678
15 0.27133360193392425 0.5635099715099715 0.014540692989524578 0.013339031339031339
0 0.18350926672038678 0.6374188034188034 0.011003223207091056 0.046683760683760685
0 0.08900483481063658 0.6174131054131053 0.01532634971796938 0.07557834757834757
15 0.6803948428686543 0.5915726495726495 0.010608380338436744 0.020564102564102568
