0 0.6363648834019204 0.48196896217264795 0.020246913580246915 0.051765276430649855
0 0.5836076817558299 0.4831522793404462 0.02212620027434842 0.04668283220174588
1 0.3776131687242798 0.44822502424830263 0.05319615912208505 0.010135790494665373
2 0.5426200274348423 0.33863239573229875 0.10521262002743485 0.01892337536372454
1 0.46875171467764065 0.505266731328807 0.059163237311385466 0.01457807953443259
1 0.5591358024691359 0.4150339476236663 0.04647462277091907 0.010261881668283221
2 0.12155006858710563 0.5442386032977692 0.05168724279835391 0.011212415130940834
5 0.5903017832647462 0.3868380213385063 0.06599451303155007 0.011387002909796315
1 0.568641975308642 0.5248399612027158 0.06314128943758573 0.01
10 0.4457064471879287 0.37100872938894275 0.07331961591220851 0.012696411251212415
