8 0.3871372549019608 0.1933232261976956 0.02203921568627451 0.10218920557913887
10 0.29820392156862746 0.24257731958762885 0.022164705882352944 0.1009278350515464
10 0.32761568627450977 0.5255488174651304 0.021701960784313728 0.09520315342631899
0 0.41710588235294116 0.8166585809581565 0.12803921568627452 0.027828987265009097
0 0.5632705882352941 0.2445239539114615 0.11241568627450982 0.029830200121285625
0 0.47157647058823526 0.09637962401455429 0.11833725490196079 0.028999393571861733
10 0.14339607843137256 0.2607034566403881 0.024556862745098038 0.0959733171619163
0 0.4831686274509804 0.7762462098241358 0.1163372549019608 0.02517889630078836
0 0.5143686274509804 0.21360218314129778 0.09811764705882353 0.022043662825955126
0 0.5107058823529411 0.17416616130988477 0.10415686274509804 0.02089751364463311
2 0.5552392156862744 0.8441661613098848 0.10822745098039216 0.0724620982413584
2 0.5999529411764706 0.3680351728320194 0.035458823529411765 0.10071558520315343
2 0.6835294117647058 0.25605215281989085 0.0352235294117647 0.09456640388114008
15 0.38817254901960785 0.26676773802304427 0.024643137254901963 0.024414796846573678
15 0.5151294117647058 0.6486901152213463 0.025545098039215685 0.02283808368708308
0 0.4712078431372549 0.05193450576106731 0.10992156862745099 0.02355366889023651
7 0.7462509803921569 0.6212067919951485 0.1283529411764706 0.019866585809581564
0 0.7195058823529412 0.6761067313523348 0.11018039215686273 0.027064887810794424
2 0.6416 0.37267434808975136 0.03309019607843137 0.09210430563978168
15 0.4751450980392156 0.2759490600363857 0.0252156862745098 0.02431170406306853
0 0.5030509803921569 0.13288053365676167 0.12264313725490196 0.030042449969678593
2 0.08823529411764706 0.3561067313523348 0.030235294117647058 0.1057974530018193
15 0.38450196078431376 0.1212310491206792 0.02683921568627451 0.02362644026682838
15 0.5741725490196079 0.3089326864766525 0.026501960784313723 0.023032140691328074
2 0.6439058823529412 0.2946755609460279 0.030533333333333332 0.05878107944208612
15 0.4477882352941176 0.9149484536082474 0.025984313725490198 0.023389933292904792
2 0.13060392156862746 0.40796846573681017 0.03429803921568627 0.07743480897513645
2 0.17046274509803921 0.35283201940570047 0.03140392156862745 0.09315342631898121
0 0.5459529411764706 0.7440691328077623 0.08633725490196079 0.019248029108550637
15 0.23439215686274512 0.4592722862340813 0.03044705882352941 0.02932080048514251
15 0.33578039215686273 0.6944269254093389 0.02788235294117647 0.027331716191631293
15 0.2896156862745098 0.7056579745300182 0.03142745098039216 0.031928441479684655
0 0.6536392156862745 0.7068162522741055 0.11370980392156863 0.023020012128562767
15 0.47933333333333333 0.6751910248635538 0.024062745098039216 0.022134627046694968
15 0.4791764705882353 0.9292359005457853 0.02847843137254902 0.024439053972104306
15 0.2704156862745098 0.4900667070952092 0.024368627450980392 0.020527592480291085
10 0.4177960784313726 0.5259490600363856 0.021599999999999998 0.09636143117040631
2 0.6838196078431372 0.4749787750151607 0.026501960784313723 0.2769193450576107
2 0.7244156862745098 0.46076409945421465 0.01984313725490196 0.3086052152819891
15 0.5723764705882353 0.4404851425106125 0.023772549019607844 0.023377804730139475
15 0.28231372549019607 0.4629775621588842 0.031137254901960787 0.025651910248635536
15 0.5706745098039215 0.4066889023650697 0.024384313725490197 0.024572468162522742
15 0.19082352941176473 0.4627531837477259 0.027623529411764706 0.037871437234687694
2 0.5950274509803921 0.5266707095209218 0.02516078431372549 0.18603395997574287
15 0.37043137254901964 0.288289872650091 0.023301960784313725 0.01982413583990297
2 0.22447058823529412 0.35208611279563373 0.04666666666666667 0.11494845360824743
2 0.43073725490196085 0.9071012734990903 0.043176470588235295 0.0890721649484536
8 0.47589019607843136 0.540988477865373 0.022094117647058827 0.10046694966646452
15 0.6413803921568627 0.6238265615524561 0.028258823529411767 0.02471801091570649
15 0.22751372549019608 0.2957731958762887 0.030878431372549017 0.024342025469981807
5 0.02627450980392157 0.07667677380230442 0.023890196078431375 0.0908853850818678
11 0.2602274509803922 0.3343723468768951 0.02475294117647059 0.0982171012734991
2 0.24873725490196077 0.5127289266221953 0.04588235294117647 0.07996361431170407
3 0.44265098039215683 0.5307944208611279 0.020870588235294116 0.08055791388720437
15 0.4277490196078431 0.22362037598544574 0.025458823529411766 0.02661006670709521
2 0.17131764705882355 0.47245603395997576 0.02996078431372549 0.08323226197695573
15 0.5113960784313726 0.868890236506974 0.028541176470588236 0.02405093996361431
15 0.6605568627450981 0.3283505154639176 0.02727843137254902 0.024172225591267433
2 0.01216470588235294 0.13205579138872042 0.024337254901960786 0.02427531837477259
15 0.23689411764705884 0.37888417222559123 0.024399999999999998 0.022577319587628864
2 0.3584470588235294 0.46169193450576107 0.019701960784313726 0.0639963614311704
11 0.3532549019607843 0.3235657974530018 0.05669803921568628 0.026052152819890845
