2 0.2864014827487881 0.06143951612903226 0.08619047619047618 0.022568548387096772
0 0.42429426860564584 0.7472983870967742 0.015791274593669805 0.08359677419354838
2 0.26153977758768177 0.11851209677419355 0.03457370972341032 0.015294354838709678
11 0.31341317365269467 0.16883467741935482 0.02090105503279156 0.0588266129032258
0 0.17350441973196465 0.33133870967741935 0.01778443113772455 0.07011290322580645
15 0.3989335614485315 0.662641129032258 0.0220302252637582 0.019931451612903224
0 0.20822925577416596 0.3322016129032258 0.015640148274878814 0.07452822580645162
15 0.5258197889934417 0.6507903225806452 0.02388366124893071 0.02404435483870968
0 0.24159110350727117 0.3028467741935484 0.016050755631593954 0.030596774193548386
15 0.18863416025092672 0.15105645161290324 0.022825777017393783 0.023923387096774194
0 0.2639920159680639 0.7487379032258064 0.013073852295409182 0.08381854838709678
2 0.32857142857142857 0.8547983870967742 0.07070430567436556 0.020612903225806452
15 0.291936127744511 0.6515685483870968 0.021485600228115197 0.02208467741935484
2 0.2814856002281152 0.14584677419354838 0.03285429141716567 0.012887096774193548
2 0.563130881094953 0.850741935483871 0.07276304533789564 0.021891129032258063
15 0.34211576846307384 0.1604032258064516 0.022058739663530082 0.032294354838709675
0 0.4901539777587682 0.7371290322580645 0.015637296834901625 0.09133870967741936
0 0.34170801254633587 0.334875 0.014214428286284574 0.04194758064516129
0 0.3407128599942971 0.29274193548387095 0.015731394354148845 0.0758508064516129
15 0.28921300256629595 0.32761290322580644 0.016512688907898487 0.0298991935483871
15 0.22664385514684918 0.15933870967741937 0.02252067293983462 0.021620967741935483
15 0.2916082121471343 0.1683790322580645 0.01669518106643855 0.017096774193548388
16 0.08285143997718848 0.09593548387096773 0.03868263473053892 0.04366129032258065
15 0.6294582264043342 0.6628870967741936 0.019443969204448245 0.018254032258064518
0 0.4770516110635871 0.24436693548387095 0.030570287995437696 0.014161290322580644
0 0.6424094667807242 0.7343306451612903 0.01427715996578272 0.09706048387096775
15 0.5785315084117479 0.7906572580645161 0.016281722269746224 0.03400806451612903
