2 0.577023945267959 0.4645197740112994 0.06354618015963512 0.020266343825665858
15 0.5436944127708095 0.3770621468926554 0.0226054732041049 0.025149313962873284
2 0.4516989737742303 0.3006537530266344 0.052354618015963514 0.017271993543179983
7 0.49827251995439 0.540363196125908 0.047354618015963516 0.016319612590799032
2 0.6474401368301026 0.4293301049233253 0.08014253135689851 0.015617433414043584
15 0.12710946408209806 0.5623890234059725 0.01868871151653364 0.024915254237288135
2 0.14649372862029647 0.3196771589991929 0.05135689851767389 0.020153349475383373
2 0.4546921322690992 0.20637610976594026 0.043397947548460665 0.018054882970137208
3 0.648945267958951 0.3247457627118644 0.030108323831242876 0.01678773204196933
15 0.5689566704675029 0.37761904761904763 0.021009122006841505 0.020306698950766748
15 0.12212656784492588 0.23133979015334946 0.022280501710376283 0.02483454398708636
2 0.17763968072976055 0.7540032284100081 0.046607753705815276 0.015359160613397902
15 0.5993044469783353 0.505092816787732 0.02045610034207526 0.025173527037933817
2 0.2966533637400228 0.5846004842615012 0.33458380843785634 0.022929782082324456
2 0.19137400228050172 0.5614769975786925 0.10377993158494869 0.022566585956416467
2 0.5941448118586089 0.2590960451977401 0.04693842645381984 0.01682001614205004
15 0.3151710376282782 0.22485068603712668 0.020877993158494867 0.021444713478611783
15 0.320102622576967 0.5001694915254238 0.022616875712656786 0.023486682808716706
15 0.21573546180159633 0.7117836965294593 0.022320410490307866 0.018256658595641646
0 0.11013683010262258 0.4167958030669895 0.018973774230330673 0.037239709443099275
15 0.4677194982896237 0.5714527845036319 0.02 0.02380145278450363
1 0.17577537058152795 0.21572235673930587 0.024002280501710375 0.014156577885391444
15 0.23212086659064993 0.4995318805488297 0.020205245153933866 0.02129136400322841
2 0.31070695553021666 0.5597013720742534 0.12172748004561003 0.02440677966101695
9 0.5555074116305587 0.32525423728813563 0.01532497149372862 0.055415657788539144
2 0.40482896237172183 0.5573123486682808 0.10659064994298746 0.023422114608555287
2 0.14484036488027366 0.5431638418079097 0.03762257696693272 0.015415657788539146
2 0.15832953249714937 0.4266020984665052 0.04672748004561003 0.02344632768361582
1 0.1794526795895097 0.48694108151735277 0.023409350057012543 0.015205811138014528
11 0.4909007981755986 0.2251008878127522 0.02042759407069555 0.0654317998385795
11 0.6588825541619157 0.2862146892655367 0.058312428734321554 0.046472962066182406
0 0.5515507411630558 0.4209685230024213 0.01363169897377423 0.0472316384180791
1 0.2477594070695553 0.6698950766747377 0.03234321550741163 0.01752219531880549
0 0.5045724059293044 0.44383373688458433 0.015741163055872292 0.06729620661824051
1 0.15738882554161915 0.7224051654560129 0.035524515393386545 0.015528652138821628
0 0.47590079817559866 0.3834463276836158 0.014942987457240594 0.05289749798224375
0 0.20422462941847205 0.3565052461662631 0.011527936145952109 0.04690879741727199
0 0.2882782212086659 0.404043583535109 0.009720638540478907 0.036335754640839386
0 0.23605473204104904 0.7349071832122679 0.008027366020524515 0.0580225988700565
8 0.49931014823261116 0.37565778853914444 0.01774800456100342 0.06779661016949153
