3 0.504032 0.723902 0.019355 0.03822
2 0.497581 0.63263 0.057661 0.029663
2 0.439919 0.717056 0.015323 0.055334
11 0.453629 0.648602 0.029032 0.071877
0 0.375806 0.480319 0.01129 0.040502
0 0.348387 0.48089 0.014516 0.038791
8 0.241935 0.597832 0.015726 0.067313
0 0.229032 0.478038 0.01129 0.041072
15 0.340726 0.288648 0.016532 0.023388
15 0.362903 0.220194 0.016129 0.022818
0 0.333065 0.199087 0.014113 0.044495
2 0.309677 0.193383 0.028226 0.024529
0 0.255645 0.193383 0.015323 0.044495
15 0.243952 0.250428 0.016532 0.022818
15 0.293548 0.174558 0.01371 0.026241
2 0.31129 0.133485 0.020968 0.021677
2 0.290726 0.134056 0.018952 0.023959
2 0.294758 0.094695 0.030242 0.027952
