2 0.36506048387096773 0.18177980604677696 0.19239919354838708 0.03263548203080434
2 0.37581451612903227 0.1196063890473474 0.215383064516129 0.027107815173987453
2 0.4549395161290323 0.22223616657159154 0.05961290322580645 0.020387906446092414
16 0.8864112903225807 0.6743924700513406 0.0908225806451613 0.04482030804335425
15 0.5429435483870968 0.2560182544209926 0.03186290322580645 0.031928123217341696
15 0.5897822580645161 0.2506274957216201 0.030435483870967745 0.03103251568739304
0 0.5853951612903225 0.5373017683970337 0.023447580645161288 0.1032344552196235
1 0.9297419354838711 0.5079634911580149 0.032012096774193546 0.015259555048488306
3 0.49120564516129034 0.3002224757558471 0.020278225806451614 0.03264118653736452
0 0.5439999999999999 0.5176041072447234 0.0237741935483871 0.1498630918425556
0 0.5072903225806451 0.561374786081004 0.01258467741935484 0.05737592698231603
0 0.6244112903225806 0.5650827153451227 0.015383064516129032 0.06083856246434684
