2 0.715890410958904 0.07557264957264957 0.06539887187751812 0.024467236467236465
0 0.3010999194198227 0.1327863247863248 0.04033843674456084 0.01671225071225071
2 0.07618452860596293 0.5614017094017094 0.02196615632554392 0.06333903133903133
0 0.7537228041901692 0.42042735042735047 0.024133763094278806 0.09927065527065528
2 0.07345286059629332 0.2169287749287749 0.016913779210314263 0.05726495726495726
15 0.7702618855761483 0.19603988603988604 0.01982675261885576 0.02023361823361823
0 0.30317082997582595 0.10189173789173789 0.030128928283642224 0.017333333333333336
15 0.8679975825946816 0.181019943019943 0.021986301369863015 0.02066096866096866
8 0.8976269137792102 0.5044615384615385 0.017356970185334407 0.07060968660968661
15 0.8327639000805802 0.27886609686609687 0.01626510878323932 0.021031339031339028
15 0.8367163577759871 0.21456410256410258 0.01759871071716358 0.01739031339031339
0 0.3017526188557615 0.6263418803418803 0.045539887187751815 0.02237037037037037
2 0.8152095084609186 0.09245014245014245 0.04558017727639001 0.021037037037037038
0 0.3057252215954875 0.28655270655270654 0.05970185334407736 0.02382905982905983
0 0.3032232070910556 0.4861310541310541 0.043331990330378725 0.021618233618233618
8 0.7699838839645446 0.5063304843304843 0.016982272360999192 0.07484900284900285
15 0.6853948428686544 0.1092079772079772 0.016668009669621273 0.018575498575498575
15 0.7845890410958903 0.27756125356125355 0.015564061240934731 0.023874643874643872
2 0.6593150684931507 0.12036467236467237 0.02475825946817083 0.05024501424501425
15 0.8089887187751813 0.14621082621082623 0.01555600322320709 0.023230769230769232
0 0.8523771152296534 0.4426039886039886 0.019315068493150685 0.05950997150997151
2 0.20215149073327962 0.21598290598290598 0.015701047542304593 0.03286039886039886
3 0.7187107171635777 0.13953276353276353 0.019810636583400484 0.028068376068376068
2 0.8150644641418211 0.11764672364672364 0.04554794520547945 0.018905982905982905
1 0.8076752618855761 0.16903133903133902 0.014585012087026592 0.023054131054131056
15 0.1559468170829976 0.6136695156695157 0.01775584206285254 0.02107122507122507
15 0.8504834810636583 0.23773219373219376 0.017320709105560033 0.01823931623931624
0 0.8853988718775181 0.4228831908831909 0.017844480257856565 0.09378917378917379
1 0.2023126510878324 0.16852991452991453 0.014133763094278808 0.027715099715099716
2 0.6600604351329573 0.15491168091168092 0.018759065269943594 0.041441595441595445
2 0.20232876712328768 0.2639202279202279 0.015189363416599518 0.032324786324786324
0 0.8496615632554392 0.3972820512820513 0.016075745366639808 0.04756125356125356
