16 0.6419112903225807 0.6383799201369081 0.1800725806451613 0.0500969766115231
11 0.5740080645161291 0.5400912721049629 0.03803225806451613 0.06294922989161437
2 0.22205645161290324 0.4870678836280662 0.09498387096774194 0.018351397604107245
15 0.16762096774193547 0.4056303479749002 0.042774193548387095 0.037358813462635476
5 0.1499516129032258 0.22288077581289217 0.10181451612903226 0.027798060467769538
0 0.7654596774193548 0.292937820878494 0.052516129032258066 0.028927552766685682
11 0.7291532258064516 0.4710096976611523 0.12992741935483873 0.04137478608100399
15 0.2706935483870968 0.36328579577866515 0.041153225806451615 0.03430119794637764
0 0.2981532258064516 0.2815116942384484 0.020104838709677417 0.03972618368511124
3 0.45699999999999996 0.5579463776383343 0.02070967741935484 0.033274386765544776
0 0.35536290322580644 0.2816714204221335 0.02364516129032258 0.04147746719908728
0 0.07475 0.28661722760981173 0.018919354838709677 0.053645179691956646
0 0.5490564516129033 0.23832857957786652 0.028935483870967744 0.029406731317741013
3 0.5315161290322581 0.55687393040502 0.03195967741935484 0.03071306332002282
10 0.14808064516129033 0.1865715915573303 0.08000806451612903 0.021061038220193954
2 0.4026209677419355 0.5359726183685111 0.019403225806451613 0.05740444951511694
15 0.21004032258064514 0.36900741585852825 0.045564516129032256 0.03365088419851683
2 0.19829032258064516 0.16887621220764404 0.15150806451612903 0.018037649743297204
2 0.6771693548387098 0.36224757558471193 0.12291935483870967 0.1289903023388477
2 0.833975806451613 0.4330975470621791 0.08181451612903226 0.02298345693097547
2 0.47169354838709676 0.48877923559612096 0.07758870967741935 0.01997718197375927
2 0.8843790322580646 0.6092070735881346 0.10479838709677418 0.01751283513976041
