3 0.083965 0.367451 0.086693 0.032549
12 0.291604 0.336078 0.117308 0.019216
2 0.243104 0.313333 0.14762 0.032941
2 0.333434 0.513725 0.109427 0.184314
0 0.486208 0.525882 0.058199 0.034902
15 0.298878 0.639216 0.025159 0.034118
0 0.396181 0.667059 0.139133 0.058824
7 0.511367 0.742745 0.099424 0.020392
2 0.575629 0.697647 0.131858 0.036078
2 0.691119 0.745882 0.108215 0.029412
0 0.846317 0.703529 0.105183 0.034118
0 0.848439 0.664314 0.107002 0.030588
13 0.831161 0.636078 0.074568 0.025098
3 0.744165 0.572941 0.058503 0.03451
0 0.86602 0.487843 0.059109 0.039216
1 0.756896 0.458431 0.08639 0.036471
2 0.680206 0.358824 0.103668 0.027451
2 0.623825 0.309804 0.127614 0.032549
