10 0.236602 0.701048 0.029647 0.020145
7 0.347777 0.736503 0.037628 0.019339
2 0.340935 0.671233 0.105473 0.022562
2 0.266819 0.675262 0.04333 0.020145
2 0.194983 0.671233 0.104333 0.022562
8 0.099202 0.48751 0.012543 0.046737
0 0.103763 0.385979 0.042759 0.134569
0 0.075257 0.419823 0.014823 0.038678
0 0.049031 0.399678 0.027366 0.113618
15 0.125998 0.593876 0.023375 0.033844
0 0.460661 0.390008 0.014823 0.072522
0 0.444698 0.401289 0.010262 0.04029
0 0.428734 0.402901 0.015393 0.049154
2 0.381984 0.448832 0.057583 0.020145
2 0.399088 0.352135 0.04333 0.014504
2 0.213797 0.199839 0.04618 0.020951
1 0.420753 0.250604 0.023375 0.027397
15 0.442987 0.199033 0.020525 0.034649
1 0.417332 0.183723 0.020525 0.020951
2 0.338084 0.178082 0.110034 0.020951
2 0.265678 0.178888 0.034208 0.020145
2 0.195553 0.179694 0.110034 0.019339
2 0.401938 0.156326 0.023375 0.018533
2 0.338655 0.157937 0.099772 0.019339
2 0.267389 0.158743 0.042189 0.020145
2 0.196693 0.158743 0.098632 0.021757
2 0.132269 0.156326 0.025656 0.020951
1 0.127138 0.252216 0.020525 0.03062
1 0.127138 0.187752 0.021095 0.029815
15 0.104333 0.199033 0.022235 0.032232
16 0.561574 0.676068 0.098632 0.064464
2 0.583808 0.452861 0.050171 0.025786
15 0.722349 0.559226 0.020525 0.029815
11 0.697263 0.2917 0.069555 0.051571
