15 0.147451 0.340206 0.040784 0.054579
5 0.103922 0.462098 0.073725 0.027289
0 0.101176 0.423287 0.058431 0.044269
0 0.166275 0.428138 0.047059 0.030321
0 0.225882 0.443905 0.054902 0.053366
0 0.132549 0.553062 0.049804 0.027289
1 0.222353 0.582777 0.061569 0.031534
2 0.27451 0.68769 0.086667 0.035779
13 0.412941 0.681625 0.08 0.029109
5 0.770588 0.654942 0.074118 0.032141
2 0.623529 0.687083 0.107451 0.027289
1 0.68 0.58581 0.063529 0.027289
0 0.840784 0.442693 0.050588 0.026683
0 0.78549 0.450576 0.041569 0.023651
0 0.732941 0.428745 0.049412 0.043663
7 0.661176 0.516677 0.076471 0.033354
15 0.639608 0.454215 0.030196 0.050334
15 0.648627 0.400849 0.031765 0.044269
11 0.689412 0.31231 0.033333 0.129169
2 0.63098 0.289873 0.07451 0.024864
2 0.552157 0.251061 0.090588 0.023651
2 0.506667 0.289266 0.11098 0.027896
2 0.296863 0.290479 0.080392 0.026076
2 0.432549 0.211037 0.309412 0.028502
2 0.452941 0.163736 0.350196 0.029109
