15 0.3511234705228031 0.2886495049504951 0.026835372636262515 0.0229980198019802
0 0.47794215795328143 0.11532673267326732 0.022842046718576196 0.01380990099009901
5 0.6426195773081201 0.12238415841584158 0.018203559510567294 0.07213465346534653
1 0.394265850945495 0.16704158415841583 0.01664627363737486 0.044396039603960394
7 0.34870411568409343 0.13698217821782177 0.020422691879866516 0.07094653465346534
15 0.573420467185762 0.1479881188118812 0.039271412680756394 0.03500990099009901
11 0.535622914349277 0.184380198019802 0.031179087875417132 0.025037623762376237
0 0.47404338153503894 0.16454653465346536 0.022263626251390434 0.012423762376237624
2 0.6081979977753059 0.23285544554455448 0.014243604004449387 0.0645940594059406
7 0.3462791991101224 0.3412673267326733 0.019482758620689655 0.0715920792079208
2 0.3148053392658509 0.23417821782178216 0.015250278086763071 0.10423762376237623
1 0.5153503893214683 0.2919841584158416 0.01843159065628476 0.03587722772277228
8 0.7075417130144606 0.17145346534653466 0.01653503893214683 0.061310891089108914
15 0.354238042269188 0.18283564356435644 0.03126807563959955 0.021920792079207923
