7 0.6648039215686274 0.2923953911461492 0.12627843137254902 0.02661006670709521
1 0.7554588235294117 0.7076531231049121 0.08729411764705883 0.04022437841115828
15 0.8322666666666667 0.4951546391752577 0.030427450980392158 0.038320194057004243
15 0.7126235294117648 0.35432383262583383 0.03563921568627451 0.03677380230442692
15 0.8222705882352941 0.3340630685263796 0.03377254901960784 0.04439660400242571
0 0.8987176470588235 0.5257368101879928 0.02916078431372549 0.02501516070345664
8 0.6028392156862745 0.45146149181322015 0.11294117647058824 0.024069132807762277
0 0.8589999999999999 0.5310187992722862 0.029101960784313725 0.025500303214069132
7 0.8699764705882354 0.2941358399029715 0.12927843137254902 0.0288659793814433
11 0.7379137254901961 0.430369921164342 0.10273333333333334 0.06697998787143723
