5 0.23027366020524515 0.27364810330912026 0.08802736602052452 0.02678773204196933
2 0.3990535917901939 0.2063680387409201 0.18260547320410492 0.021242937853107345
2 0.40361459521094645 0.6590960451977401 0.193460661345496 0.022631154156577883
2 0.4037685290763968 0.6141727199354319 0.12291334093500571 0.015754640839386602
2 0.3461231470923603 0.2401775625504439 0.07108323831242874 0.016464891041162225
15 0.22853477765108327 0.3303954802259887 0.021887115165336375 0.02486682808716707
5 0.5713055872291904 0.6405972558514932 0.0914709236031927 0.027054075867635193
2 0.33070125427594066 0.6125504439063761 0.03790763968072976 0.016634382566585955
15 0.2983352337514253 0.6364003228410008 0.02216647662485747 0.025149313962873284
0 0.22793614595210948 0.4505246166263116 0.013369441277080958 0.02523002421307506
0 0.40158494868871153 0.4999757869249395 0.013854047890535919 0.02631961259079903
16 0.7357069555302167 0.6113962873284907 0.1245667046750285 0.03451977401129944
15 0.278466362599772 0.39229217110573045 0.017599771949828962 0.023018563357546408
2 0.5108095781071836 0.5002582728006457 0.060826681870011404 0.016513317191283294
2 0.3968814139110604 0.27008878127522196 0.0377309007981756 0.016085552865213883
0 0.20182440136830102 0.44736884584342207 0.015667046750285064 0.05343825665859564
0 0.2576396807297605 0.46395480225988706 0.014070695553021664 0.04262308313155771
0 0.5511402508551881 0.43715899919289747 0.011237172177879133 0.026182405165456012
2 0.40978335233751423 0.7063115415657789 0.20184150513112883 0.019814366424535917
1 0.2839224629418472 0.5000161420500403 0.03007411630558723 0.01476190476190476
11 0.39929304446978336 0.3198789346246973 0.023386545039908783 0.037828894269572234
11 0.4151368301026226 0.32256658595641646 0.04390535917901939 0.08806295399515739
15 0.40577537058152796 0.2882970137207425 0.022941847206385407 0.020250201775625504
15 0.5096465222348917 0.5759322033898305 0.026031927023945266 0.028458434221146085
1 0.7823489167616876 0.6804277643260693 0.05338654503990878 0.02006456820016142
3 0.3653021664766249 0.29181598062953995 0.024714937286202967 0.022857142857142857
