0 0.5508951612903226 0.3266400456360525 0.017120967741935483 0.06155162578436966
15 0.10179435483870967 0.4334911580148317 0.02799193548387097 0.030946948088990303
1 0.14014112903225806 0.21806046776953794 0.0291491935483871 0.013913291500285226
1 0.4769233870967742 0.2180433542498574 0.02483467741935484 0.012886480319452368
15 0.18617741935483872 0.1332686822589846 0.027850806451612902 0.03249857387335996
5 0.5511491935483871 0.5673987450085567 0.05193951612903226 0.02204791785510553
2 0.908516129032258 0.3247746719908728 0.01977016129032258 0.07834569309754706
1 0.1366048387096774 0.5285510553337136 0.025181451612903225 0.016160867084997147
2 0.49990322580645163 0.5313633770678836 0.04823387096774194 0.015550484883057616
2 0.3049475806451613 0.5599429549343982 0.39379838709677417 0.022721049629207072
2 0.12770967741935485 0.4131032515687393 0.030701612903225806 0.018551055333713637
0 0.5738346774193548 0.3279007415858528 0.01613306451612903 0.02766115231032516
8 0.08316935483870967 0.3263662293211637 0.014854838709677421 0.07365088419851684
15 0.5169032258064516 0.39356531660011407 0.025903225806451612 0.02876212207644039
2 0.5290241935483871 0.3191329150028523 0.01419758064516129 0.07407872219053052
3 0.6208911290322581 0.10336565887050769 0.021887096774193548 0.023725042783799204
10 0.30944758064516126 0.5777923559612094 0.041903225806451616 0.022606959498003423
0 0.07051612903225807 0.3271990872789504 0.01176209677419355 0.07777524244152881
3 0.15879838709677419 0.2891956645750142 0.014883064516129032 0.01746719908727895
3 0.15995967741935482 0.3556930975470622 0.014173387096774194 0.019212778094694807
15 0.6859354838709677 0.23951511694238448 0.02649596774193548 0.04364517969195665
