10 0.4176975806451613 0.6250484883057615 0.06295564516129032 0.02278379920136908
8 0.24734274193548386 0.48748431260695946 0.01820564516129032 0.08511123787792356
3 0.3524516129032258 0.5144324015972618 0.03231048387096774 0.03446092413006275
2 0.4186411290322581 0.4539589275527667 0.08829435483870968 0.036246434683399886
3 0.8786411290322581 0.3280718767826583 0.030733870967741935 0.03427837992013691
2 0.4118064516129032 0.09103251568739305 0.1053266129032258 0.02432401597261837
15 0.21991129032258064 0.22428978893325727 0.024100806451612906 0.025818596691386194
2 0.7451048387096774 0.5989446662863662 0.2130241935483871 0.039138619509412435
2 0.7802379032258064 0.38338847689674843 0.031161290322580644 0.10031945236737023
2 0.34238306451612904 0.4605248146035368 0.04431451612903226 0.022327438676554477
2 0.39068548387096774 0.13187107815173987 0.0597983870967742 0.025818596691386194
2 0.4429556451612903 0.13119224187107814 0.03754435483870968 0.022589845978322875
15 0.8414798387096774 0.5495664575014261 0.019508064516129034 0.028014831717056474
15 0.46975806451612906 0.34821448944666283 0.022665322580645162 0.027347404449515115
15 0.2597379032258064 0.25742726754135764 0.023258064516129034 0.023958927552766685
2 0.8123750000000001 0.6851511694238448 0.018536290322580643 0.058402738163148886
0 0.5296935483870968 0.40027952082144896 0.019895161290322583 0.048442669709070164
15 0.5015161290322581 0.2255961209355391 0.028209677419354835 0.02831717056474615
3 0.8781532258064517 0.43401597261836855 0.02616532258064516 0.035984027381631485
3 0.840358870967742 0.7599429549343982 0.026286290322580643 0.018397033656588704
3 0.5816048387096775 0.7239189960068454 0.028524193548387096 0.034015972618368515
0 0.23071774193548386 0.37422133485453507 0.023991935483870967 0.12564746149458073
2 0.4447459677419355 0.17249286936679978 0.03612903225806451 0.02836280661722761
15 0.8428145161290322 0.6966970907016543 0.018774193548387098 0.01993154592127781
15 0.3652258064516129 0.3136223616657159 0.017903225806451612 0.025293782087849402
15 0.880133064516129 0.7199828864803195 0.015088709677419355 0.01674843126069595
15 0.4061048387096774 0.1732629777524244 0.029987903225806453 0.02229321163719338
3 0.9171209677419355 0.7578379920136908 0.030548387096774196 0.018796349115801483
0 0.17805645161290323 0.3727552766685682 0.028318548387096777 0.10248146035367942
0 0.27046774193548384 0.3719965772960639 0.027338709677419352 0.14047347404449514
15 0.40675 0.2672162007986309 0.024955645161290323 0.025111237877923562
11 0.40662096774193546 0.22105533371363376 0.033374999999999995 0.06377067883628067
15 0.8712983870967742 0.6884027381631489 0.011866935483870968 0.017455790074158588
15 0.8824959677419355 0.6748659440958357 0.011721774193548386 0.016845407872219054
15 0.9058306451612903 0.6952253280091272 0.017616935483870968 0.019566457501426125
2 0.8760201612903227 0.6592241871078152 0.026588709677419355 0.018807758128921846
15 0.8059516129032258 0.394592127780947 0.018431451612903226 0.021466058185966915
15 0.8255241935483871 0.4001939532230462 0.017741935483870968 0.02166001140901312
