0 0.4991048387096774 0.38556759840273813 0.02410483870967742 0.10878494010268111
15 0.16393951612903226 0.4861608670849972 0.019915322580645163 0.02140330861380491
2 0.10458467741935484 0.22017683970336568 0.019201612903225806 0.06168853394181403
0 0.30598790322580643 0.4615687393040502 0.04744758064516129 0.024922989161437533
8 0.481258064516129 0.4948773531089561 0.01858467741935484 0.08216200798630918
15 0.4968024193548387 0.20385054192812324 0.022653225806451613 0.023667997718197376
0 0.3062620967741935 0.11467199087278951 0.03698387096774194 0.022361665715915576
0 0.3225967741935484 0.14297775242441527 0.057193548387096775 0.028282943525385053
0 0.3063024193548387 0.29046776953793496 0.037564516129032256 0.023428408442669708
2 0.1289959677419355 0.21806617227609812 0.017887096774193548 0.04924130062749572
15 0.6121370967741935 0.29599543639475184 0.017556451612903225 0.022207644038790643
11 0.8645725806451613 0.4545293782087849 0.03379032258064516 0.07399885909868796
0 0.46301612903225803 0.3813576725613234 0.025979838709677423 0.09184826012549914
2 0.1352983870967742 0.5425270964061608 0.0233991935483871 0.06187678265830006
2 0.12889112903225805 0.17162578436965203 0.01611290322580645 0.0397375926982316
15 0.5634637096774194 0.2961665715915573 0.017048387096774194 0.023325727324586425
15 0.5295201612903226 0.2369594980034227 0.018564516129032257 0.02040501996577296
0 0.30443548387096775 0.6048260125499144 0.045181451612903226 0.027130633200228182
2 0.13020967741935485 0.2678151739874501 0.016596774193548387 0.04808328579577867
6 0.8210362903225806 0.10631488876212208 0.03160887096774193 0.019269823160296636
2 0.5882782258064516 0.18345693097547064 0.029951612903225806 0.021049629207073588
