16 0.747821862348178 0.6791790193842645 0.10838056680161944 0.03734321550741163
2 0.5816275303643724 0.2765564424173318 0.0771578947368421 0.026550741163055874
0 0.6952064777327935 0.46590079817559865 0.027927125506072875 0.05485746864310148
0 0.4051740890688259 0.46803306727480043 0.02291497975708502 0.030359179019384265
0 0.46246963562753035 0.4586031927023945 0.029093117408906882 0.057907639680729754
15 0.42689878542510123 0.3784720638540479 0.04383805668016194 0.03341505131128848
2 0.6105182186234818 0.32070695553021666 0.09638056680161944 0.020575826681870014
15 0.6385748987854251 0.2857981755986317 0.04212145748987855 0.039600912200684145
2 0.6088663967611336 0.3498745724059293 0.10106882591093116 0.025581527936145952
1 0.6353198380566801 0.34893386545039906 0.03297165991902834 0.021294184720638543
