16 0.8181598062953995 0.5904903078677309 0.17639225181598064 0.05156214367160775
0 0.6515738498789346 0.3529475484606614 0.03403551251008878 0.06811288483466363
3 0.6188297013720743 0.4937970353477765 0.03310734463276836 0.02797035347776511
1 0.4721307506053269 0.4202622576966933 0.07107344632768361 0.022052451539338654
2 0.553002421307506 0.15479475484606614 0.06936238902340597 0.023928164196123147
2 0.44305891848264733 0.27558152793614593 0.027853107344632765 0.08983466362599772
1 0.44918482647296204 0.5170524515393387 0.07088781275221953 0.020706955530216647
2 0.5421872477804681 0.19129988597491449 0.11006456820016143 0.022109464082098063
6 0.5836319612590799 0.33649942987457243 0.0380952380952381 0.022782212086659065
2 0.6808716707021792 0.4706499429874572 0.026513317191283293 0.07966362599771949
0 0.7275948345439871 0.4120695553021665 0.024891041162227602 0.06856898517673889
1 0.6067150928167877 0.4018072976054732 0.06711057304277644 0.020957810718358037
2 0.6132041969330105 0.437787913340935 0.05116222760290557 0.023221208665906497
0 0.3930266343825666 0.36885974914481184 0.023123486682808714 0.05783922462941847
0 0.6069652945924132 0.21645952109464084 0.0330185633575464 0.02403078677309008
15 0.47537530266343825 0.3372805017103763 0.05523809523809524 0.03678449258836944
