0 0.5514190418435415 0.4509960784313725 0.025433596118859914 0.0692313725490196
2 0.6531231049120679 0.7529333333333333 0.09566403881140084 0.01888627450980392
11 0.7109157064887811 0.5238666666666666 0.02761673741661613 0.05097254901960784
3 0.6798362644026683 0.3390980392156863 0.02765312310491207 0.03232156862745098
15 0.7964160097028502 0.18984313725490198 0.04627653123104912 0.04779607843137255
0 0.7844511825348696 0.4667686274509804 0.02112189205579139 0.05618823529411765
2 0.6631231049120679 0.7187764705882353 0.07079442086112796 0.0187921568627451
2 0.6038204972710735 0.6257490196078431 0.050946027895694364 0.024227450980392157
0 0.5735294117647058 0.4580235294117647 0.024160097028502126 0.060376470588235295
0 0.8110794420861128 0.46580392156862743 0.019169193450576105 0.055325490196078436
0 0.7299211643420256 0.46591372549019605 0.019187386294724076 0.04237647058823529
0 0.5157428744693754 0.45282352941176474 0.02242571255306246 0.08365490196078432
1 0.5763250454821104 0.586313725490196 0.04573681018799272 0.021137254901960785
2 0.6365009096422074 0.6811450980392157 0.05746513038204973 0.015780392156862746
2 0.6918617343844755 0.2626823529411765 0.04747119466343239 0.025066666666666668
2 0.6868283808368708 0.616164705882353 0.07229229836264402 0.0172
2 0.6113098847786537 0.30303529411764707 0.051855670103092784 0.025733333333333334
0 0.7639842328684051 0.468956862745098 0.021491813220133413 0.058031372549019605
2 0.6198787143723469 0.6531294117647058 0.0729593693147362 0.015780392156862746
0 0.4945421467556095 0.47073725490196083 0.01898726500909642 0.04448627450980392
1 0.6408914493632504 0.43290980392156864 0.04186173438447544 0.0208
0 0.6408914493632504 0.48566274509803925 0.03449363250454821 0.021584313725490197
2 0.6669375379017586 0.24548235294117648 0.09515463917525772 0.015490196078431372
2 0.5823893268647665 0.5271843137254901 0.02219526986052153 0.07050196078431373
