0 0.31251711639146196 0.3387738808098089 0.010879983890455094 0.028032506415739948
2 0.21310712847362062 0.609712004562304 0.08086186065243657 0.01240376390076989
0 0.2930728956906968 0.33663530082691756 0.01522754732178816 0.058907898488736815
2 0.13615384615384615 0.6316424294268606 0.06906564639548933 0.010142571998859424
2 0.22201369311316954 0.598699743370402 0.06159887233185662 0.011984602224123182
2 0.35514901329037457 0.8497148560022811 0.012563431333064841 0.06180781294553749
2 0.4588844140153041 0.6934217279726261 0.015523560209424084 0.05092956943256345
2 0.14202778896496174 0.835326489877388 0.01622432541280709 0.08159110350727117
15 0.21276077325815546 0.7722811519817507 0.010743052758759565 0.02896207584830339
3 0.1657390253725332 0.8418962075848304 0.010124848973016513 0.0219304248645566
2 0.2256806282722513 0.6276190476190476 0.05004228755537656 0.011770744225834047
0 0.05922674184454289 0.3383376104932991 0.009617398308497784 0.03230966638152267
2 0.20121224325412806 0.7503706871970346 0.031236407571486106 0.01313088109495295
0 0.3403121224325413 0.36770459081836326 0.011725734997986306 0.031209010550327917
2 0.5352436568666935 0.7451497005988024 0.0553040676600886 0.01856002281151982
2 0.30260169150221505 0.7440832620473339 0.03126459927507048 0.010926717992586257
2 0.07887031816351188 0.5713686911890504 0.010368505839710029 0.036429997148560024
0 0.33803463552154656 0.320695751354434 0.01622231171969392 0.04797547761619618
15 0.29233789770438984 0.7830881094952951 0.009432138542086186 0.03150556030795552
2 0.9919774466371325 0.2230225263758198 0.015563834071687476 0.09327630453378956
15 0.3139871123640757 0.7753321927573426 0.00982078131292791 0.03422583404619333
15 0.16399315344341522 0.8115768463073851 0.02225130890052356 0.013909324208725407
0 0.36235400724929523 0.3599743370402053 0.01121627064035441 0.03416025092671799
2 0.008215867901731776 0.1765098374679213 0.015126862666129682 0.17001996007984033
2 0.4936810310108739 0.7633618477331052 0.04948852194925493 0.019059024807527802
2 0.5778997180829641 0.593176504134588 0.013070881997583567 0.015360707157114342
3 0.2642851389448248 0.8461961790704307 0.013203785743052757 0.020253778157969776
3 0.23510068465565848 0.84562874251497 0.012062021747885622 0.02076988879384089
15 0.1900523560209424 0.7833333333333333 0.010370519532823197 0.03353863701169091
3 0.34011679420056384 0.8370402053036784 0.010203383004430125 0.017499287140005704
15 0.34763391059202575 0.812617621899059 0.022134514699959727 0.013644140290846879
