2 0.904032 0.377068 0.042339 0.021107
15 0.914516 0.337136 0.012903 0.018254
11 0.910081 0.309755 0.043548 0.036509
8 0.755645 0.231603 0.025 0.010839
7 0.74879 0.209355 0.025 0.009698
15 0.795161 0.224758 0.010484 0.018825
15 0.779839 0.199658 0.010484 0.020536
1 0.680242 0.143754 0.027823 0.014261
2 0.654435 0.201369 0.035081 0.017114
15 0.632661 0.175699 0.011694 0.016543
15 0.65121 0.197946 0.011694 0.016543
15 0.633871 0.130633 0.011694 0.016543
15 0.60121 0.194524 0.011694 0.016543
15 0.600403 0.152881 0.011694 0.016543
3 0.203226 0.168853 0.01371 0.011979
15 0.30121 0.212208 0.010081 0.014832
2 0.262097 0.187678 0.011694 0.0502
2 0.278629 0.159156 0.010887 0.05077
15 0.18871 0.146035 0.012903 0.016543
15 0.15 0.197376 0.010081 0.01312
15 0.15121 0.154022 0.011694 0.014832
15 0.156048 0.132345 0.010081 0.015402
