11 0.20292512882691727 0.3778627450980392 0.13792967565929068 0.10390588235294117
12 0.43914216429220976 0.4261725490196078 0.09674143679903001 0.01563921568627451
0 0.8290148529857533 0.48472941176470585 0.039863595028796606 0.021984313725490198
2 0.7747014246741436 0.7393764705882353 0.13862079418005457 0.022258823529411765
11 0.12346468626856623 0.4728980392156863 0.03280387996362534 0.10021960784313726
0 0.5080509245225826 0.48745490196078434 0.03771749014852986 0.0256
0 0.8844073961806608 0.5084392156862745 0.07718399515004547 0.022074509803921567
0 0.9287875113670809 0.40959215686274514 0.040275841163989086 0.023870588235294116
10 0.8323734464989391 0.3315764705882353 0.08740224310397089 0.014898039215686274
12 0.0775325856320097 0.5859294117647058 0.08888754167929676 0.013274509803921569
2 0.7745771445892694 0.3126509803921569 0.08615337981206427 0.019788235294117648
2 0.6859593816307972 0.27001176470588234 0.15691118520763866 0.011588235294117647
0 0.40550772961503484 0.3690156862745098 0.03361321612609882 0.010466666666666668
2 0.7700333434374054 0.7040392156862745 0.09004546832373446 0.020160784313725488
0 0.3943194907547741 0.6463686274509804 0.03552894816611094 0.023023529411764707
12 0.5203061533798121 0.7454745098039216 0.08969687784177025 0.014172549019607843
8 0.5096241285237951 0.520364705882353 0.08264019399818126 0.01615294117647059
15 0.7248469233100939 0.3372980392156863 0.021291300394058806 0.028827450980392157
15 0.9267838739011822 0.35646666666666665 0.021939981812670505 0.021333333333333333
4 0.8802152167323432 0.5278509803921568 0.08812670506214004 0.016737254901960784
3 0.6746013943619279 0.3689372549019608 0.03341618672324947 0.013015686274509802
4 0.5097575022734162 0.5072352941176471 0.08749621097302213 0.014337254901960785
4 0.9281448923916338 0.4299686274509804 0.08507123370718399 0.013133333333333334
3 0.8036980903304032 0.5797803921568627 0.0454531676265535 0.01872941176470588
2 0.9843103970900272 0.7921019607843137 0.03138223704152773 0.020894117647058823
7 0.8293907244619582 0.759764705882353 0.08530766899060321 0.017215686274509805
8 0.8823491967262806 0.5436235294117647 0.0848014549863595 0.015333333333333334
7 0.8063413155501666 0.2010235294117647 0.08574719612003637 0.017568627450980392
