2 0.5349342105263158 0.6656506651243493 0.020304276315789474 0.0687218045112782
2 0.06136513157894737 0.6476807403123193 0.021110197368421055 0.03864083285135917
2 0.08138157894736842 0.6335454019664547 0.02509046052631579 0.056951995373048
0 0.2971546052631579 0.7269866975130134 0.020008223684210524 0.03324465008675535
2 0.08170230263157895 0.7042047426257952 0.030526315789473683 0.0587912087912088
0 0.34254934210526317 0.7513418160786581 0.03199835526315789 0.029294389820705608
0 0.28479440789473687 0.7815384615384615 0.03853618421052631 0.028802776171197222
0 0.3399917763157895 0.8102891844997108 0.043914473684210524 0.05436668594563331
0 0.19555098684210526 0.29083285135916714 0.04305921052631579 0.04137651821862349
11 0.32233552631578943 0.25559282822440715 0.17019736842105262 0.08988432620011567
2 0.534547697368421 0.30070561017929437 0.03129111842105263 0.03628108733371891
