2 0.7338185483870967 0.4474900171135197 0.11163306451612905 0.03406731317741015
11 0.7297056451612903 0.1975185396463206 0.02824193548387097 0.06409583571021106
2 0.27547177419354835 0.5965830005704507 0.2206733870967742 0.0494466628636623
2 0.7216532258064516 0.08322875071306332 0.1309314516129032 0.024363947518539646
3 0.6597459677419355 0.5120536223616657 0.029709677419354843 0.03138619509412436
2 0.22449193548387097 0.3676041072447233 0.030245967741935487 0.10272675413576726
10 0.7287943548387097 0.6032857957786651 0.06048387096774194 0.025122646891043925
3 0.1486491935483871 0.34077581289218484 0.028790322580645164 0.03228180262407302
2 0.768 0.11585852823730747 0.04190725806451613 0.023399885909868797
2 0.7022096774193548 0.11737592698231603 0.08950806451612903 0.022207644038790643
15 0.669108870967742 0.3016714204221335 0.02039516129032258 0.025864232743867656
0 0.5420846774193548 0.3574500855675984 0.025225806451612903 0.12126640045636053
3 0.14244354838709677 0.422281802624073 0.03491532258064516 0.037746719908727897
15 0.5299717741935484 0.20598402738163146 0.021850806451612904 0.023531089560752994
15 0.5773145161290323 0.23456930975470622 0.02050806451612903 0.022150598973188818
8 0.5584233870967742 0.4740501996577296 0.019169354838709678 0.08394751853964631
0 0.847 0.3825270964061609 0.019786290322580644 0.04586423274386766
2 0.7725241935483871 0.15038220193953222 0.03534677419354838 0.020501996577296063
0 0.5911370967741936 0.3610211066742727 0.02380241935483871 0.13824871648602396
0 0.4869798387096774 0.3619338277239019 0.02931048387096774 0.09897889332572732
15 0.17719354838709678 0.5623217341699943 0.028060483870967743 0.03161437535653166
2 0.6651370967741935 0.45373645179691957 0.02530241935483871 0.023941814033086137
15 0.21488709677419354 0.3912435824301198 0.017254032258064517 0.02363377067883628
15 0.1960282258064516 0.38572162007986305 0.020024193548387095 0.022247575584711923
15 0.6191854838709677 0.24884768967484314 0.020681451612903225 0.021317741015402167
15 0.7960362903225807 0.30133485453508274 0.018266129032258063 0.03151169423844837
2 0.7381451612903226 0.15212207644038792 0.018798387096774193 0.019771819737592695
