0 0.5509894496720844 0.46685080645161287 0.029563729683490164 0.02270967741935484
2 0.588457370972341 0.29486290322580644 0.055232392358140855 0.016596774193548387
12 0.42202452238380384 0.6471895161290322 0.06864556601083548 0.019399193548387098
2 0.6074165953806673 0.33171774193548387 0.04818078129455375 0.011270161290322581
0 0.6733618477331053 0.45184274193548385 0.04027944111776447 0.024346774193548387
0 0.9505731394354149 0.30355645161290323 0.027268320501853436 0.01532258064516129
2 0.5972426575420587 0.25460887096774193 0.050624465355004276 0.013983870967741936
0 0.7556658112346735 0.2825645161290323 0.023684060450527518 0.013907258064516129
5 0.5510265183917878 0.48651209677419355 0.04297690333618477 0.015399193548387096
0 0.4182178500142572 0.6304435483870968 0.057644710578842316 0.012431451612903224
11 0.18828058169375533 0.28345564516129035 0.13749358426005132 0.15314112903225807
