2 0.5400403225806452 0.33836944127708096 0.10086290322580645 0.020872291904218927
0 0.637008064516129 0.4796807297605473 0.01819354838709677 0.05124287343215507
0 0.5842983870967742 0.485381984036488 0.017725806451612904 0.042491448118586087
16 0.379741935483871 0.589988597491448 0.10237903225806452 0.02903078677309008
1 0.47270161290322577 0.5070866590649943 0.057024193548387093 0.010210946408209806
2 0.549508064516129 0.3601995438996579 0.03935483870967742 0.012468643101482327
1 0.3770322580645161 0.4468072976054732 0.055749999999999994 0.013095781071835804
1 0.5580887096774193 0.4156328392246294 0.043258064516129034 0.00927023945267959
5 0.5915483870967742 0.38658494868871157 0.06351612903225806 0.011562143671607754
1 0.4769758064516129 0.403654503990878 0.04241935483870968 0.00823261117445838
10 0.44426612903225804 0.3710889395667047 0.07045967741935484 0.011049030786773089
1 0.12174193548387098 0.5441505131128849 0.05492741935483871 0.0075541619156214365
1 0.5675322580645161 0.5232554161915621 0.057701612903225806 0.010387685290763967
