3 0.30368038740920095 0.12866590649942988 0.014778046811945117 0.014002280501710375
2 0.13440677966101694 0.7525142531356899 0.013341404358353511 0.22782212086659065
2 0.15890234059725586 0.8146864310148233 0.014011299435028247 0.09750285062713798
16 0.8810734463276837 0.05875712656784493 0.020823244552058112 0.08253705815279362
2 0.18808716707021791 0.8191847206385404 0.012566585956416465 0.05417901938426454
2 0.19158192090395482 0.6799315849486887 0.010524616626311541 0.05593500570125427
0 0.2906618240516546 0.5962884834663627 0.01731234866828087 0.006984036488027366
2 0.8226553672316385 0.3048403648802737 0.010589184826472961 0.02571265678449259
2 0.3090556900726392 0.49506271379703537 0.08209846650524616 0.012451539338654503
3 0.37789346246973365 0.3656214367160775 0.012502017756255045 0.03581527936145952
2 0.41928974979822436 0.17421892816419612 0.015633575464083938 0.12311858608893957
0 0.2785794995964488 0.5766818700114025 0.01546408393866021 0.00750285062713797
2 0.6935916061339791 0.3970695553021665 0.09836965294592413 0.011339794754846066
2 0.2731961259079903 0.06833523375142532 0.03551251008878128 0.008973774230330673
6 0.8012106537530267 0.23746864310148233 0.011945117029862793 0.0245096921322691
2 0.5950524616626311 0.5083409350057012 0.010952380952380953 0.0401539338654504
2 0.5957546408393866 0.29745724059293044 0.011864406779661016 0.04004561003420752
2 0.19154156577885392 0.8543215507411631 0.011380145278450363 0.026134549600912202
15 0.8071589991928976 0.3023660205245154 0.011961259079903148 0.019053591790193843
2 0.5700242130750606 0.7554104903078678 0.012687651331719129 0.22210946408209806
0 0.7666020984665053 0.24933865450399087 0.030306698950766747 0.006356898517673889
2 0.7869652945924132 0.5129190421892816 0.010920096852300241 0.03541049030786773
1 0.20878934624697337 0.6216419612314709 0.008692493946731234 0.019247434435575826
3 0.5823567393058918 0.35238882554161916 0.008054882970137208 0.019304446978335235
2 0.7245036319612591 0.2333466362599772 0.037344632768361585 0.00895096921322691
15 0.3996287328490718 0.11554161915621436 0.015924132364810332 0.012326111744583809
15 0.3985794995964487 0.22818129988597494 0.016246973365617434 0.011738882554161915
2 0.7816626311541566 0.679327251995439 0.010871670702179178 0.08262257696693272
2 0.7876836158192091 0.2909350057012543 0.012074253430185634 0.03695553021664766
3 0.6200161420500404 0.35768529076396804 0.026400322841000808 0.007964652223489167
2 0.6632768361581921 0.37352337514253137 0.03530266343825666 0.009104903078677309
1 0.20904761904761904 0.8770410490307867 0.009911218724778046 0.01968072976054732
2 0.576271186440678 0.28286202964652224 0.010645682001614205 0.02096351197263398
2 0.18851493139628733 0.6495496009122006 0.009975786924939467 0.02312428734321551
2 0.35469733656174335 0.47981185860889397 0.05114608555286521 0.00968072976054732
15 0.2825665859564165 0.2290307867730901 0.012534301856335753 0.011282782212086659
15 0.2929862792574657 0.2187970353477765 0.014422921711057305 0.013933865450399088
15 0.2783454398708636 0.8889680729760547 0.017070217917675545 0.01555302166476625
3 0.7647861178369654 0.46317559863169894 0.02265536723163842 0.009720638540478907
2 0.3737853107344633 0.23925883694412772 0.011210653753026635 0.02387115165336374
15 0.4165536723163842 0.40244583808437856 0.0178046811945117 0.012719498289623717
2 0.40250201775625505 0.865188141391106 0.012025827280064568 0.023033067274800454
0 0.2926715092816788 0.9017274800456101 0.02397094430992736 0.009498289623717219
15 0.3863599677158999 0.4171322690992018 0.01788539144471348 0.028511972633979473
2 0.37376109765940274 0.10511402508551881 0.010209846650524617 0.025313568985176737
2 0.5635996771589992 0.28251425313568984 0.012017756255044391 0.02057012542759407
0 0.3817917675544794 0.21221208665906502 0.00983050847457627 0.029503990877993158
2 0.8277966101694916 0.8493443557582668 0.011210653753026635 0.02879703534777651
15 0.6016142050040355 0.3123489167616876 0.02006456820016142 0.010957810718358038
2 0.6694027441485069 0.38569555302166475 0.048547215496368035 0.009298745724059292
0 0.6216707021791767 0.46452679589509693 0.024487489911218723 0.007251995438996579
2 0.7751735270379339 0.5206670467502851 0.009200968523002421 0.025581527936145952
2 0.583276836158192 0.5196978335233751 0.01 0.03105473204104903
