0 0.286366935483871 0.4030519110096976 0.025725806451612904 0.08909868796349116
2 0.23196774193548386 0.10367940673131774 0.05058064516129032 0.020211066742726755
15 0.280625 0.16458071876782657 0.01843548387096774 0.018613804905875643
0 0.3425201612903226 0.4091215059897319 0.02040725806451613 0.07911009697661153
11 0.29710887096774197 0.12489446662863662 0.02679032258064516 0.04248716486023959
8 0.356491935483871 0.5240444951511695 0.017169354838709676 0.069937250427838
2 0.5359637096774194 0.46350256702795206 0.023451612903225807 0.09948659440958357
15 0.3414354838709677 0.1264403879064461 0.021713709677419354 0.021950941243582427
0 0.31782661290322584 0.41716486023958926 0.01702822580645161 0.03798060467769538
15 0.27731048387096774 0.130656018254421 0.019403225806451613 0.0242156303479749
15 0.19834274193548387 0.2301996577296064 0.018443548387096775 0.02918996006845408
15 0.26247983870967745 0.23190530519110095 0.014653225806451614 0.026400456360524814
11 0.8385927419354838 0.46915573302909297 0.03408064516129032 0.11512264689104393
