11 0.246737416616131 0.23307450980392158 0.03847786537295331 0.06898823529411764
15 0.17896907216494845 0.5435450980392157 0.031819284414796846 0.02868235294117647
2 0.1770285021224985 0.6133019607843138 0.08781079442086114 0.01868235294117647
15 0.10968465736810189 0.5542980392156863 0.02864766525166768 0.02756078431372549
2 0.1595694360218314 0.3003294117647059 0.04811400848999394 0.016501960784313725
0 0.26278956943602183 0.39259607843137256 0.01645239539114615 0.09067450980392157
0 0.2865676167374166 0.3906823529411765 0.014572468162522742 0.043584313725490195
15 0.14629472407519709 0.17107450980392158 0.025300181928441478 0.03595294117647059
2 0.19783505154639178 0.17112156862745098 0.058168587022437844 0.017066666666666667
0 0.07451788963007883 0.39360784313725494 0.016203759854457246 0.06821960784313726
16 0.9066707095209218 0.6387137254901961 0.07267434808975137 0.035458823529411765
0 0.050576106731352335 0.39354509803921567 0.0156155245603396 0.04595294117647059
2 0.1472043662825955 0.4662274509803922 0.04879927228623408 0.014831372549019608
