2 0.627419 0.610382 0.082258 0.029093
3 0.847581 0.361666 0.020968 0.032516
3 0.869355 0.477467 0.040323 0.031375
3 0.758871 0.528237 0.025806 0.039361
3 0.841935 0.654877 0.022581 0.031375
2 0.83629 0.584141 0.074194 0.023959
2 0.725806 0.663434 0.041935 0.377068
2 0.68871 0.703936 0.03629 0.345123
0 0.477419 0.914432 0.025806 0.043925
0 0.284677 0.964062 0.020161 0.047347
0 0.248387 0.93611 0.040323 0.034797
2 0.256452 0.892185 0.029839 0.049629
2 0.260484 0.825442 0.030645 0.07587
2 0.496774 0.634341 0.030645 0.175699
2 0.337903 0.655448 0.032258 0.167712
2 0.342742 0.524815 0.033871 0.096977
2 0.126613 0.51854 0.025806 0.084427
0 0.308871 0.428979 0.021774 0.047347
8 0.66371 0.396463 0.022581 0.055334
0 0.517742 0.391329 0.026613 0.0502
2 0.745161 0.100399 0.028226 0.051911
0 0.629839 0.034227 0.026613 0.041072
