16 0.8988951612903227 0.6778379920136908 0.14610080645161289 0.040827153451226464
0 0.7703951612903226 0.47869937250427835 0.022411290322580643 0.08312036508841986
5 0.3476733870967742 0.21669138619509412 0.06498790322580644 0.019383913291500285
2 0.5397379032258064 0.1859155733029093 0.14049999999999999 0.021477467199087278
0 0.72875 0.48820308043354255 0.022262096774193548 0.08215059897318881
0 0.6924637096774193 0.4822932116371934 0.01832258064516129 0.060268111808328584
2 0.5105 0.15624643468339988 0.19531854838709678 0.019583571021106673
2 0.49380645161290326 0.25824871648602393 0.04318548387096774 0.016514546491728465
1 0.5751290322580644 0.39276098117512837 0.03909274193548387 0.015173987450085568
0 0.37063709677419354 0.4795265259555049 0.015830645161290322 0.040975470621791216
2 0.5476653225806452 0.22916714204221336 0.12487903225806452 0.017107815173987448
15 0.49625 0.5849743297204792 0.05615725806451613 0.025510553337136338
0 0.6476653225806451 0.4811979463776383 0.02425 0.13825442099258414
1 0.43984677419354834 0.39410154021677124 0.04894758064516129 0.016269252709640615
0 0.32429435483870966 0.4814660581859669 0.020129032258064516 0.07578436965202509
2 0.42773790322580646 0.22959498003422704 0.024512096774193547 0.014985738733599544
15 0.6167943548387097 0.20010268111808327 0.019133064516129034 0.07547632629777525
1 0.5682782258064516 0.2705476326297775 0.04046370967741935 0.015681688533941814
1 0.6626774193548387 0.2521848260125499 0.062153225806451606 0.02096976611523103
15 0.40522580645161294 0.14799771819737592 0.022564516129032257 0.07601825442099258
1 0.4372298387096774 0.8115059897318881 0.054366935483870976 0.01856816885339418
2 0.4611088709677419 0.22973188819167142 0.02308064516129032 0.020216771249286936
