11 0.645882 0.704063 0.137255 0.079442
0 0.447451 0.349303 0.06549 0.052759
0 0.411765 0.40752 0.051373 0.047301
15 0.412549 0.630685 0.034902 0.049121
2 0.387451 0.723469 0.094902 0.05094
2 0.334118 0.68769 0.1 0.043056
5 0.248235 0.482717 0.122353 0.030928
0 0.235686 0.4245 0.168235 0.093996
0 0.14 0.323833 0.176863 0.100061
1 0.204314 0.184961 0.08902 0.049121
15 0.252157 0.204366 0.025098 0.041844
15 0.320392 0.283202 0.024706 0.043056
15 0.385882 0.325045 0.027059 0.053366
15 0.412157 0.208611 0.031373 0.038811
15 0.387059 0.172226 0.025098 0.043056
2 0.338824 0.130382 0.106275 0.044269
7 0.30549 0.07641 0.126275 0.027896
11 0.76549 0.37174 0.032549 0.106125
0 0.80902 0.272286 0.072157 0.047301
