12 0.07737193088814792 0.6206470588235294 0.09245225826007882 0.014003921568627451
15 0.7176447408305547 0.3779411764705882 0.029915125795695666 0.03830196078431373
0 0.5275204607456805 0.4641882352941177 0.0348075174295241 0.024749019607843138
12 0.4456805092452258 0.4259019607843137 0.09973931494392241 0.014627450980392157
4 0.5324977265838133 0.4859372549019608 0.08953622309790846 0.015831372549019607
0 0.4152925128826917 0.3727843137254902 0.03788117611397393 0.02232549019607843
0 0.6087602303728402 0.5271882352941176 0.08854198241891482 0.025745098039215687
2 0.6548166110942709 0.725321568627451 0.08524704455895726 0.024968627450980392
12 0.8701909669596848 0.763521568627451 0.09900272809942408 0.013243137254901963
2 0.6624158836010913 0.24404313725490193 0.08755986662625038 0.01303921568627451
0 0.43029099727190057 0.6034078431372549 0.04799030009093665 0.02512156862745098
4 0.8944953016065474 0.5133960784313726 0.08906335253107002 0.013949019607843137
10 0.7435131858138829 0.2678 0.08266141254925735 0.01659607843137255
0 0.8943952712943316 0.4936627450980392 0.049624128523795094 0.02589019607843137
7 0.7141103364655956 0.19505098039215685 0.09420127311306456 0.01867843137254902
3 0.745977568960291 0.678235294117647 0.033976962715974536 0.018380392156862744
4 0.6056835404668082 0.5448941176470589 0.08570172779630192 0.016862745098039214
15 0.5307790239466504 0.3813333333333333 0.019839345256138223 0.02663529411764706
11 0.120366777811458 0.4931686274509804 0.028226735374355865 0.10989803921568628
11 0.19839042133979995 0.38223529411764706 0.1475265231888451 0.12436862745098039
