11 0.29531451612903226 0.31508271534512267 0.14025806451612902 0.11786651454649173
16 0.8862096774193549 0.6823217341699942 0.14318548387096774 0.03885339418140331
15 0.729366935483871 0.3073474044495151 0.05450403225806451 0.027079292641186536
15 0.562858870967742 0.5472561323445522 0.05737096774193549 0.026634341129492298
15 0.3915524193548387 0.4627381631488876 0.06809274193548387 0.023953223046206503
1 0.6814879032258064 0.6654192812321734 0.057399193548387094 0.015071306332002283
1 0.6832701612903226 0.4127780946948089 0.0780282258064516 0.02046776953793497
0 0.07712903225806451 0.3825042783799201 0.04081451612903226 0.03997147746719908
15 0.6004072580645161 0.2805647461494581 0.026274193548387094 0.07059897318881916
0 0.4075201612903226 0.6711237877923559 0.07644758064516129 0.018174557900741586
2 0.5875322580645161 0.2210667427267541 0.1256008064516129 0.026143753565316598
15 0.3902741935483871 0.4859041642897889 0.060342741935483876 0.026400456360524814
7 0.5513387096774194 0.6070165430690245 0.06663306451612903 0.017763833428408444
0 0.4844475806451613 0.3052595550484883 0.019745967741935485 0.15322304620650315
7 0.6840604838709677 0.6031717056474615 0.06731048387096775 0.025145464917284654
0 0.7466411290322581 0.4729092983456931 0.013991935483870968 0.048146035367940675
15 0.6347096774193548 0.2763091842555619 0.023068548387096776 0.07435824301197946
