3 0.843145 0.664575 0.019355 0.027952
3 0.906048 0.664005 0.020565 0.032516
15 0.874194 0.638905 0.014113 0.021107
15 0.881855 0.589276 0.01371 0.021107
15 0.866532 0.583571 0.012097 0.019395
2 0.906855 0.601255 0.025403 0.08899
2 0.880242 0.554478 0.046774 0.032516
2 0.856855 0.416429 0.027419 0.019395
2 0.769758 0.41757 0.149194 0.021107
8 0.672984 0.434113 0.014516 0.066743
8 0.61371 0.434683 0.01371 0.067313
0 0.91129 0.353679 0.021774 0.071877
0 0.887903 0.366229 0.014516 0.036509
0 0.8 0.326298 0.021371 0.081004
7 0.900806 0.191671 0.059274 0.022248
2 0.850403 0.17741 0.027823 0.017114
2 0.827823 0.179122 0.018548 0.013691
15 0.808871 0.177981 0.012903 0.018254
2 0.822581 0.221905 0.013306 0.045636
15 0.808468 0.207074 0.012903 0.018254
15 0.75121 0.179692 0.012903 0.018254
11 0.720968 0.197376 0.02379 0.067884
15 0.715726 0.252139 0.015726 0.024529
15 0.71129 0.201369 0.012903 0.018254
15 0.670161 0.204221 0.012903 0.018254
2 0.634274 0.209355 0.012903 0.044495
2 0.832258 0.152881 0.035484 0.018254
2 0.808468 0.155163 0.012903 0.018254
2 0.793548 0.152881 0.019758 0.018254
2 0.770161 0.15231 0.027016 0.018254
2 0.745565 0.151169 0.025 0.020536
2 0.693548 0.154022 0.033468 0.019966
2 0.828226 0.128351 0.044758 0.015402
2 0.784677 0.123788 0.060081 0.0251
2 0.725403 0.129492 0.059274 0.018254
2 0.772581 0.103822 0.154435 0.019395
0 0.657661 0.348545 0.017742 0.078722
0 0.632661 0.364518 0.012903 0.033086
0 0.599194 0.344552 0.020968 0.087279
0 0.569758 0.352539 0.020161 0.068454
15 0.33871 0.575014 0.018548 0.026241
0 0.350403 0.638334 0.018548 0.045636
0 0.144758 0.640046 0.019758 0.03765
2 0.252419 0.49401 0.142339 0.030234
2 0.25 0.210496 0.109677 0.014261
2 0.314113 0.210496 0.016532 0.01255
2 0.181855 0.211067 0.02621 0.017114
0 0.266129 0.245864 0.021371 0.057616
0 0.145161 0.252139 0.018952 0.065031
0 0.125806 0.26583 0.018548 0.044495
2 0.252419 0.118083 0.143548 0.029093
