2 0.636389802631579 0.5042741469057258 0.028865131578947368 0.05941006362058993
2 0.20317434210526317 0.5665876229034124 0.023717105263157894 0.07827067669172932
11 0.4409375 0.4418102949681897 0.07384868421052632 0.03732793522267207
2 0.0935032894736842 0.48845575477154424 0.016044407894736844 0.0564198958935801
2 0.5991529605263158 0.4681839213418161 0.03448190789473684 0.08438982070561017
2 0.5159868421052632 0.5093117408906883 0.025814144736842105 0.044690572585309424
2 0.5617105263157894 0.3834065934065934 0.01631578947368421 0.05295546558704454
2 0.17716282894736843 0.4972296124927704 0.011151315789473685 0.044684788895315214
2 0.5873684210526315 0.46480624638519374 0.02691611842105263 0.07870445344129555
11 0.49758223684210523 0.4754771544245229 0.023848684210526317 0.051162521688837476
3 0.5103371710526317 0.5803412377096587 0.025789473684210525 0.05578947368421052
0 0.33660361842105263 0.3683632157316368 0.02036184210526316 0.035685367264314635
2 0.29598684210526316 0.4191671486408329 0.08444901315789473 0.08238288027761712
0 0.34484375 0.5924812030075188 0.04300986842105263 0.05915558126084442
8 0.14280427631578949 0.5773337189126663 0.022294407894736842 0.09359167148640832
11 0.4413733552631579 0.4690746096009254 0.07302631578947368 0.09550607287449392
11 0.16750822368421053 0.4489242336610758 0.08042763157894736 0.022689415847310584
