15 0.8667686274509805 0.6149909035779261 0.026231372549019607 0.03588841722255913
0 0.6750039215686274 0.44982413583990294 0.10465098039215687 0.03861127956337174
11 0.8397607843137255 0.6169981807155852 0.020137254901960784 0.08767131594906004
15 0.8039450980392157 0.13402061855670103 0.030654901960784315 0.03476652516676774
0 0.6086392156862745 0.34594299575500304 0.10742352941176471 0.0381746513038205
15 0.711678431372549 0.5962765312310491 0.03212549019607843 0.03968465736810188
15 0.6084627450980392 0.6538265615524561 0.028580392156862745 0.04096422073984233
7 0.6846588235294118 0.08942995755003032 0.11074901960784314 0.022577319587628864
15 0.7276078431372549 0.1816737416616131 0.031423529411764704 0.037331716191631295
1 0.8765686274509804 0.6972710733778047 0.06760392156862745 0.03967859308671923
2 0.7342901960784314 0.14129169193450578 0.11325098039215688 0.0335415403274712
2 0.8084117647058823 0.20326258338386902 0.08789019607843138 0.034730139478471804
4 0.6157019607843137 0.3760218314129775 0.12052941176470588 0.023371740448756822
