16 0.6419677419354839 0.6383970336565886 0.18004838709677418 0.05014831717056475
0 0.07519354838709677 0.2862122076440388 0.01884677419354839 0.05229321163719338
11 0.574 0.5400912721049629 0.038088709677419355 0.0630062749572162
2 0.22338709677419355 0.4830347974900171 0.09141935483870968 0.01731317741015402
15 0.16778225806451613 0.40567027952082146 0.04121774193548387 0.035504848830576155
0 0.29846774193548387 0.2817969195664575 0.018475806451612904 0.03758699372504278
5 0.14979032258064517 0.22269252709640616 0.10044354838709678 0.027347404449515115
15 0.2706693548387097 0.36339988590986877 0.04034677419354839 0.03253850541928123
2 0.699258064516129 0.3612321734169994 0.028588709677419357 0.03231602966343411
11 0.7270806451612903 0.4700285225328009 0.12992741935483873 0.04137478608100399
0 0.35538709677419356 0.28188819167142043 0.022814516129032257 0.04047347404449515
3 0.4581451612903226 0.558904734740445 0.020717741935483872 0.0274500855675984
11 0.5964354838709678 0.26092413006274956 0.12367741935483872 0.12220764403879064
10 0.14911290322580645 0.1871534512264689 0.07953225806451614 0.021038220193953225
3 0.5315 0.5568511123787793 0.031951612903225804 0.030718767826583
2 0.40258870967741933 0.5359897318881917 0.01935483870967742 0.057364517969195665
2 0.4717741935483871 0.48825442099258415 0.07511290322580645 0.01914432401597262
2 0.8841854838709678 0.6070735881346264 0.09765322580645161 0.016514546491728465
0 0.7647983870967742 0.2954592127780947 0.05780645161290323 0.027632629777524242
15 0.21274193548387096 0.37297204791785515 0.04493548387096774 0.03568168853394181
2 0.2004758064516129 0.1677067883628066 0.1572258064516129 0.017541357672561323
2 0.8252258064516129 0.432749572162008 0.059040322580645156 0.030239589275527667
