2 0.490588 0.57732 0.05451 0.209824
2 0.44549 0.527592 0.037255 0.11886
0 0.443529 0.449363 0.065882 0.049121
0 0.449804 0.622802 0.058824 0.046695
2 0.373333 0.714979 0.121961 0.043056
0 0.25098 0.720437 0.063922 0.055791
0 0.187843 0.628866 0.058431 0.053972
0 0.15098 0.505761 0.082353 0.05943
11 0.247843 0.576107 0.065098 0.22074
11 0.301176 0.44148 0.072157 0.064281
2 0.523922 0.265616 0.079216 0.128563
2 0.472157 0.300788 0.064706 0.115828
15 0.329804 0.332929 0.061569 0.062462
15 0.271373 0.121286 0.055686 0.056398
0 0.462745 0.11886 0.053725 0.049727
2 0.471373 0.18678 0.070196 0.086113
0 0.442745 0.069739 0.05451 0.049121
10 0.136471 0.178896 0.122353 0.03396
2 0.175686 0.236507 0.053725 0.10188
2 0.201569 0.167981 0.076078 0.144936
