2 0.772132 0.070871 0.103216 0.030692
3 0.164351 0.720982 0.048829 0.027344
2 0.519254 0.52846 0.109567 0.029576
2 0.406908 0.527902 0.112743 0.032366
2 0.563716 0.09654 0.110361 0.030134
2 0.482334 0.070871 0.120286 0.030134
2 0.400556 0.097656 0.096467 0.030692
0 0.584359 0.309152 0.019055 0.100446
0 0.484716 0.3125 0.021437 0.105469
0 0.368003 0.30971 0.034538 0.120536
0 0.327511 0.309152 0.036522 0.117188
3 0.822946 0.237165 0.022628 0.041853
15 0.848353 0.127232 0.028186 0.035714
15 0.818976 0.116629 0.024613 0.040737
15 0.786423 0.109933 0.025407 0.040737
11 0.562922 0.63058 0.013894 0.021763
11 0.377928 0.715402 0.025407 0.051897
11 0.304486 0.71317 0.02104 0.049107
11 0.141326 0.679688 0.023025 0.059152
15 0.398174 0.443638 0.02501 0.03683
8 0.28424 0.118304 0.077015 0.021205
11 0.394998 0.152344 0.018658 0.075893
