11 0.7488627450980392 0.6428016979987872 0.025337254901960784 0.07124924196482717
0 0.6457843137254902 0.485554881746513 0.030705882352941177 0.01909642207398423
2 0.6946509803921568 0.2187143723468769 0.04647450980392157 0.01257125530624621
11 0.7363372549019608 0.2956701030927835 0.041145098039215684 0.053226197695573074
0 0.8076117647058823 0.41811400848999397 0.035094117647058824 0.019436021831412974
0 0.7587803921568628 0.4499272286234081 0.029192156862745098 0.018120072771376592
5 0.7578549019607843 0.4673317161916313 0.03496078431372549 0.014372346876895087
0 0.554 0.41297149787750154 0.04091764705882353 0.012280169799878714
2 0.7958235294117647 0.23764099454214677 0.01543529411764706 0.05596725288053366
0 0.794756862745098 0.4291267434808975 0.055466666666666664 0.014681625227410552
5 0.6427490196078431 0.5027531837477258 0.03783529411764706 0.012680412371134021
