2 0.6484798387096774 0.22759840273816315 0.12633467741935483 0.029406731317741013
2 0.33179032258064517 0.6429834569309755 0.05404838709677419 0.020439247005134054
2 0.33145967741935484 0.22600684540787222 0.0502741935483871 0.02365088419851683
2 0.33798790322580646 0.6045236737022248 0.04197177419354839 0.023913291500285226
2 0.3023346774193548 0.5676953793496863 0.03290322580645161 0.02456930975470622
2 0.3447217741935484 0.1937592698231603 0.07746774193548388 0.02424415288077581
2 0.3301693548387097 0.2636166571591557 0.048737903225806456 0.02208214489446663
2 0.30053629032258067 0.6038277239018824 0.03231048387096774 0.020855675984027384
0 0.23987096774193548 0.42253850541928123 0.012245967741935483 0.08938961779806046
0 0.18891129032258064 0.42227039361095264 0.013653225806451612 0.03713633770678836
0 0.4890645161290323 0.41846548773531095 0.018911290322580643 0.07218482601254991
0 0.46106048387096776 0.3730519110096977 0.018891129032258064 0.06525955504848831
2 0.3865120967741935 0.2216314888762122 0.05878629032258064 0.03478037649743297
11 0.3368669354838709 0.5152424415288078 0.017963709677419355 0.07384483742156303
3 0.3749677419354839 0.5019452367370222 0.028903225806451615 0.02567027952082145
2 0.4358104838709677 0.41079863091842556 0.018004032258064514 0.09538505419281233
6 0.2137943548387097 0.43826012549914434 0.013306451612903225 0.08041642897889333
3 0.3767943548387097 0.33221334854535084 0.019330645161290322 0.03652595550484883
2 0.7763790322580646 0.4270450656018254 0.022024193548387097 0.1552937820878494
