6 0.901289 0.426211 0.013699 0.018234
6 0.754633 0.418234 0.01249 0.017664
2 0.659549 0.558405 0.032635 0.017094
2 0.520548 0.635897 0.139001 0.019373
2 0.582192 0.669516 0.028203 0.017664
2 0.621676 0.636467 0.04996 0.017664
2 0.591459 0.638746 0.012087 0.017664
2 0.671233 0.633618 0.035052 0.023932
7 0.706285 0.719658 0.035858 0.011966
8 0.706688 0.649003 0.008864 0.047293
8 0.72643 0.654131 0.00967 0.046154
11 0.560435 0.695726 0.020548 0.067236
0 0.733683 0.594872 0.016922 0.058689
0 0.715552 0.591453 0.017325 0.078063
0 0.69581 0.603989 0.016116 0.075783
0 0.627317 0.588034 0.010073 0.038177
15 0.570911 0.695157 0.01531 0.018234
15 0.712329 0.683761 0.016922 0.018234
15 0.695004 0.676353 0.01531 0.023932
15 0.679694 0.590883 0.012893 0.022792
15 0.661563 0.589744 0.014102 0.020513
15 0.591459 0.588604 0.015713 0.022222
15 0.671233 0.508262 0.013296 0.017094
11 0.682514 0.503134 0.019339 0.036467
3 0.646656 0.498006 0.019742 0.013675
10 0.563658 0.558974 0.034247 0.013675
2 0.628928 0.450712 0.107575 0.018234
2 0.569299 0.447293 0.014504 0.012536
2 0.507655 0.451282 0.116035 0.023932
2 0.56527 0.42906 0.230862 0.022222
15 0.383562 0.472365 0.015713 0.022222
15 0.444803 0.640456 0.013296 0.019373
15 0.429895 0.683761 0.01249 0.019943
15 0.402901 0.705413 0.013699 0.020513
8 0.4166 0.653561 0.00967 0.046154
8 0.378324 0.661538 0.010073 0.046724
0 0.40411 0.590313 0.018533 0.088889
0 0.385979 0.598291 0.017728 0.063248
0 0.365834 0.589174 0.019742 0.082621
2 0.342466 0.602279 0.023368 0.160684
2 0.288074 0.567521 0.073731 0.039316
15 0.332796 0.531624 0.016519 0.018234
15 0.271152 0.564103 0.012087 0.019943
15 0.271958 0.54416 0.013699 0.019373
3 0.258259 0.494587 0.014907 0.02849
8 0.193392 0.641595 0.008864 0.045584
8 0.100725 0.635897 0.008461 0.045014
2 0.12772 0.619943 0.038276 0.014245
2 0.139001 0.647293 0.038678 0.032479
0 0.179694 0.623932 0.021354 0.08661
0 0.089041 0.621652 0.016116 0.078632
15 0.163175 0.618803 0.011684 0.018803
15 0.174456 0.569801 0.013699 0.015954
15 0.125302 0.594872 0.012087 0.018803
15 0.106366 0.580627 0.014102 0.015385
11 0.14303 0.554986 0.020951 0.040456
15 0.133763 0.556125 0.01249 0.015954
15 0.586624 0.154416 0.015713 0.022222
0 0.592264 0.28604 0.017728 0.032479
0 0.570508 0.280342 0.017325 0.049573
2 0.736906 0.124217 0.234488 0.022792
0 0.437147 0.283191 0.010878 0.039886
0 0.158743 0.287179 0.010475 0.025641
0 0.138195 0.283191 0.011684 0.031339
0 0.209106 0.203989 0.023368 0.067236
3 0.295729 0.147578 0.013699 0.016524
3 0.193795 0.147578 0.01249 0.018803
2 0.356567 0.126496 0.112812 0.017664
2 0.243755 0.125356 0.111604 0.018234
2 0.180902 0.124786 0.017325 0.024501
2 0.299355 0.092308 0.226833 0.02906
