5 0.7693139628732849 0.5819384264538199 0.01695722356739306 0.038859749144811856
16 0.4156416464891041 0.8760946408209807 0.0305407586763519 0.12730330672748005
15 0.6994188861985472 0.6212941847206386 0.02343825665859564 0.02922462941847206
0 0.4893139628732849 0.4177194982896237 0.05542372881355932 0.016328392246294184
2 0.3508313155770783 0.5067901938426453 0.019346246973365618 0.07139110604332953
11 0.7206698950766747 0.4629019384264538 0.06169491525423729 0.026664766248574688
2 0.7232203389830509 0.14181299885974916 0.028006456820016144 0.18150513112884836
5 0.7549233252623083 0.38377423033067276 0.01956416464891041 0.05330672748004561
2 0.7347054075867635 0.5363112884834664 0.020887812752219532 0.06646522234891676
15 0.43953188054882975 0.3931128848346636 0.024616626311541566 0.02998859749144812
0 0.6166263115415658 0.6287742303306727 0.03651331719128329 0.015136830102622578
2 0.3525343018563358 0.4107297605473204 0.024761904761904763 0.11529076396807297
15 0.6769572235673931 0.22706955530216646 0.035464083938660206 0.01773660205245154
15 0.4283212267958031 0.5716704675028507 0.02870863599677159 0.030467502850627135
2 0.32401129943502827 0.448175598631699 0.022760290556900726 0.19015963511972636
2 0.385181598062954 0.4856898517673888 0.019693301049233253 0.05243443557582668
0 0.48396287328490717 0.6027251995438997 0.041081517352703795 0.01787343215507412
2 0.7937449556093624 0.4312314709236032 0.02158999192897498 0.22831242873432153
15 0.46114608555286524 0.47576396807297605 0.03497175141242938 0.02103762827822121
15 0.7095560936238903 0.4887115165336374 0.022865213882163032 0.024258836944127705
5 0.7688861985472155 0.27999429874572407 0.018353510895883777 0.04250285062713797
0 0.6181517352703794 0.2897320410490308 0.049209039548022596 0.012542759407069556
1 0.6435996771589991 0.9271379703534778 0.016343825665859565 0.04648232611174458
0 0.6064729620661824 0.5765051311288484 0.09824858757062148 0.015233751425313568
15 0.49664245359160614 0.480963511972634 0.030516545601291366 0.019714937286202962
