15 0.875143 0.557708 0.032497 0.095238
2 0.823261 0.599677 0.124287 0.054076
1 0.462942 0.904762 0.072406 0.02502
2 0.326112 0.074253 0.400798 0.035513
2 0.287913 0.66021 0.185291 0.033898
2 0.160205 0.664245 0.074116 0.033091
15 0.40707 0.511703 0.023375 0.096852
0 0.438997 0.322841 0.029647 0.150121
15 0.403079 0.299435 0.025656 0.093624
15 0.335804 0.270379 0.070696 0.051655
0 0.219498 0.324455 0.036488 0.104116
0 0.079247 0.380952 0.020525 0.092817
2 0.397377 0.16707 0.070696 0.024213
2 0.457241 0.119451 0.122577 0.038741
5 0.602623 0.150928 0.070125 0.024213
15 0.603763 0.200969 0.063284 0.039548
0 0.629989 0.326877 0.025656 0.089588
0 0.59293 0.305892 0.021095 0.054883
15 0.555872 0.244552 0.071266 0.037934
