15 0.33697833523375137 0.26210653753026636 0.07259407069555301 0.03631961259079903
15 0.41070125427594073 0.5106779661016949 0.024640820980615735 0.08923325262308314
2 0.4561744583808438 0.11969330104923326 0.12933865450399087 0.03008071025020178
15 0.599811858608894 0.2038498789346247 0.058169897377423035 0.03401129943502825
2 0.3214880273660205 0.0698224374495561 0.4088369441277081 0.029346246973365617
0 0.22366020524515395 0.32742534301856335 0.0369612314709236 0.09925746569814367
2 0.9191619156214368 0.4502502017756255 0.022856328392246297 0.1356174334140436
0 0.6324401368301026 0.3280871670702179 0.025598631698973775 0.07984665052461663
2 0.16188711516533635 0.6641969330104924 0.07240592930444698 0.023131557707828893
2 0.39915621436716076 0.1629136400322841 0.07098631698973774 0.022292171105730427
15 0.40656214367160776 0.3015496368038741 0.029241733181299887 0.09242937853107344
2 0.28501710376282785 0.6607748184019371 0.18087229190421894 0.028192090395480224
0 0.5934207525655644 0.30525423728813555 0.021659064994298746 0.05004842615012106
16 0.3910718358038769 0.8412832929782081 0.23201254275940705 0.05217110573042776
0 0.4376852907639681 0.3226957223567393 0.025986316989737742 0.14609362389023406
5 0.6033523375142531 0.15260694108151737 0.0727309007981756 0.023123486682808714
2 0.8246750285062714 0.5961420500403551 0.1269327251995439 0.04443906376109766
15 0.8767217787913341 0.5588942695722356 0.024960091220068415 0.083454398708636
15 0.558072976054732 0.2446408393866021 0.06979475484606613 0.034769975786924937
0 0.07238882554161916 0.3356497175141243 0.030285062713797033 0.14657788539144473
