6 0.468548 0.130633 0.02621 0.026811
2 0.256452 0.77239 0.018145 0.091272
2 0.259677 0.828294 0.044355 0.019966
2 0.219758 0.826583 0.034274 0.0251
2 0.179032 0.827724 0.046371 0.027952
6 0.305242 0.663434 0.053629 0.021677
11 0.577823 0.25328 0.115726 0.108386
11 0.466129 0.252139 0.112903 0.102681
2 0.369355 0.37935 0.020968 0.149458
7 0.224597 0.564746 0.058468 0.033657
2 0.298387 0.50656 0.018952 0.033657
2 0.25121 0.466629 0.077419 0.024529
2 0.195565 0.464347 0.032258 0.027952
2 0.095565 0.263548 0.0125 0.046777
2 0.145968 0.36737 0.022177 0.124929
6 0.11371 0.394181 0.018952 0.081574
2 0.08871 0.37935 0.022581 0.162578
2 0.066532 0.361666 0.021774 0.190531
2 0.1875 0.212208 0.014113 0.030234
11 0.221774 0.230462 0.018145 0.081004
2 0.296371 0.180833 0.026613 0.026811
2 0.205645 0.180262 0.050403 0.024529
2 0.243548 0.136338 0.129435 0.034797
