2 0.388128 0.687001 0.178843 0.017104
2 0.359209 0.657355 0.125571 0.022235
3 0.233638 0.640821 0.056317 0.017104
15 0.493912 0.488597 0.044901 0.041049
15 0.330289 0.489168 0.047184 0.041619
0 0.742009 0.395667 0.08067 0.030787
4 0.633942 0.488597 0.140791 0.023375
4 0.743531 0.437286 0.139269 0.019954
15 0.674277 0.380844 0.048706 0.037058
15 0.579909 0.400798 0.04414 0.035918
0 0.896499 0.342645 0.067732 0.035348
0 0.828006 0.374572 0.075342 0.027366
15 0.894216 0.285633 0.05175 0.042759
15 0.746575 0.295895 0.049467 0.039909
0 0.730594 0.210946 0.130898 0.020525
2 0.292998 0.414481 0.114155 0.017674
15 0.261796 0.379133 0.042618 0.029076
4 0.149924 0.371722 0.143836 0.027366
5 0.138508 0.303307 0.117199 0.022805
15 0.268645 0.295895 0.04414 0.031927
2 0.211568 0.293044 0.06621 0.077537
2 0.292998 0.246864 0.114155 0.017674
2 0.415525 0.241733 0.120244 0.016534
7 0.541096 0.217788 0.143836 0.024515
7 0.28691 0.216648 0.140791 0.023945
15 0.549467 0.176739 0.04414 0.040479
15 0.273973 0.174458 0.048706 0.047891
2 0.412481 0.175029 0.225266 0.019384
