2 0.125428 0.369478 0.020525 0.297189
3 0.434436 0.11004 0.031357 0.0249
3 0.784493 0.077912 0.030217 0.028112
2 0.715507 0.660241 0.18016 0.019277
7 0.588369 0.650602 0.04504 0.021687
2 0.649373 0.624096 0.051881 0.024096
7 0.712087 0.615261 0.04618 0.02249
7 0.840935 0.651406 0.04732 0.0249
11 0.795325 0.618474 0.047891 0.034538
15 0.840365 0.497992 0.024515 0.040161
0 0.901938 0.375904 0.015393 0.055422
0 0.872862 0.3751 0.015393 0.049799
8 0.929304 0.124498 0.052452 0.021687
15 0.86374 0.142169 0.026226 0.040964
2 0.806727 0.120482 0.050741 0.023293
1 0.709806 0.42249 0.035348 0.020884
2 0.713797 0.258635 0.078677 0.021687
8 0.552452 0.17751 0.048461 0.021687
0 0.578107 0.376707 0.019954 0.058635
