12 0.3499313725490196 0.7236374658987572 0.07405098039215686 0.01347984237647772
2 0.7315627450980392 0.6792058199454379 0.08820784313725491 0.02113973931494392
0 0.3954843137254902 0.45480751742952413 0.03385294117647059 0.018099424067899363
0 0.8608745098039216 0.46486511063958774 0.033319607843137256 0.01317065777508336
2 0.4894686274509804 0.7431706577750833 0.07084509803921568 0.020963928463170658
2 0.7371137254901962 0.6193846620187935 0.07761960784313726 0.020133373749621097
2 0.5745588235294118 0.6808123673840558 0.05130784313725491 0.018444983328281296
0 0.901756862745098 0.48926947559866624 0.03361764705882353 0.01997271900575932
4 0.9472176470588236 0.47232191573204 0.06600196078431372 0.013322218854198242
2 0.45045686274509805 0.7129311912700819 0.047650980392156865 0.01790845710821461
7 0.6632 0.18803879963625342 0.06429607843137256 0.015750227341618673
0 0.9484254901960785 0.45421339799939375 0.055878431372549026 0.020318278266141257
15 0.4720490196078431 0.5237011215519854 0.01856470588235294 0.021521673234313428
2 0.17993529411764705 0.03809033040315247 0.04265882352941176 0.021418611700515306
0 0.813713725490196 0.48451652015762353 0.06607647058823529 0.015416792967565929
2 0.11504901960784314 0.7371839951500454 0.05620392156862745 0.025265231888451044
15 0.7851882352941176 0.5224674143679903 0.0167 0.0202606850560776
4 0.5213490196078432 0.4890481964231585 0.06540588235294117 0.013379812064261897
0 0.42727450980392156 0.48968778417702336 0.030029411764705884 0.02126401939981813
15 0.2642901960784314 0.8251803576841467 0.01720392156862745 0.02383146408002425
2 0.6041333333333333 0.22863898150954834 0.05341764705882353 0.02448014549863595
2 0.6369274509803922 0.2582509851470143 0.0664686274509804 0.020030312215822976
2 0.7094529411764706 0.59812670506214 0.04493529411764706 0.01945134889360412
3 0.2309549019607843 0.7824461958169142 0.041945098039215686 0.013094877235525918
2 0.6524823529411764 0.5060290997271901 0.04910392156862745 0.01863595028796605
2 0.6604823529411765 0.3003879963625341 0.05170196078431373 0.022979690815398607
7 0.9028627450980393 0.5056865716883904 0.06769803921568628 0.01192179448317672
0 0.22202549019607842 0.13721430736586845 0.0262078431372549 0.020682024856016976
15 0.21736470588235293 0.8666323128220673 0.014880392156862746 0.02015762352227948
2 0.1843078431372549 0.7312943316156411 0.06164509803921568 0.010863898150954836
15 0.9031588235294117 0.388981509548348 0.017374509803921568 0.02066080630494089
0 0.3256862745098039 0.6730433464686268 0.02750980392156863 0.013185813882994847
10 0.607343137254902 0.1689602909972719 0.06246862745098039 0.014980297059715066
0 0.5553509803921568 0.8058623825401636 0.061472549019607844 0.02015762352227948
15 0.9513176470588236 0.3789390724461958 0.021584313725490197 0.01919975750227342
1 0.8206882352941177 0.6118369202788724 0.047954901960784314 0.014840860866929373
0 0.23435686274509804 0.8840709305850258 0.01652549019607843 0.013140345559260382
4 0.5578529411764707 0.8239527129433161 0.06830784313725491 0.013073658684449834
15 0.42765882352941176 0.38435889663534406 0.017237254901960784 0.018657168839042133
15 0.39670392156862744 0.3171324643831464 0.01361764705882353 0.018320703243407094
3 0.5342 0.545916944528645 0.03771764705882353 0.02132464383146408
15 0.6395235294117647 0.22330403152470443 0.014798039215686275 0.03004849954531676
15 0.5693980392156862 0.22330403152470443 0.01413529411764706 0.023901182176417093
15 0.5966745098039216 0.2518157017277963 0.014356862745098039 0.026974840860866926
15 0.5553725490196079 0.8645377387086997 0.017005882352941176 0.0211700515307669
15 0.46824117647058827 0.7609093664746892 0.013252941176470589 0.01877841770233404
15 0.469564705882353 0.7832737193088815 0.012368627450980392 0.018438920885116703
7 0.14676666666666666 0.7527159745377388 0.01523921568627451 0.018096392846317068
15 0.5453235294117648 0.5143861776295847 0.015460784313725488 0.021509548347984235
