2 0.341129 0.108871 0.261266 0.029032
8 0.539646 0.191935 0.052481 0.020161
1 0.479179 0.175806 0.06389 0.020161
2 0.429549 0.13629 0.074729 0.023387
2 0.357102 0.137097 0.07644 0.021774
2 0.274957 0.134677 0.096406 0.022581
2 0.192242 0.137903 0.034227 0.020161
8 0.285796 0.195161 0.048488 0.016935
7 0.414147 0.329839 0.053622 0.017742
0 0.067884 0.255645 0.030804 0.028226
0 0.127781 0.345161 0.028523 0.016935
0 0.167712 0.379839 0.039361 0.017742
7 0.27895 0.330645 0.053052 0.018548
7 0.157444 0.525806 0.053622 0.020161
2 0.275528 0.585484 0.141472 0.025
7 0.276669 0.553226 0.051911 0.017742
2 0.332002 0.542742 0.030234 0.015323
0 0.261837 0.450806 0.037079 0.03629
0 0.349686 0.45 0.023959 0.012903
0 0.383913 0.455645 0.024529 0.024194
8 0.426127 0.447581 0.051911 0.020161
2 0.216201 0.408871 0.040502 0.016935
2 0.27895 0.409677 0.090131 0.012903
2 0.345693 0.408065 0.047347 0.012903
2 0.413577 0.409677 0.089561 0.01371
2 0.476326 0.410484 0.024529 0.015323
0 0.503708 0.359677 0.044495 0.031452
0 0.587564 0.308871 0.044495 0.046774
0 0.543639 0.343548 0.033086 0.029839
11 0.940103 0.467742 0.055904 0.157258
11 0.93668 0.304839 0.048488 0.166129
11 0.832288 0.357258 0.059897 0.137097
11 0.768397 0.36129 0.066172 0.133065
11 0.648602 0.341935 0.028523 0.08629
11 0.700513 0.235484 0.08842 0.126613
