6 0.898066 0.430199 0.01249 0.017664
6 0.759065 0.433048 0.01249 0.017664
15 0.603948 0.178348 0.017325 0.024501
0 0.579774 0.299715 0.018131 0.050712
0 0.598711 0.309402 0.019339 0.034758
0 0.880338 0.303134 0.017728 0.041026
2 0.749799 0.135043 0.244964 0.025071
7 0.738114 0.739031 0.035455 0.014245
11 0.711926 0.491168 0.028606 0.060399
2 0.668815 0.555556 0.04311 0.022792
2 0.609992 0.635897 0.138195 0.018803
2 0.686543 0.625641 0.026994 0.034188
8 0.723207 0.65641 0.009267 0.046724
0 0.730459 0.594302 0.017325 0.063818
0 0.711926 0.605128 0.016116 0.081481
15 0.704674 0.679772 0.01249 0.018803
15 0.618856 0.674074 0.012893 0.018803
15 0.697421 0.590313 0.011281 0.021083
15 0.679694 0.588034 0.01249 0.021083
15 0.689363 0.508832 0.014102 0.020513
8 0.610798 0.611396 0.008461 0.046154
0 0.598711 0.590883 0.018533 0.074644
0 0.548751 0.605128 0.013699 0.034188
3 0.531829 0.495726 0.020548 0.019373
2 0.579774 0.426781 0.233683 0.022222
2 0.634569 0.451282 0.116035 0.020513
2 0.525383 0.449003 0.122885 0.021652
2 0.454069 0.447863 0.024577 0.019373
2 0.531829 0.635897 0.013699 0.019373
2 0.495568 0.637037 0.061241 0.021652
10 0.435939 0.496866 0.033038 0.013675
8 0.431507 0.643875 0.010073 0.047863
8 0.393231 0.668376 0.008864 0.047863
15 0.458501 0.641595 0.014504 0.020513
15 0.445205 0.673504 0.014504 0.020513
15 0.401692 0.474644 0.014504 0.020513
0 0.41942 0.589744 0.017325 0.087179
0 0.403707 0.605128 0.014504 0.037037
0 0.38195 0.590313 0.016519 0.083761
2 0.353747 0.604558 0.023771 0.160684
2 0.299758 0.568091 0.072925 0.039316
15 0.342466 0.532764 0.016519 0.021652
15 0.282031 0.562963 0.014907 0.018234
15 0.282434 0.54359 0.012893 0.017094
3 0.268735 0.494587 0.016519 0.030769
8 0.101934 0.649573 0.008864 0.044444
8 0.194198 0.65698 0.00967 0.047293
2 0.139404 0.660399 0.037873 0.034758
2 0.126511 0.634188 0.035455 0.021652
15 0.164384 0.633048 0.01249 0.021652
15 0.174053 0.584615 0.017728 0.017094
15 0.126108 0.608547 0.012893 0.019943
15 0.134569 0.57151 0.013699 0.018803
15 0.107575 0.596011 0.012087 0.017664
11 0.143433 0.568661 0.017325 0.037607
0 0.1805 0.637037 0.020145 0.082621
0 0.087027 0.639316 0.020951 0.078063
0 0.434327 0.306553 0.015713 0.047293
0 0.152297 0.31339 0.013699 0.035328
0 0.132151 0.305983 0.016519 0.037607
0 0.229654 0.232479 0.023771 0.072365
3 0.289283 0.17094 0.012087 0.017094
3 0.187349 0.17208 0.012893 0.018803
2 0.30419 0.149858 0.014907 0.011966
2 0.23892 0.150997 0.112006 0.013105
2 0.167204 0.149858 0.022965 0.013675
2 0.353344 0.119658 0.113618 0.024501
2 0.235294 0.117379 0.114424 0.025071
2 0.296132 0.082051 0.236906 0.025071
