0 0.3074917763157895 0.5327414690572585 0.04599506578947368 0.06386928860613071
0 0.33204769736842105 0.35931174089068824 0.02217105263157895 0.03941584731058415
2 0.806389802631579 0.803423944476576 0.019136513157894736 0.10204164256795836
2 0.16799342105263157 0.4367958357432042 0.019375 0.05720647773279352
0 0.30770559210526316 0.39691150954308846 0.039884868421052634 0.04896471949103528
0 0.3024013157894737 0.7592018507807982 0.06885690789473685 0.047981492192018506
0 0.7911430921052631 0.8952805089647196 0.038774671052631576 0.055812608444187395
1 0.7455180921052631 0.8275130133024869 0.024555921052631578 0.07445344129554655
2 0.5156825657894737 0.46057258530942746 0.020032894736842104 0.05060728744939271
1 0.446266447368421 0.5216194331983806 0.021636513157894735 0.04488721804511278
2 0.22004111842105262 0.5128166570271834 0.08747532894736842 0.02956043956043956
2 0.4678125 0.4318334297281666 0.02944078947368421 0.06815500289184499
