15 0.681961 0.244391 0.035686 0.043663
1 0.379216 0.394178 0.047451 0.026076
0 0.483137 0.327471 0.017647 0.069133
0 0.738431 0.374773 0.024706 0.126137
0 0.712157 0.371134 0.023529 0.123711
1 0.665882 0.366889 0.044706 0.030321
5 0.776471 0.51607 0.083529 0.037599
11 0.689804 0.452395 0.026275 0.095816
2 0.610196 0.601577 0.038824 0.026076
3 0.659608 0.503335 0.019608 0.035173
2 0.61451 0.488781 0.055686 0.027896
3 0.568235 0.473014 0.02549 0.039418
15 0.660392 0.464524 0.027843 0.041237
15 0.61098 0.425106 0.032941 0.05094
15 0.525882 0.423287 0.039608 0.052153
15 0.640784 0.573681 0.033333 0.047908
15 0.578039 0.574287 0.033333 0.060036
2 0.474118 0.639782 0.320392 0.039418
5 0.25451 0.654942 0.070196 0.031534
3 0.382353 0.474833 0.021961 0.03396
3 0.376078 0.510612 0.028627 0.018799
10 0.282745 0.588235 0.061176 0.029715
2 0.299216 0.563978 0.083529 0.033354
2 0.301569 0.526986 0.062745 0.030928
15 0.301961 0.627653 0.028627 0.038811
15 0.352549 0.546998 0.030196 0.043663
15 0.303922 0.488175 0.029804 0.036386
15 0.289804 0.431777 0.036078 0.043663
15 0.251765 0.46695 0.024706 0.047301
2 0.227843 0.479685 0.021176 0.070346
0 0.253725 0.364463 0.021961 0.087932
0 0.22549 0.359005 0.027059 0.090964
15 0.281176 0.318375 0.034118 0.055791
2 0.344706 0.248029 0.04549 0.027289
2 0.375294 0.212856 0.07098 0.038811
