2 0.271555 0.147831 0.232071 0.026256
15 0.365028 0.216324 0.02498 0.023973
0 0.294118 0.253995 0.029815 0.027968
15 0.322321 0.303082 0.032232 0.019977
15 0.339243 0.284247 0.032232 0.020548
9 0.283642 0.343607 0.021757 0.041096
0 0.54311 0.305936 0.022562 0.054795
2 0.663175 0.44863 0.058018 0.015982
2 0.684126 0.430365 0.0556 0.011986
15 0.589847 0.394406 0.042707 0.020548
15 0.769541 0.420091 0.038678 0.020548
7 0.668815 0.329909 0.021757 0.052511
8 0.762288 0.333904 0.023368 0.04395
15 0.722804 0.357306 0.027397 0.021689
15 0.697824 0.325913 0.02498 0.025685
1 0.722804 0.248288 0.016922 0.026256
1 0.652699 0.202055 0.037067 0.011986
15 0.666398 0.224315 0.03062 0.021119
15 0.672039 0.15411 0.028203 0.023973
15 0.622079 0.147831 0.028203 0.027397
15 0.749396 0.190068 0.02498 0.021689
2 0.725222 0.159247 0.058824 0.015982
2 0.672039 0.136416 0.028203 0.014269
2 0.710717 0.134703 0.050766 0.013699
7 0.78888 0.139269 0.081386 0.017123
2 0.755036 0.119863 0.04029 0.01484
2 0.684932 0.118721 0.104754 0.015411
0 0.788074 0.285388 0.01531 0.026256
0 0.806608 0.29395 0.018533 0.027397
0 0.653505 0.261416 0.017728 0.026256
0 0.574537 0.291667 0.02498 0.030251
