0 0.700672514619883 0.2012314709236032 0.10676169590643275 0.041345496009122004
15 0.6639035087719298 0.4434378563283922 0.062171052631578946 0.05099771949828963
2 0.3781140350877193 0.047827822120866594 0.07896929824561404 0.025496009122006842
15 0.7875804093567252 0.5263055872291904 0.06233918128654971 0.04745153933865451
7 0.6673391812865497 0.5590535917901939 0.15160087719298246 0.029669327251995437
2 0.5032456140350877 0.5597719498289624 0.17619152046783626 0.02370581527936146
15 0.37529970760233916 0.34064994298745727 0.07333333333333333 0.04357468643101483
0 0.8096783625730994 0.28913911060433295 0.08146198830409357 0.027052451539338655
8 0.698640350877193 0.06460091220068415 0.15451023391812865 0.029486887115165335
15 0.6329093567251463 0.3871664766248575 0.0902485380116959 0.040963511972633974
7 0.3388815789473684 0.5580957810718358 0.15414473684210528 0.029697833523375145
