15 0.775626 0.493158 0.056497 0.042189
2 0.895884 0.166477 0.035513 0.099772
7 0.151735 0.106043 0.033898 0.084949
2 0.144471 0.1813 0.032284 0.058153
15 0.205811 0.287913 0.046005 0.038198
8 0.74657 0.334094 0.100888 0.024515
0 0.531881 0.334664 0.049233 0.021665
0 0.539952 0.295895 0.08636 0.031927
0 0.525424 0.266819 0.05004 0.022235
7 0.903955 0.248575 0.032284 0.080958
15 0.828087 0.143101 0.041969 0.026796
15 0.788539 0.250285 0.042776 0.033637
15 0.358354 0.2252 0.049233 0.033067
15 0.602098 0.207526 0.041162 0.026226
2 0.549637 0.109464 0.073446 0.018244
