0 0.7483647058823529 0.3586173438447544 0.1091607843137255 0.03776834445118254
15 0.25934117647058824 0.4503456640388114 0.0278078431372549 0.035100060642813825
2 0.23694117647058827 0.26859915100060644 0.08779607843137255 0.01747119466343238
3 0.2320627450980392 0.5159187386294725 0.030878431372549017 0.0179805942995755
15 0.5962156862745097 0.6632080048514252 0.030639215686274507 0.042468162522741056
5 0.13631764705882354 0.7082959369314736 0.05633725490196078 0.021170406306852636
2 0.14301960784313725 0.5863735597331716 0.09547450980392157 0.028368708308065496
5 0.750356862745098 0.3918132201334142 0.0654470588235294 0.023778047301394784
15 0.4138745098039216 0.45204972710733776 0.039819607843137254 0.04124924196482717
15 0.1566392156862745 0.5381564584596725 0.027529411764705882 0.0379805942995755
15 0.5200509803921569 0.6150576106731352 0.02703921568627451 0.04456640388114008
15 0.5531960784313726 0.4518556701030928 0.026674509803921567 0.034329896907216495
15 0.20703921568627454 0.5987265009096422 0.030580392156862746 0.039545178896300784
15 0.15554117647058824 0.6656640388114009 0.02870588235294118 0.03892662219526986
2 0.08712941176470589 0.51689508793208 0.04958823529411765 0.07770770163735596
15 0.14409803921568626 0.43155852031534264 0.0338078431372549 0.03511825348696179
2 0.20319607843137255 0.2916373559733172 0.04800392156862745 0.015124317768344452
15 0.08874117647058823 0.4634323832625834 0.02851764705882353 0.03353547604608854
0 0.6504274509803921 0.4074287446937538 0.10801960784313724 0.03539721043056398
2 0.5611647058823529 0.640369921164342 0.054356862745098045 0.013480897513644634
3 0.31935686274509806 0.4445239539114615 0.03507843137254902 0.019029714978775016
0 0.11032941176470587 0.3774044875682232 0.06445882352941176 0.030436628259551242
2 0.5926196078431373 0.6008975136446331 0.06766274509803921 0.018447543966040026
2 0.381 0.6773620375985446 0.42160784313725486 0.022595512431776835
15 0.6992352941176471 0.290018192844148 0.029337254901960784 0.03667070952092177
15 0.6747686274509804 0.5651910248635537 0.02596078431372549 0.038241358399029715
15 0.23247843137254903 0.420739842328684 0.031674509803921565 0.034699818071558516
3 0.493756862745098 0.44252880533656763 0.026137254901960786 0.019854457246816254
0 0.3821450980392157 0.3644572468162523 0.037305882352941175 0.023056397816858705
0 0.06612156862745099 0.41938144329896904 0.04366274509803922 0.03459672528805336
2 0.15421176470588235 0.9863371740448758 0.014325490196078431 0.026440266828380837
11 0.6352549019607844 0.4798362644026683 0.02872156862745098 0.08294117647058824
1 0.24104313725490195 0.3632504548211037 0.02717647058823529 0.025330503335354762
10 0.10144313725490196 0.6591449363250456 0.05398039215686275 0.02417828987265009
1 0.6170352941176471 0.33935718617343846 0.028662745098039216 0.018999393571861735
