1 0.8217103762827822 0.5817756255044391 0.06729760547320411 0.021372074253430184
2 0.43995438996579245 0.22663438256658597 0.1312884834663626 0.022138821630347055
5 0.624418472063854 0.25987086359967715 0.12456100342075256 0.03912832929782082
2 0.4357012542759407 0.6171509281678773 0.084133409350057 0.019394673123486684
0 0.4282269099201825 0.5116707021791768 0.014657924743443558 0.0307909604519774
2 0.43258266818700114 0.7315980629539952 0.13661915621436715 0.025447941888619856
0 0.545387685290764 0.48950766747376917 0.02185290763968073 0.0739951573849879
2 0.4363568985176739 0.15107344632768363 0.13733181299885974 0.03727199354317998
2 0.48866020524515397 0.2952461662631154 0.0651824401368301 0.01820823244552058
2 0.47958380843785636 0.6777239709443099 0.07615165336374002 0.018926553672316385
15 0.5154960091220068 0.21836965294592414 0.02977765108323831 0.03277643260694108
11 0.42661345496009123 0.3877643260694108 0.028352337514253135 0.059346246973365616
15 0.33214937286202967 0.4460694108151735 0.02500570125427594 0.03501210653753027
0 0.26234321550741163 0.48786924939467313 0.017109464082098062 0.03502017756255044
15 0.550763968072976 0.39297013720742535 0.026915621436716077 0.03818401937046005
1 0.5420581527936146 0.6131719128329298 0.03875712656784493 0.01863599677158999
15 0.35496009122006844 0.20977401129943504 0.03161345496009122 0.036577885391444714
1 0.3306214367160775 0.6126957223567393 0.03518814139110604 0.017619047619047618
16 0.7579247434435576 0.500048426150121 0.1756328392246294 0.04184019370460049
0 0.3048118586088939 0.5009039548022599 0.015792474344355757 0.06598062953995157
5 0.2723660205245154 0.18554479418886197 0.12483466362599772 0.03784503631961259
15 0.4553192702394527 0.353091202582728 0.03201824401368301 0.03539951573849879
