0 0.6519258662369057 0.3904159544159544 0.017775987107171636 0.0598974358974359
0 0.6793190975020145 0.38374928774928774 0.021297340854149877 0.08477492877492877
8 0.6942465753424657 0.44843304843304843 0.010717163577759871 0.0512991452991453
2 0.2125866236905721 0.5140056980056981 0.16410958904109588 0.021675213675213675
0 0.19828767123287672 0.3429515669515669 0.0209709911361805 0.06793162393162393
0 0.7071595487510073 0.3851680911680912 0.02257856567284448 0.09115669515669515
2 0.23084609186140212 0.1298005698005698 0.13448025785656728 0.01501994301994302
15 0.7078203062046736 0.27385754985754984 0.015253827558420628 0.017435897435897435
2 0.8488477034649476 0.1574131054131054 0.12085414987912972 0.013156695156695156
0 0.07657131345688961 0.7353219373219373 0.017449637389202258 0.04808547008547009
2 0.5619903303787268 0.6166210826210826 0.03662369057211926 0.012176638176638176
11 0.4267485898468977 0.20441025641025642 0.06070104754230459 0.04763532763532763
7 0.8159911361804996 0.5524102564102564 0.043348106365834006 0.01339031339031339
0 0.08029411764705882 0.35635897435897435 0.015346494762288478 0.03418233618233618
2 0.7390652699435938 0.1596011396011396 0.0269218372280419 0.016193732193732196
0 0.10440773569701853 0.7358860398860398 0.01740128928283642 0.04618803418803419
2 0.84709911361805 0.189982905982906 0.06174456083803384 0.009156695156695156
0 0.0997945205479452 0.3406438746438747 0.022711522965350523 0.07628490028490029
2 0.21161563255439161 0.10165242165242165 0.16491136180499597 0.018894586894586892
2 0.21240934730056407 0.3013618233618234 0.15853746978243352 0.015800569800569802
11 0.4727598710717164 0.17766381766381767 0.04203867848509267 0.020205128205128205
2 0.7714544721998389 0.15918518518518518 0.023605962933118455 0.013105413105413105
15 0.9192949234488316 0.29444444444444445 0.015946817082997583 0.01684900284900285
15 0.6762207896857374 0.20685470085470084 0.018118452860596292 0.018188034188034188
2 0.14737711522965352 0.12847863247863248 0.03910556003223207 0.015903133903133904
0 0.9325382755842062 0.3838119658119658 0.01863013698630137 0.05406267806267806
2 0.8926390008058018 0.18981196581196583 0.033763094278807415 0.009504273504273504
2 0.6957211925866237 0.6425527065527066 0.03045930701047542 0.013452991452991453
2 0.8334609186140209 0.1305925925925926 0.158392425463336 0.015857549857549856
0 0.31323932312651087 0.7374757834757835 0.014012892828364223 0.043396011396011396
11 0.7197219983883965 0.6438632478632479 0.02408944399677679 0.015960113960113962
0 0.930604351329573 0.3631225071225071 0.02145447219983884 0.08965242165242165
15 0.11802981466559226 0.662900284900285 0.017715551974214344 0.017937321937321938
2 0.7711563255439162 0.15537321937321938 0.0293190975020145 0.015190883190883192
15 0.8424012892828365 0.26554985754985755 0.012232070910556003 0.016136752136752138
15 0.8944802578565673 0.26324216524216526 0.013614020950846092 0.017458689458689457
2 0.800958904109589 0.1846837606837607 0.02643029814665592 0.011971509971509973
0 0.7442989524576954 0.3628148148148148 0.011059629331184529 0.02484900284900285
15 0.9207252215954874 0.2574985754985755 0.015547945205479453 0.017948717948717947
3 0.1436583400483481 0.278011396011396 0.015882352941176472 0.016512820512820513
15 0.7301571313456889 0.3252649572649573 0.017026591458501206 0.015937321937321936
2 0.7987308622078969 0.18984615384615386 0.028835616438356162 0.00954985754985755
3 0.7889323126510879 0.2053162393162393 0.013738920225624496 0.014005698005698005
3 0.27943190975020143 0.2778290598290598 0.013497179693795327 0.016501424501424503
2 0.6389766317485899 0.6578632478632478 0.015423045930701047 0.05927065527065527
15 0.7557453666398066 0.19626210826210827 0.014653505237711521 0.016495726495726497
2 0.842767929089444 0.18545868945868946 0.07037872683319904 0.011498575498575499
2 0.7510999194198227 0.303988603988604 0.04737711522965351 0.014051282051282052
3 0.6934649476228848 0.73602849002849 0.020374697824335215 0.02782905982905983
2 0.8919903303787269 0.1850712250712251 0.03236099919419822 0.011595441595441597
0 0.3097300564061241 0.3584672364672365 0.014649476228847703 0.03366951566951567
8 0.6898791297340854 0.4494131054131054 0.011990330378726833 0.051105413105413104
2 0.7735374697824335 0.23644444444444443 0.031220789685737306 0.010666666666666666
0 0.715515713134569 0.39938461538461534 0.014371474617244159 0.06366951566951566
11 0.7226672038678486 0.6814529914529914 0.028195004029008864 0.017407407407407406
15 0.4167123287671233 0.6985470085470086 0.016341659951651894 0.017014245014245016
2 0.7717526188557615 0.2546381766381766 0.0267566478646253 0.010341880341880341
15 0.8060032232070911 0.2648888888888889 0.011595487510072522 0.015310541310541312
