0 0.4428470588235294 0.4196664645239539 0.1193921568627451 0.053086719223771985
11 0.8949882352941175 0.5508671922377198 0.04321176470588235 0.09988477865372954
15 0.7302941176470589 0.45171012734990906 0.03885490196078431 0.04598544572468163
2 0.7029607843137254 0.5114190418435416 0.09547450980392157 0.1293511218920558
0 0.3593921568627451 0.46817465130382047 0.13190588235294118 0.05141297756215889
15 0.4681882352941177 0.5801637355973317 0.0362078431372549 0.05047301394784718
15 0.5676627450980392 0.16755609460278958 0.03823921568627451 0.05387507580351728
11 0.6368666666666667 0.3044390539721043 0.03272156862745098 0.13675560946027895
15 0.48572941176470585 0.24331716191631292 0.037741176470588236 0.0493086719223772
2 0.495913725490196 0.17860521528198908 0.11551372549019608 0.04125530624620982
15 0.4131725490196078 0.5946331109763493 0.03748627450980392 0.05164342025469982
15 0.582078431372549 0.27681625227410556 0.03867450980392157 0.04345057610673136
4 0.3602941176470588 0.5065372953305033 0.1516156862745098 0.026634323832625834
11 0.8980705882352941 0.4521710127349909 0.05967843137254902 0.08755609460278957
2 0.8507607843137255 0.3572043662825955 0.08964313725490196 0.04867798665858095
1 0.41277647058823524 0.6517950272892662 0.0858235294117647 0.027665251667677377
2 0.5668666666666666 0.3711946634323833 0.09567058823529412 0.05177683444511825
7 0.4340901960784314 0.10966646452395391 0.14583137254901962 0.042504548211037
