2 0.372637162776599 0.7186627450980392 0.29546529251288267 0.030568627450980393
15 0.5619975750227342 0.4857019607843137 0.023570779023946654 0.030713725490196075
2 0.9138739011821764 0.32811764705882357 0.07439224007274932 0.060984313725490194
15 0.3606850560775993 0.49685882352941174 0.030078811761139742 0.030886274509803923
15 0.14473476811154895 0.498956862745098 0.03031221582297666 0.034219607843137254
5 0.11230979084571081 0.32930588235294117 0.10430736586844498 0.02316078431372549
15 0.6968990603213095 0.3886313725490196 0.030563807214307365 0.03241960784313726
15 0.8596180660806305 0.2731686274509804 0.030090936647468928 0.03400392156862745
15 0.4253834495301606 0.48927843137254906 0.026404971203394967 0.032368627450980396
0 0.10916944528645044 0.27654509803921573 0.08914822673537437 0.03179607843137255
15 0.5509214913610185 0.6525372549019608 0.023995150045468323 0.02687450980392157
15 0.6373234313428312 0.3383529411764706 0.02264928766292816 0.027262745098039214
15 0.4195483479842376 0.6797725490196078 0.026229160351621705 0.033019607843137254
15 0.25977872082449227 0.32295686274509805 0.028869354349802968 0.029827450980392158
15 0.5436071536829342 0.5557294117647058 0.02815398605638072 0.030584313725490194
2 0.4024067899363443 0.6521607843137255 0.13880266747499242 0.0162078431372549
7 0.49707790239466504 0.7674196078431372 0.10179145195513792 0.019592156862745097
0 0.16776902091542892 0.5538666666666666 0.08916035162170355 0.03090588235294118
2 0.5943831464080024 0.6245333333333333 0.19997878144892392 0.0234078431372549
2 0.4016944528645044 0.6338705882352941 0.13928766292816006 0.015819607843137257
15 0.2020915428917854 0.6660901960784313 0.03330403152470446 0.03691372549019608
2 0.1784177023340406 0.5847725490196078 0.09872082449227039 0.01950588235294118
2 0.39174295240982115 0.3462823529411765 0.0941739921188239 0.08338823529411764
0 0.5895574416489846 0.42496470588235297 0.12616853591997576 0.05473725490196079
0 0.11338890572900878 0.4340745098039216 0.13863291906638375 0.04977254901960784
0 0.7284449833282812 0.5548901960784314 0.06847226432252197 0.05044705882352941
2 0.8794392240072749 0.21976470588235295 0.17137314337678083 0.052721568627450976
2 0.5414034555926038 0.6891607843137254 0.18517126401939982 0.023007843137254902
1 0.2637859957562898 0.29078039215686274 0.09900879054258867 0.018894117647058825
2 0.35358593513185815 0.590392156862745 0.09949681721733859 0.024815686274509804
3 0.5103243407093059 0.13160392156862744 0.07459836314034556 0.019149019607843137
10 0.5669414974234617 0.7370078431372549 0.0974113367687178 0.017552941176470587
15 0.7760866929372537 0.3159019607843137 0.032061230675962414 0.030772549019607843
2 0.2743588966353441 0.5833960784313725 0.08041830857835708 0.015427450980392159
15 0.9139284631706578 0.3803294117647059 0.0355865413761746 0.034
0 0.6576780842679599 0.24700392156862747 0.0833889057290088 0.055945098039215685
