10 0.807258 0.626355 0.049597 0.017684
0 0.915726 0.444381 0.017339 0.043925
15 0.850806 0.371934 0.016532 0.029663
15 0.822984 0.323446 0.020565 0.024529
11 0.784274 0.27895 0.024194 0.071877
2 0.831048 0.225898 0.031855 0.022248
2 0.802419 0.224758 0.023387 0.022248
2 0.82621 0.193383 0.03629 0.022818
2 0.779839 0.193953 0.058065 0.023388
2 0.796774 0.16486 0.090323 0.024529
2 0.805645 0.482031 0.083065 0.034797
2 0.743145 0.485454 0.039113 0.024529
8 0.707661 0.515117 0.016129 0.068454
8 0.674597 0.515687 0.0125 0.071877
0 0.876613 0.424415 0.023387 0.135197
0 0.692339 0.420993 0.020968 0.110097
0 0.658468 0.421563 0.020161 0.089561
2 0.469758 0.431261 0.024194 0.078152
3 0.397177 0.46834 0.029032 0.031945
3 0.400403 0.40445 0.027016 0.031375
2 0.235484 0.488306 0.103226 0.028523
15 0.156048 0.516828 0.017742 0.027382
0 0.148387 0.682259 0.016129 0.053622
0 0.121371 0.681118 0.015726 0.059327
0 0.15121 0.359954 0.015726 0.042784
0 0.118145 0.334284 0.025403 0.096977
0 0.092339 0.362236 0.016532 0.043925
2 0.270161 0.167142 0.042339 0.021107
2 0.218952 0.167142 0.056855 0.022248
2 0.173387 0.168283 0.026613 0.014832
2 0.236694 0.131774 0.103629 0.031945
15 0.456452 0.446092 0.015726 0.023959
15 0.440726 0.439817 0.015323 0.019395
15 0.757258 0.370793 0.017339 0.024529
15 0.718145 0.314318 0.017339 0.024529
15 0.687097 0.27895 0.022581 0.031945
15 0.432661 0.286366 0.022581 0.031945
2 0.518952 0.232173 0.194758 0.03765
