11 0.5180710250201775 0.37852907639680733 0.13472154963680386 0.04034777651083238
12 0.7679176755447942 0.4160148232611175 0.08074253430185634 0.012223489167616876
0 0.2895399515738499 0.49692132269099204 0.03640032284100081 0.016009122006841504
0 0.12132364810330912 0.4910034207525656 0.03732849071832123 0.018112884834663626
11 0.14721549636803874 0.5794355758266819 0.018926553672316385 0.02241733181299886
11 0.42205811138014526 0.50172748004561 0.07770782889426957 0.18888255416191563
12 0.8585068603712672 0.5607354618015964 0.07862792574656982 0.0125769669327252
0 0.2462227602905569 0.49746294184720635 0.034648910411622276 0.008819840364880274
0 0.7647619047619048 0.55212086659065 0.04221146085552865 0.010290763968072976
2 0.640088781275222 0.6118472063854048 0.10523809523809523 0.008283922462941847
2 0.16354317998385795 0.3816647662485747 0.09520581113801452 0.009988597491448118
2 0.16820823244552058 0.36910490307867727 0.10854721549636805 0.009452679589509691
2 0.17124293785310735 0.4323375142531357 0.06348668280871671 0.009492588369441276
1 0.1279903147699758 0.6058152793614595 0.06543987086359968 0.011419612314709237
2 0.9037772397094431 0.46994298745724056 0.08009685230024213 0.01055302166476625
0 0.7452058111380144 0.39602622576966934 0.048845843422114614 0.010114025085518813
