5 0.400866935483871 0.21553907586993723 0.07146370967741936 0.02204221334854535
0 0.4287741935483871 0.4430462065031375 0.01967741935483871 0.07399315459212778
0 0.39723790322580643 0.4403080433542499 0.022076612903225806 0.08084426697090702
2 0.4988024193548387 0.1831945236737022 0.04882258064516129 0.021511694238448374
2 0.691883064516129 0.6137592698231603 0.06519354838709678 0.015025670279520821
2 0.7383508064516129 0.4003422703936109 0.060467741935483876 0.015738733599543638
2 0.4953427419354839 0.21096406160867084 0.058241935483870966 0.019760410724472332
1 0.6661451612903225 0.5901654306902453 0.05575403225806452 0.016959498003422703
15 0.48259677419354835 0.5934112949229892 0.030431451612903226 0.025008556759840275
11 0.7769959677419355 0.4476497432972048 0.02308064516129032 0.03497432972047918
2 0.7091491935483871 0.6432629777524245 0.05605645161290323 0.01746149458071877
4 0.611375 0.5555219623502567 0.07280645161290322 0.019566457501426125
0 0.5476290322580645 0.4754934398174558 0.018721774193548386 0.13320022818026242
2 0.8312338709677419 0.5192584141471762 0.016153225806451614 0.08268111808328579
0 0.3623427419354839 0.4445350827153451 0.01847177419354839 0.22560752994865946
2 0.7126653225806452 0.6712150598973189 0.046721774193548386 0.014723331431831146
2 0.6964153225806451 0.4680376497432972 0.07402016129032257 0.022407301768397034
3 0.7288991935483872 0.4538619509412436 0.027153225806451613 0.03703936109526526
15 0.33907661290322577 0.0722532800912721 0.054951612903225804 0.031095265259555048
