2 0.3295372549019608 0.5566464523953911 0.0629607843137255 0.012546998180715587
0 0.13322745098039215 0.5185567010309279 0.034698039215686274 0.015433596118859914
0 0.1866078431372549 0.5238204972710734 0.05641176470588235 0.020794420861127955
2 0.30446666666666666 0.33155245603396 0.07637254901960784 0.012795633717404489
0 0.43058823529411766 0.5220921770770164 0.054266666666666664 0.025482110369921165
12 0.6546274509803921 0.3475257731958763 0.0833921568627451 0.02036385688295937
2 0.3348745098039215 0.48677380230442696 0.0572235294117647 0.01844147968465737
0 0.6573921568627451 0.3970345664038812 0.03752941176470588 0.015482110369921165
1 0.4019921568627451 0.3424439053972105 0.0524078431372549 0.014742268041237112
1 0.20091764705882353 0.3435779260157671 0.04411764705882353 0.023608247422680414
11 0.8190705882352941 0.41942389326864765 0.12349803921568628 0.19359005457853246
13 0.6330627450980392 0.3262401455427532 0.050666666666666665 0.01845360824742268
0 0.6338470588235294 0.3070527592480291 0.0501921568627451 0.018969072164948454
