3 0.36740392156862745 0.2668587022437841 0.06967450980392156 0.02063068526379624
2 0.6823294117647059 0.25834445118253485 0.07094117647058824 0.015294117647058823
2 0.7823568627450981 0.49021224984839296 0.029631372549019607 0.4108004851425106
2 0.1289843137254902 0.4886234081261371 0.03557647058823529 0.40708914493632503
0 0.46605098039215687 0.4887022437841116 0.039701960784313726 0.037465130382049724
0 0.16691372549019606 0.4185627653123105 0.039172549019607844 0.022328684050939965
3 0.20291764705882356 0.5748999393571862 0.07146274509803921 0.021831412977562158
0 0.43719607843137254 0.41403274711946636 0.035541176470588236 0.034584596725288054
2 0.6789137254901961 0.28083687083080655 0.06217254901960784 0.01400848999393572
0 0.3914549019607843 0.30320800485142513 0.04587450980392157 0.025797453001819282
