1 0.494036488027366 0.16711290322580646 0.0477594070695553 0.017362903225806452
15 0.26285062713797036 0.08145967741935484 0.05375142531356899 0.030701612903225806
2 0.5410775370581528 0.1040483870967742 0.03267958950969213 0.019032258064516132
3 0.50654503990878 0.20213709677419356 0.022160775370581528 0.030846774193548386
5 0.4684321550741163 0.14030645161290323 0.06700114025085518 0.01928225806451613
15 0.600290763968073 0.22978225806451613 0.05923033067274801 0.027822580645161292
0 0.4175712656784492 0.44841129032258065 0.018506271379703534 0.09633870967741935
2 0.5382839224629419 0.1369516129032258 0.032331812998859746 0.01868548387096774
1 0.6628164196123146 0.41151612903225804 0.042166476624857466 0.015629032258064515
2 0.6908380843785633 0.5289112903225807 0.0469327251995439 0.01807258064516129
2 0.69787913340935 0.5879354838709677 0.05033067274800456 0.01946774193548387
0 0.45149942987457237 0.48595967741935486 0.018922462941847205 0.09882258064516129
8 0.42177879133409346 0.17850806451612902 0.08118586088939567 0.020048387096774194
1 0.7982953249714938 0.5266290322580645 0.059578107183580385 0.01635483870967742
1 0.6534606613454961 0.484 0.058625997719498286 0.017346774193548388
2 0.6941733181299885 0.5596854838709677 0.04525085518814139 0.015870967741935485
0 0.38489167616875714 0.4462822580645161 0.018643101482326112 0.2090483870967742
15 0.4910490307867731 0.28882258064516125 0.05118586088939567 0.031185483870967742
2 0.7978335233751426 0.4676209677419355 0.0153363740022805 0.08548387096774193
