15 0.5735233751425314 0.2702736098852604 0.03320410490307868 0.0412180052956752
2 0.6937229190421893 0.17599293909973523 0.08274800456100341 0.033495145631067966
2 0.6505302166476624 0.2296204766107679 0.08118586088939567 0.03470432480141218
1 0.4827309007981756 0.6757546337157988 0.09494868871151653 0.020176522506619592
2 0.6447833523375143 0.6744042365401589 0.06498289623717218 0.017449249779346865
0 0.7984549600912201 0.3540953221535746 0.05111174458380844 0.03222418358340688
0 0.764623717217788 0.4082877316857899 0.04851197263397948 0.03575463371579876
2 0.6886887115165337 0.695207413945278 0.0662884834663626 0.014854368932038833
2 0.6451197263397948 0.6951103265666372 0.07015963511972634 0.01771403353927626
0 0.5688939566704675 0.4133539276257723 0.11366020524515394 0.03848190644307149
2 0.7040193842645381 0.46618711385701683 0.049572405929304446 0.1339629302736099
2 0.6237913340935006 0.4648367166813768 0.050877993158494866 0.3143777581641659
