10 0.42756451612903223 0.5524757558471193 0.07633870967741935 0.026195094124358245
2 0.3793951612903226 0.14792355961209355 0.12523387096774194 0.047153451226468905
15 0.3209516129032258 0.342937820878494 0.02313709677419355 0.026212207644038792
15 0.5872701612903226 0.4571306332002282 0.025754032258064514 0.0251625784369652
2 0.5447540322580645 0.4669652025099829 0.02129032258064516 0.0517626925270964
15 0.23191129032258065 0.22018254420992586 0.026528225806451616 0.030450656018254422
15 0.5684354838709678 0.43540216771249285 0.027108870967741935 0.026155162578436968
15 0.2751935483870968 0.2762350256702795 0.022661290322580647 0.024341129492298916
15 0.3666129032258065 0.3438733599543639 0.02365322580645161 0.0282030804335425
0 0.23476612903225808 0.4130119794637764 0.029721774193548385 0.11276098117512834
0 0.18993951612903226 0.4141642897889332 0.026883064516129034 0.11049629207073587
