15 0.4496842105263158 0.2973774230330673 0.03895546558704453 0.029942987457240593
15 0.4337327935222672 0.3627251995438997 0.036259109311740895 0.028950969213226912
0 0.7149473684210527 0.5455473204104903 0.029449392712550607 0.06565564424173317
0 0.40864777327935226 0.5435119726339795 0.031716599190283405 0.07501710376282783
2 0.5313846153846153 0.2940706955530216 0.11555465587044535 0.01781641961231471
16 0.8909230769230769 0.7215963511972634 0.09364372469635628 0.03933295324971493
2 0.6081781376518218 0.35107183580387685 0.04745748987854251 0.020017103762827823
0 0.3527206477732794 0.5436316989737742 0.02917408906882591 0.0691163055872292
2 0.5359352226720647 0.3272234891676169 0.08736032388663968 0.019270239452679586
15 0.6087287449392712 0.3049315849486887 0.0425748987854251 0.030176738882554163
11 0.6531255060728745 0.38840935005701255 0.02802429149797571 0.06541049030786773
2 0.6115708502024291 0.3272234891676169 0.04704453441295547 0.018922462941847205
