2 0.680784 0.258338 0.038431 0.087932
2 0.642353 0.293511 0.030588 0.056398
2 0.649412 0.368708 0.056471 0.098241
2 0.596863 0.365676 0.037647 0.100061
15 0.614902 0.322013 0.025882 0.019406
15 0.573333 0.311704 0.036078 0.019406
15 0.569412 0.408126 0.025098 0.020619
15 0.658824 0.328078 0.029804 0.023651
2 0.680784 0.476653 0.021961 0.280776
7 0.746667 0.622195 0.127843 0.017586
15 0.639216 0.625834 0.038431 0.023651
2 0.552157 0.836871 0.110588 0.072771
2 0.435294 0.906004 0.040784 0.084294
15 0.47451 0.929654 0.027451 0.023651
15 0.447843 0.911461 0.029804 0.022438
15 0.513725 0.867192 0.031373 0.023044
0 0.414902 0.817465 0.128627 0.028502
0 0.483137 0.776834 0.130196 0.027896
0 0.54902 0.742874 0.094118 0.016374
0 0.65098 0.709521 0.118431 0.024257
0 0.721569 0.674348 0.112941 0.027289
15 0.337255 0.692541 0.030588 0.029109
15 0.288627 0.705882 0.03451 0.032747
15 0.47451 0.676167 0.027451 0.021831
15 0.512941 0.646452 0.028235 0.018799
15 0.572549 0.442086 0.027451 0.027896
2 0.593725 0.521528 0.027451 0.18678
8 0.476863 0.537902 0.024314 0.093996
3 0.441569 0.543966 0.018039 0.032747
10 0.418039 0.522741 0.024314 0.093996
10 0.32549 0.523347 0.023529 0.095816
15 0.283922 0.462705 0.035294 0.024257
15 0.232157 0.455428 0.030588 0.023651
15 0.268235 0.491207 0.030588 0.020619
2 0.249412 0.508793 0.047059 0.084294
11 0.192157 0.469982 0.026667 0.049727
2 0.171765 0.46695 0.039216 0.088539
15 0.236863 0.377805 0.030588 0.018799
11 0.260392 0.346877 0.02902 0.107944
2 0.128627 0.411158 0.03451 0.075197
2 0.17098 0.355367 0.039216 0.081868
2 0.086275 0.355367 0.030588 0.103093
10 0.140392 0.257732 0.023529 0.09339
15 0.227451 0.294724 0.03451 0.020619
10 0.293333 0.243784 0.025098 0.096422
11 0.356078 0.324439 0.057255 0.024864
11 0.407059 0.273499 0.058039 0.032141
15 0.472941 0.275925 0.025882 0.019406
15 0.411765 0.295937 0.022745 0.017586
15 0.366275 0.28866 0.025882 0.017586
15 0.387451 0.263796 0.030588 0.020619
15 0.423529 0.226804 0.027451 0.022438
8 0.38902 0.191631 0.022745 0.099454
15 0.384314 0.120679 0.02902 0.021225
0 0.562353 0.245603 0.110588 0.030928
0 0.51451 0.211037 0.097255 0.019406
0 0.507451 0.172832 0.105882 0.021831
0 0.499608 0.134627 0.12 0.027289
0 0.467451 0.09339 0.120784 0.030321
0 0.47451 0.052153 0.113725 0.021225
