2 0.11126098817823583 0.12608627450980392 0.091415580478933 0.10889019607843138
11 0.8546286753561686 0.46391764705882355 0.1244164898454077 0.24549019607843137
0 0.1049378599575629 0.536278431372549 0.09393755683540467 0.028019607843137256
0 0.6437435586541377 0.4653843137254902 0.051694452864504394 0.026792156862745095
0 0.10331312518945135 0.4971137254901961 0.0974052743255532 0.03144705882352941
7 0.5195271294331616 0.6949019607843138 0.09911185207638679 0.016733333333333333
0 0.29123976962715975 0.4972549019607843 0.14098211579266445 0.051243137254901955
2 0.5003546529251288 0.3198313725490196 0.09423764777205214 0.026639215686274514
2 0.4417581085177326 0.21313725490196078 0.0881842982722037 0.022596078431372547
2 0.2423673840557745 0.24364313725490194 0.08231282206729312 0.026117647058823527
2 0.4952894816611094 0.6640705882352942 0.08916641406486815 0.026615686274509807
2 0.387535616853592 0.24350980392156865 0.09486511063958775 0.027596078431372552
3 0.3531221582297666 0.3674823529411765 0.03461351924825705 0.023031372549019605
0 0.5132858441952106 0.47446274509803926 0.046977872082449225 0.026101960784313726
15 0.3359927250682025 0.5631647058823529 0.026644437708396484 0.027823529411764705
11 0.8875113670809336 0.5385176470588235 0.021133676871779326 0.06326666666666667
1 0.32421036677781145 0.6444549019607843 0.05809639284631706 0.02700392156862745
2 0.484104274022431 0.2808078431372549 0.09147014246741436 0.026105882352941173
8 0.5787632615944225 0.551564705882353 0.09305547135495605 0.018286274509803923
2 0.11292209760533495 0.24552549019607844 0.0927462867535617 0.02287450980392157
0 0.5785268263110033 0.5270588235294118 0.09010609275538041 0.027529411764705882
15 0.17540163685965443 0.17682745098039215 0.02497423461655047 0.02676078431372549
0 0.2658260078811761 0.7156705882352942 0.04135495604728706 0.029235294117647057
