2 0.631855 0.193383 0.153226 0.032516
2 0.419355 0.37992 0.018145 0.092413
0 0.444758 0.400456 0.017339 0.038791
0 0.468548 0.40559 0.013306 0.06389
2 0.318952 0.638334 0.076613 0.0251
2 0.32621 0.604107 0.060484 0.02567
2 0.276613 0.602396 0.040323 0.023959
2 0.279032 0.564176 0.03629 0.026811
11 0.320161 0.529378 0.026613 0.078152
3 0.380645 0.504849 0.024597 0.03822
3 0.36129 0.450086 0.029839 0.03765
0 0.217742 0.402738 0.014113 0.086138
6 0.191129 0.422704 0.014919 0.062179
0 0.166532 0.403309 0.015323 0.05077
2 0.349194 0.228751 0.020565 0.024529
2 0.309677 0.229321 0.06129 0.029093
2 0.380242 0.187678 0.040323 0.030804
2 0.353629 0.190531 0.012097 0.027952
2 0.312903 0.192812 0.068952 0.027952
2 0.330242 0.157444 0.104435 0.027952
