2 0.5446820644425435 0.2704879032258064 0.051228970630168236 0.012862903225806452
2 0.5038494439692045 0.24001209677419355 0.06851725121186199 0.012649193548387097
0 0.5817336755061306 0.43098790322580643 0.02793270601653835 0.023116935483870966
0 0.4720017108639863 0.440616935483871 0.027351012261191902 0.022145161290322582
0 0.8626461362988309 0.27591532258064516 0.028850869689193044 0.014419354838709677
0 0.6749957228400342 0.25954032258064513 0.024365554605075564 0.012173387096774194
15 0.5474165953806672 0.6397137096774194 0.01724265754205874 0.018923387096774193
5 0.4712945537496436 0.4624435483870967 0.043632734530938126 0.018576612903225806
12 0.09688622754491018 0.6528629032258064 0.07459937268320502 0.01725
0 0.10556601083547192 0.6376048387096774 0.04691759338465925 0.015923387096774193
