16 0.811837748344371 0.6542702394526796 0.3102897350993377 0.05591220068415051
15 0.6220860927152319 0.1578392246294185 0.054685430463576164 0.05330102622576967
2 0.44797185430463576 0.15986316989737742 0.09144039735099337 0.023842645381984037
15 0.3678476821192053 0.1302793614595211 0.057499999999999996 0.059338654503990874
2 0.4966887417218543 0.11673318129988597 0.19257450331125828 0.02411060433295325
2 0.4525827814569537 0.20733181299885978 0.08158940397350993 0.02187571265678449
0 0.15581953642384105 0.4246408209806158 0.023385761589403975 0.03605473204104903
0 0.23968543046357618 0.4250399087799316 0.023004966887417218 0.033893956670467504
0 0.32068708609271523 0.4256442417331813 0.029048013245033116 0.061265678449258835
15 0.5055132450331126 0.5338312428734322 0.10717715231788079 0.05098631698973775
1 0.48175496688741726 0.6407525655644243 0.16353476821192053 0.02587229190421893
