1 0.734902 0.477259 0.070196 0.027289
0 0.862353 0.453608 0.092941 0.036992
0 0.92902 0.413584 0.064314 0.044269
15 0.92902 0.336568 0.034902 0.043663
2 0.827843 0.278957 0.125882 0.022438
7 0.736863 0.241965 0.117255 0.03396
12 0.273725 0.62826 0.131373 0.027896
0 0.24549 0.579745 0.061961 0.041237
0 0.316471 0.530625 0.061569 0.043056
12 0.284314 0.421468 0.128235 0.027289
13 0.249804 0.367495 0.063529 0.02547
2 0.571373 0.460885 0.047843 0.091571
11 0.48549 0.319588 0.063137 0.036386
11 0.500392 0.298363 0.093725 0.078836
