3 0.2361 0.156695 0.016116 0.021652
3 0.210314 0.157835 0.018533 0.021083
2 0.186543 0.128205 0.021354 0.023932
2 0.260677 0.128205 0.029009 0.019943
2 0.224013 0.128775 0.048348 0.019373
2 0.236503 0.104274 0.080983 0.026211
0 0.132554 0.282051 0.026591 0.080342
0 0.166801 0.304843 0.016922 0.036467
0 0.106769 0.296296 0.017728 0.05641
15 0.231265 0.525926 0.014907 0.021083
2 0.234488 0.482051 0.077357 0.033048
2 0.27921 0.505413 0.050363 0.019943
2 0.192587 0.505983 0.044319 0.018803
0 0.168815 0.668946 0.021354 0.030199
0 0.138598 0.660969 0.02216 0.054701
2 0.410556 0.375499 0.021354 0.071795
15 0.430701 0.390883 0.016116 0.022222
15 0.445608 0.386325 0.015713 0.019943
3 0.512893 0.403989 0.028606 0.035328
2 0.56245 0.555556 0.1805 0.050712
10 0.811845 0.62963 0.034649 0.019373
2 0.812651 0.565242 0.058421 0.034758
2 0.768735 0.569231 0.031829 0.022792
3 0.766317 0.488319 0.026189 0.02735
8 0.899678 0.451282 0.013699 0.060399
8 0.732071 0.452422 0.013296 0.058689
8 0.698227 0.451852 0.012893 0.062678
0 0.682111 0.37208 0.026189 0.091738
0 0.715955 0.368661 0.021354 0.096296
0 0.9166 0.380057 0.024577 0.067806
0 0.883159 0.37094 0.022965 0.105983
11 0.799758 0.235328 0.029815 0.078063
15 0.776793 0.325356 0.014907 0.023932
15 0.86382 0.288319 0.01531 0.021652
15 0.752216 0.279202 0.016116 0.021083
15 0.707091 0.244444 0.016116 0.023362
15 0.848106 0.204558 0.016116 0.023932
15 0.764706 0.203419 0.015713 0.022222
2 0.834811 0.176638 0.012087 0.018803
2 0.823127 0.177778 0.011281 0.016524
2 0.794923 0.176638 0.049154 0.014815
2 0.806205 0.148718 0.069702 0.02963
