5 0.5313225806451614 0.570656018254421 0.05147177419354839 0.022618368511123785
15 0.1194233870967742 0.43430119794637767 0.026737903225806454 0.02905875641756988
1 0.45360080645161294 0.22196805476326298 0.025286290322580646 0.01347404449515117
0 0.5332540322580646 0.3263491158014832 0.017141129032258062 0.06758699372504279
2 0.30974999999999997 0.5671876782658299 0.3693427419354839 0.019982886480319453
1 0.15878225806451612 0.22135767256132347 0.027608870967741936 0.012612664004563606
15 0.5019556451612903 0.3912778094694809 0.023685483870967743 0.032920707358813465
0 0.5552701612903226 0.32779235596120937 0.015387096774193547 0.027837992013690815
1 0.4706129032258064 0.5350598973188819 0.03226612903225806 0.01585282373074729
2 0.9147741935483871 0.3253451226468911 0.020943548387096774 0.08522532800912722
0 0.5077782258064516 0.2954592127780947 0.013895161290322582 0.029281232173416997
3 0.6121451612903225 0.10128351397604107 0.023189516129032257 0.023930405019965774
2 0.14505241935483873 0.535185396463206 0.04486693548387097 0.015288077581289219
2 0.4809596774193548 0.35228750713063317 0.052866935483870975 0.013844837421563035
10 0.3098790322580645 0.5825270964061608 0.03875 0.021266400456360527
3 0.17600000000000002 0.3581517398745009 0.014318548387096773 0.014358243011979464
3 0.17600000000000002 0.28802624073017685 0.014318548387096773 0.015242441528807757
2 0.14658870967741935 0.41409013120365085 0.025419354838709676 0.015442099258414147
0 0.08986290322580645 0.32907016543069023 0.013588709677419356 0.0788533941814033
8 0.10323790322580643 0.32544209925841416 0.015169354838709676 0.08083285795778665
15 0.6898790322580646 0.23845407872219052 0.019346774193548386 0.041386195094124355
