11 0.4596842105263158 0.6977137970353477 0.060008097165991904 0.027502850627137972
2 0.21391902834008097 0.6371379703534777 0.018 0.09478905359179018
3 0.6901457489878543 0.6626738882554162 0.029392712550607287 0.02615165336374002
0 0.5428421052631579 0.7145952109464082 0.044639676113360324 0.019954389965792473
2 0.2479514170040486 0.6449144811858609 0.01874493927125506 0.077884834663626
2 0.3526315789473684 0.6665279361459521 0.016210526315789474 0.07629418472063854
0 0.5455060728744939 0.558369441277081 0.06194331983805668 0.02225769669327252
15 0.804995951417004 0.7845610034207525 0.03782186234817814 0.03553591790193843
2 0.7405425101214576 0.6010262257696694 0.033959514170040485 0.0762998859749145
2 0.32017004048583 0.5999771949828961 0.017595141700404857 0.07606043329532497
0 0.5429392712550607 0.7880330672748005 0.0428582995951417 0.019384264538198404
0 0.5477085020242914 0.5013055872291904 0.09058299595141701 0.029007981755986317
0 0.5501943319838056 0.5364652223489168 0.08639676113360324 0.02283352337514253
0 0.5324291497975708 0.7636716077537058 0.0531336032388664 0.019156214367160775
0 0.5628987854251012 0.7408779931584949 0.08265587044534413 0.026567844925883696
2 0.2893279352226721 0.6139623717217788 0.016663967611336032 0.06985176738882554
1 0.5739109311740891 0.6202451539338655 0.02604858299595142 0.04509692132269099
2 0.7769473684210526 0.656533637400228 0.03204048582995951 0.07986887115165336
2 0.3446558704453441 0.5741277080957811 0.022704453441295545 0.027542759407069555
3 0.5122186234817814 0.6214766248574686 0.027392712550607285 0.03312998859749145
0 0.5367773279352226 0.48452679589509695 0.04751417004048583 0.019304446978335235
1 0.3821862348178138 0.5608209806157355 0.018105263157894735 0.03719498289623717
2 0.3452793522267207 0.6218757126567844 0.024008097165991903 0.11883124287343216
2 0.4551336032388664 0.5662941847206385 0.08356275303643725 0.019885974914481186
2 0.00725506072874494 0.4418814139110604 0.014502024291497976 0.021322690992018244
