0 0.772397 0.477195 0.017756 0.026226
2 0.257466 0.644242 0.020985 0.051311
0 0.251009 0.604903 0.029863 0.011973
0 0.508475 0.579818 0.059726 0.019954
11 0.453592 0.594071 0.031477 0.015393
15 0.481033 0.609464 0.029863 0.023375
2 0.909605 0.676739 0.021792 0.101482
2 0.869249 0.620867 0.017756 0.038198
2 0.871671 0.658495 0.017756 0.033067
11 0.832123 0.705245 0.033091 0.035348
2 0.870864 0.72634 0.016142 0.039909
15 0.833737 0.735462 0.032284 0.019384
15 0.740113 0.767389 0.03632 0.027366
0 0.656981 0.840935 0.037934 0.010832
0 0.640032 0.813569 0.033898 0.011973
0 0.603713 0.787913 0.039548 0.015393
0 0.589185 0.758837 0.029863 0.011973
2 0.412429 0.690422 0.017756 0.071836
2 0.498789 0.700114 0.022599 0.055302
2 0.581114 0.688712 0.022599 0.079247
2 0.5682 0.617446 0.017756 0.048461
11 0.650525 0.601482 0.048426 0.018814
0 0.603713 0.557013 0.045198 0.015393
0 0.676352 0.523375 0.037127 0.009692
0 0.693301 0.302737 0.038741 0.018814
