7 0.42143145161290324 0.17867084997147745 0.06083467741935484 0.019714774671990874
3 0.9066854838709677 0.6702053622361666 0.029048387096774195 0.028254420992584142
0 0.539008064516129 0.40046776953793495 0.0260241935483871 0.117906446092413
2 0.27481451612903224 0.2834626354820308 0.02531451612903226 0.019566457501426125
2 0.24578629032258062 0.10236737022247575 0.053669354838709674 0.02468339988590987
2 0.24423387096774196 0.4293325727324586 0.05547580645161291 0.02609811751283514
2 0.8834032258064517 0.6146491728465487 0.06814112903225807 0.024227039361095264
8 0.4245403225806451 0.5104449515116942 0.016782258064516126 0.07466628636622931
15 0.4330040322580645 0.2361380490587564 0.01919758064516129 0.021340559041642896
0 0.17406451612903226 0.2637478608100399 0.028298387096774198 0.07571021106674272
0 0.3006532258064516 0.27462635482030806 0.027818548387096773 0.07468910439247005
2 0.8135685483870968 0.6767370222475756 0.017903225806451612 0.08205362236166572
2 0.24343145161290325 0.28246434683399885 0.0346491935483871 0.01963491158014832
2 0.21332258064516127 0.2827153451226469 0.026560483870967745 0.01875071306332002
0 0.5689314516129033 0.4213690815744438 0.017346774193548388 0.04164289788933257
2 0.4860040322580645 0.11741585852823731 0.047887096774193554 0.024398174557900745
0 0.1477782258064516 0.290188248716486 0.01895967741935484 0.04329720479178551
0 0.14508870967741935 0.672652595550485 0.025036290322580645 0.05800342270393612
15 0.1976209677419355 0.5117855105533371 0.021443548387096775 0.02256132344552196
15 0.5924354838709678 0.2298003422703936 0.01863709677419355 0.020661722760981174
0 0.600149193548387 0.42499714774671987 0.01888306451612903 0.0455561893896178
0 0.40650806451612903 0.397843696520251 0.02663709677419355 0.11499714774671992
0 0.18148790322580644 0.6623844837421563 0.02375 0.05362236166571591
2 0.49934677419354845 0.15996006845407873 0.030524193548387098 0.018060467769537934
2 0.4709274193548387 0.15994295493439817 0.02479435483870968 0.019110096976611524
11 0.4815846774193548 0.6558528237307473 0.036931451612903225 0.04036508841985169
2 0.5001249999999999 0.1974557900741586 0.033169354838709676 0.020262407301768398
15 0.5316572580645161 0.2732686822589846 0.01885887096774194 0.019435253850541928
15 0.4851169354838709 0.6231374786081003 0.018 0.014523673702224758
2 0.4763548387096774 0.19775812892184827 0.015467741935483871 0.018043354249857386
15 0.47681854838709675 0.2200741585852824 0.015068548387096772 0.023673702224757558
