2 0.517508551881414 0.6776271186440679 0.048677309007981756 0.022962066182405164
8 0.48630558722919043 0.07502824858757062 0.0660091220068415 0.019846650524616625
2 0.7159977194982896 0.13300242130750606 0.033523375142531356 0.01360774818401937
1 0.9144640820980616 0.13150121065375303 0.027291904218928163 0.013527037933817597
1 0.5649486887115165 0.5799838579499597 0.027605473204104905 0.020387409200968525
1 0.8484549600912201 0.1335673930589185 0.031567844925883694 0.011743341404358353
1 0.46899087799315853 0.5802986279257466 0.02508551881413911 0.02053268765133172
2 0.7817559863169897 0.133954802259887 0.03219498289623717 0.012324455205811137
15 0.934811858608894 0.7276513317191283 0.03930444697833523 0.04653753026634382
0 0.5896921322690991 0.38340597255851494 0.01127708095781072 0.035117029862792574
0 0.6133751425313568 0.38117029862792573 0.00992018244013683 0.03830508474576271
