2 0.18105473204104902 0.37043951612903225 0.12758836944127708 0.01638709677419355
15 0.44112884834663624 0.4835120967741935 0.05431584948688711 0.015814516129032258
0 0.39484036488027363 0.44436693548387096 0.01596921322690992 0.0721008064516129
2 0.10826681870011402 0.4620322580645161 0.01736031927023945 0.06306854838709677
15 0.4430900798175598 0.42188709677419356 0.053204104903078676 0.016330645161290323
0 0.36809007981755987 0.4634354838709677 0.010718358038768529 0.020987903225806452
15 0.460478905359179 0.386741935483871 0.019811858608893958 0.037258064516129036
2 0.5665906499429875 0.531008064516129 0.19538768529076395 0.012358870967741934
2 0.67057582668187 0.40038709677419354 0.2401425313568985 0.012056451612903226
3 0.2969897377423033 0.42278225806451614 0.055245153933865455 0.010939516129032257
15 0.15647662485746863 0.4430241935483871 0.050336374002280505 0.013947580645161292
2 0.6691277080957811 0.3863629032258064 0.39927594070695555 0.011076612903225806
2 0.6709806157354619 0.40998790322580647 0.03805587229190422 0.010689516129032258
0 0.3790478905359179 0.5499758064516129 0.013848346636259976 0.035250000000000004
1 0.5908266818700114 0.41375403225806445 0.03541619156214367 0.01025
3 0.2947434435575827 0.36662903225806454 0.0519327251995439 0.013935483870967743
15 0.8788825541619156 0.41282258064516125 0.023118586088939564 0.04387903225806451
2 0.510769669327252 0.40103629032258065 0.07594640820980617 0.010806451612903226
1 0.9196636259977194 0.4503266129032258 0.042605473204104904 0.007205645161290323
