0 0.150403 0.684541 0.021371 0.052481
0 0.122984 0.685682 0.021371 0.067313
15 0.158065 0.524244 0.021371 0.030234
2 0.252419 0.497433 0.135484 0.033657
10 0.798387 0.617228 0.047581 0.016543
11 0.789516 0.288078 0.025806 0.065602
2 0.831855 0.225898 0.029435 0.018825
2 0.804839 0.22761 0.027823 0.017114
2 0.827823 0.186537 0.033468 0.018254
2 0.770565 0.187678 0.080242 0.021677
2 0.794758 0.147747 0.134274 0.027382
2 0.797581 0.483172 0.094355 0.029663
2 0.740323 0.487735 0.018548 0.026241
8 0.696371 0.515687 0.014516 0.069595
8 0.664516 0.514546 0.014113 0.067313
0 0.91371 0.446663 0.015726 0.040502
0 0.875806 0.422133 0.022177 0.12664
0 0.681048 0.424986 0.020161 0.106674
0 0.648387 0.428408 0.022984 0.087849
15 0.852419 0.377638 0.018952 0.0251
15 0.804032 0.331432 0.019355 0.023388
15 0.742742 0.378209 0.018145 0.023959
15 0.700806 0.318882 0.018952 0.024529
15 0.675 0.289218 0.016129 0.024529
3 0.394355 0.477467 0.022581 0.029663
3 0.39879 0.409584 0.02379 0.024529
2 0.46371 0.435824 0.022177 0.081004
2 0.512903 0.248716 0.189113 0.030234
15 0.452016 0.450086 0.014516 0.022248
15 0.438306 0.443811 0.014919 0.021107
15 0.427823 0.310896 0.019758 0.027952
0 0.150403 0.32858 0.014919 0.040502
0 0.118548 0.313177 0.021774 0.091843
0 0.094758 0.32858 0.01371 0.041072
2 0.287097 0.144324 0.042742 0.014832
2 0.227419 0.145465 0.079839 0.017114
2 0.173387 0.144894 0.031452 0.015973
2 0.244758 0.112949 0.124194 0.030804
