2 0.569007 0.887115 0.361582 0.035348
2 0.80791 0.713797 0.042776 0.079247
0 0.569814 0.404219 0.058918 0.022805
0 0.569814 0.377423 0.096852 0.021665
0 0.5682 0.344356 0.1477 0.04333
2 0.251009 0.250855 0.03067 0.118586
2 0.280065 0.312429 0.032284 0.078677
2 0.304278 0.258267 0.028249 0.074686
2 0.337369 0.254846 0.032284 0.069555
0 0.580307 0.233181 0.163842 0.023945
0 0.572236 0.215507 0.05569 0.019954
0 0.572236 0.199544 0.064568 0.019384
0 0.569007 0.18301 0.076675 0.018814
0 0.569814 0.164766 0.062954 0.019954
