12 0.3503274509803922 0.7229524098211579 0.07405098039215686 0.013473779933313126
2 0.7317470588235294 0.6791391330706275 0.08734509803921568 0.0210397090027281
0 0.395043137254902 0.45412549257350715 0.03385294117647059 0.018099424067899363
0 0.8591078431372549 0.4645256138223704 0.033319607843137256 0.01317065777508336
2 0.48879803921568626 0.7428826917247651 0.07097254901960784 0.02109123976962716
2 0.7377431372549019 0.6210366777811459 0.08060588235294117 0.026029099727190058
0 0.9021254901960785 0.48892694755986665 0.02898235294117647 0.019969687784177022
2 0.5775450980392157 0.6790391027584116 0.058596078431372545 0.018254016368596544
4 0.9472196078431372 0.4723188845104577 0.066 0.01332525007578054
2 0.4495490196078431 0.7138344953016066 0.04569803921568628 0.01968778417702334
7 0.6638843137254902 0.1883358593513186 0.06506078431372549 0.015750227341618673
0 0.9475411764705882 0.4538708699605941 0.05322745098039215 0.020315247044558955
2 0.6755666666666666 0.7145771445892695 0.2022450980392157 0.018281297362837224
15 0.4742294117647059 0.523379812064262 0.018570588235294117 0.02152773567747802
2 0.1788313725490196 0.032455289481661105 0.04044901960784313 0.010151561079114885
4 0.8129686274509804 0.4850560775992725 0.06811960784313725 0.01570172779630191
2 0.6314549019607844 0.6739345256138224 0.060909803921568625 0.014877235525916944
2 0.11423137254901962 0.7357047590178842 0.056027450980392156 0.02367990300090937
2 0.26318431372549017 0.8854410427402244 0.020394117647058823 0.09026371627765989
15 0.7839588235294118 0.5211276144286148 0.015566666666666666 0.023734464989390722
4 0.5217039215686274 0.4900697180963928 0.06434901960784314 0.013379812064261897
0 0.4262450980392157 0.489827220369809 0.029031372549019607 0.020278872385571387
15 0.2632470588235294 0.8254895422855411 0.0151921568627451 0.02383146408002425
2 0.6032000000000001 0.2293725371324644 0.05598823529411765 0.01628675356168536
2 0.6453098039215686 0.2568657168839042 0.03808039215686275 0.020030312215822976
2 0.7344901960784314 0.5974355865413762 0.06515686274509803 0.020821461048802666
3 0.23036078431372548 0.788463170657775 0.04046078431372549 0.023122158229766595
2 0.6550235294117647 0.5026129130039405 0.05417843137254902 0.011806608063049409
2 0.6588901960784314 0.5133494998484389 0.055611764705882354 0.012682631100333436
2 0.6601568627450981 0.3002697787208245 0.05686470588235294 0.02205213701121552
4 0.9030862745098038 0.5063685965444074 0.06770196078431372 0.011918763261594422
2 0.15290784313725492 0.06488329796908154 0.03403725490196079 0.012494695362230978
2 0.6657176470588235 0.36998181267050617 0.06874901960784313 0.009930281903607154
0 0.21992745098039218 0.1353379812064262 0.022011764705882356 0.016926341315550167
15 0.21749019607843137 0.8674507426492876 0.012815686274509804 0.021946044255835104
2 0.18596078431372548 0.7361351924825705 0.06097450980392157 0.02054865110639588
15 0.9031588235294117 0.388981509548348 0.017374509803921568 0.02066080630494089
0 0.3256862745098039 0.6730433464686268 0.027511764705882354 0.013185813882994847
10 0.6067019607843137 0.1679387693240376 0.06212156862745098 0.014980297059715066
15 0.9513176470588236 0.3789390724461958 0.021584313725490197 0.01919975750227342
0 0.08060392156862745 0.10820854804486209 0.027198039215686275 0.012252197635647166
2 0.23535098039215685 0.8878266141254926 0.018511764705882353 0.0732343134283116
1 0.8206431372549019 0.6118702637162776 0.04771960784313726 0.014798423764777205
15 0.42765882352941176 0.38262806911185204 0.017237254901960784 0.018657168839042133
0 0.5545176470588236 0.8061594422552288 0.06014313725490197 0.02083055471354956
0 0.39581960784313724 0.32396180660806306 0.010525490196078431 0.02788117611397393
0 0.060139215686274505 0.07866626250378903 0.01570980392156863 0.01002424977265838
4 0.556849019607843 0.8232434070930585 0.06535686274509804 0.01733858745074265
0 0.09225686274509803 0.08241588360109124 0.013031372549019607 0.017999393755683542
3 0.5399411764705881 0.5464261897544711 0.03771372549019608 0.016874810548651108
0 0.811807843137255 0.47239769627159744 0.015441176470588236 0.013152470445589573
15 0.5955607843137255 0.25201273113064565 0.017241176470588235 0.02860866929372537
15 0.5682588235294117 0.222494695362231 0.016854901960784312 0.02401333737496211
15 0.6388470588235294 0.22560775992725068 0.016060784313725488 0.026780842679599876
3 0.4293862745098039 0.9206304940891179 0.04429019607843137 0.02394361927856926
1 0.5202901960784314 0.8979872688693543 0.037735294117647054 0.013213094877235527
3 0.5161274509803921 0.8717126401939982 0.021025490196078432 0.02633828432858442
15 0.5554745098039215 0.8655319793876932 0.01476078431372549 0.02348287359806002
15 0.14681764705882352 0.7524249772658381 0.014054901960784315 0.01781752046074568
15 0.14832745098039216 0.7753349499848439 0.013719607843137254 0.019360412246135193
1 0.22238823529411766 0.9506062443164596 0.03887843137254902 0.020815398605638073
0 0.3315254901960784 0.6931282206729312 0.019601960784313727 0.011342831160957866
15 0.5450039215686274 0.5154228554107305 0.015617647058823531 0.02057290087905426
