15 0.41854589764419176 0.3618072976054732 0.03836718115353371 0.029247434435575825
15 0.4529325751421608 0.2953078677309008 0.03826969943135662 0.03157354618015964
0 0.35727051177904146 0.543945267958951 0.03181153533712429 0.0682782212086659
0 0.7242242079610073 0.546242873432155 0.03039805036555646 0.05853477765108324
2 0.5370024370430544 0.2939281641961231 0.11454102355808286 0.01773660205245154
2 0.6267668562144597 0.35072405929304445 0.06206336311941511 0.02023375142531357
0 0.417051177904143 0.5423717217787913 0.027595450852965067 0.07314139110604333
15 0.6131681559707555 0.3074800456100342 0.041153533712428914 0.03656784492588369
16 0.8973192526401299 0.7257810718358039 0.0953208773354996 0.038848346636259974
15 0.6497481722177092 0.3955017103762828 0.04354183590576767 0.06441277080957811
2 0.5296100731112917 0.3240307867730901 0.09202274573517466 0.023905359179019384
