6 0.900806 0.414147 0.018548 0.026241
7 0.615323 0.452938 0.009274 0.055334
0 0.623387 0.374786 0.015726 0.067313
0 0.604435 0.378779 0.017339 0.06275
7 0.499597 0.451226 0.010484 0.055904
0 0.48871 0.381631 0.017742 0.0502
0 0.466935 0.372504 0.020161 0.071306
15 0.6 0.211067 0.010081 0.014832
15 0.520565 0.262407 0.011694 0.016543
3 0.511694 0.160867 0.016935 0.011409
15 0.5 0.18939 0.0125 0.014832
15 0.568548 0.142042 0.009677 0.01312
15 0.538306 0.142613 0.010081 0.013691
2 0.55121 0.144324 0.010887 0.034227
2 0.569355 0.106674 0.017742 0.014832
2 0.553629 0.106104 0.014919 0.013691
2 0.5375 0.106674 0.015323 0.014261
2 0.519758 0.106674 0.020565 0.017114
2 0.551613 0.086708 0.052419 0.018254
0 0.22379 0.684541 0.009677 0.03765
0 0.202823 0.688534 0.010887 0.029663
15 0.239113 0.554478 0.012097 0.017684
2 0.280242 0.476326 0.052823 0.015402
0 0.332258 0.309755 0.015323 0.051911
0 0.220968 0.310325 0.016129 0.052481
0 0.204839 0.321164 0.011694 0.029093
2 0.310081 0.272675 0.018952 0.016543
2 0.253629 0.270964 0.018548 0.016543
2 0.281855 0.272105 0.037097 0.016543
2 0.281452 0.108386 0.057258 0.019966
