3 0.28245967741935485 0.143719338277239 0.039588709677419356 0.017592698231602966
3 0.2857096774193548 0.08293211637193383 0.03776612903225806 0.01551625784369652
2 0.21570967741935484 0.053114660581859666 0.10598387096774192 0.01984597832287507
15 0.40673387096774194 0.1459498003422704 0.04006451612903226 0.03507701083856247
11 0.6350806451612904 0.30531089560752994 0.049524193548387094 0.031796919566457506
15 0.12545161290322582 0.09916143753565318 0.04337903225806451 0.038841985168282946
3 0.12030645161290324 0.05753565316600114 0.03842741935483871 0.018111808328579577
2 0.4154274193548387 0.2077467199087279 0.0915 0.016999429549343983
0 0.5448306451612903 0.4890416428978893 0.04931451612903226 0.017358813462635483
2 0.07612096774193548 0.08926982316029664 0.025774193548387097 0.08977752424415288
3 0.27683870967741936 0.16658870507701082 0.03975806451612903 0.018402738163148885
2 0.8074032258064515 0.22250998288648033 0.024580645161290323 0.24189389617798063
15 0.3683548387096774 0.442156303479749 0.042943548387096776 0.03576155162578437
0 0.5392177419354839 0.5118539646320593 0.06554032258064516 0.01724472333143183
15 0.33842741935483867 0.39057615516257843 0.038879032258064515 0.032601254991443236
2 0.499008064516129 0.413342840844267 0.021258064516129032 0.05239018824871649
2 0.0735725806451613 0.1641129492298916 0.02168548387096774 0.0565031374786081
2 0.790008064516129 0.39147746719908727 0.020879032258064516 0.051511694238448376
0 0.5418548387096774 0.449218482601255 0.0529758064516129 0.018613804905875643
15 0.15458870967741936 0.10625784369652026 0.033185483870967744 0.03452367370222476
2 0.20881451612903226 0.3955276668568169 0.018862903225806454 0.046714204221334855
2 0.8544596774193548 0.25524244152880776 0.02529032258064516 0.31364517969195665
15 0.7267983870967742 0.4874215630347975 0.04379032258064516 0.030439247005134056
2 0.23058064516129034 0.4279806046776954 0.021443548387096775 0.046155162578436965
8 0.3487983870967742 0.05731888191671421 0.10288709677419355 0.020929834569309753
1 0.48533064516129026 0.08532230462065031 0.04141935483870968 0.014786081003993156
1 0.2888467741935484 0.3384312606959498 0.018008064516129033 0.03233314318311466
2 0.1783225806451613 0.21325156873930404 0.07277419354838709 0.021973759269823163
2 0.26333870967741935 0.390125499144324 0.020161290322580645 0.03208784940102681
16 0.8447177419354839 0.6591842555618939 0.16247580645161291 0.048887621220764406
5 0.23761290322580644 0.3277410154021677 0.026935483870967742 0.07609241300627495
0 0.5386774193548387 0.052087849401026814 0.057701612903225806 0.01488876212207644
2 0.9043870967741936 0.25952082144894467 0.02870967741935484 0.32037649743297203
1 0.6191129032258065 0.4372903593839133 0.017362903225806452 0.03136908157444381
2 0.4990645161290323 0.2447119224187108 0.02490322580645161 0.3087849401026811
11 0.19975 0.18823160296634342 0.06980645161290323 0.028436965202509983
2 0.5424112903225806 0.4673245864232744 0.3071854838709678 0.013091842555618939
2 0.5426854838709677 0.08015402167712492 0.055112903225806455 0.015949800342270393
