11 0.34693548387096773 0.4246776953793497 0.08679838709677419 0.037050770108385624
11 0.9166048387096773 0.48692527096406163 0.06618548387096773 0.03393040501996577
1 0.49162903225806454 0.4913291500285225 0.019483870967741936 0.047375926982316026
11 0.3563306451612903 0.05051911009697661 0.06272580645161291 0.0273531089560753
0 0.24285483870967742 0.4371534512264689 0.08579032258064516 0.019486594409583568
0 0.23833870967741938 0.41674272675413576 0.08235483870967743 0.01818596691386195
11 0.9251451612903226 0.8503479749001712 0.04259677419354839 0.02094124358243012
2 0.9619516129032257 0.6548203080433543 0.01682258064516129 0.2784312606959498
2 0.3533306451612903 0.10552766685681689 0.024612903225806452 0.05531089560752994
0 0.24345967741935481 0.1919965772960639 0.09774999999999999 0.018037649743297204
7 0.9200806451612904 0.9171819737592698 0.021233870967741934 0.06219623502567028
2 0.3674032258064516 0.387062179121506 0.01825 0.04239018824871649
2 0.9296290322580645 0.6598174557900742 0.020225806451612902 0.2700912721049629
2 0.9308145161290323 0.5274329720479178 0.022032258064516128 0.03994865944095836
0 0.24562096774193548 0.16737022247575584 0.0862741935483871 0.017775242441528807
1 0.4767016129032258 0.8221220764403879 0.01910483870967742 0.05496292070735881
2 0.4742177419354838 0.6623274386765544 0.01937903225806452 0.2741072447233314
1 0.8263548387096775 0.7498573873359954 0.013338709677419354 0.05592698231602967
0 0.7011612903225807 0.8151454649172847 0.07343548387096774 0.019401026811180833
0 0.7020483870967742 0.8414318311466058 0.09112903225806451 0.01439247005134056
0 0.7007177419354839 0.8655276668568169 0.09732258064516129 0.016269252709640615
