0 0.31659274193548387 0.1470907016543069 0.06020564516129032 0.03329150028522533
0 0.3062943548387097 0.4674101540216771 0.05414516129032258 0.02600684540787222
0 0.3015 0.29666856816885334 0.04112096774193549 0.02390188248716486
0 0.46989516129032255 0.3902681118083286 0.023516129032258064 0.0861779806046777
0 0.3024193548387097 0.11933257273245865 0.03875 0.022361665715915576
15 0.16925806451612904 0.4996063890473474 0.020483870967741933 0.02378779235596121
2 0.10505645161290324 0.23354249857387335 0.018088709677419355 0.06444381061038221
11 0.8569798387096774 0.44802624073017683 0.029891129032258063 0.07321734169994296
8 0.48877419354838714 0.47266400456360524 0.015838709677419356 0.08057045065601826
2 0.15383870967741936 0.5543639475185396 0.021056451612903225 0.05997147746719909
0 0.5096008064516129 0.38722760981175125 0.026850806451612905 0.10717056474614946
15 0.4998790322580645 0.2196006845407872 0.019818548387096773 0.022418710781517397
15 0.5705685483870968 0.3051226468910439 0.018782258064516128 0.022829435253850543
2 0.13105241935483872 0.181437535653166 0.01640725806451613 0.04124928693667998
15 0.5346048387096773 0.25144894466628637 0.017834677419354836 0.020656018254420993
2 0.12979435483870969 0.2302567027952082 0.017173387096774195 0.03913291500285225
15 0.6170806451612902 0.3044495151169424 0.017060483870967744 0.023394181403308612
0 0.30196370967741937 0.6174729035938392 0.05062096774193549 0.02672561323445522
2 0.12961290322580646 0.2813690815744438 0.014564516129032257 0.041511694238448374
2 0.5941854838709677 0.19765544780376498 0.03022177419354839 0.027335995436394752
6 0.8147620967741935 0.11041642897889332 0.030560483870967745 0.020867084997147747
