2 0.164516 0.598973 0.052419 0.023388
15 0.190323 0.551626 0.018145 0.023388
15 0.147581 0.58243 0.014919 0.022818
15 0.130645 0.559042 0.015323 0.021107
3 0.128226 0.516258 0.022177 0.033657
0 0.110081 0.592698 0.022581 0.084997
0 0.207258 0.588135 0.017742 0.082715
2 0.356048 0.703936 0.081452 0.034227
2 0.276613 0.592698 0.019758 0.15174
15 0.322177 0.690816 0.016129 0.021107
15 0.343548 0.617798 0.014919 0.024529
15 0.329839 0.614375 0.014919 0.0251
3 0.296774 0.6332 0.02621 0.033086
3 0.304839 0.583001 0.020161 0.033086
6 0.845968 0.428408 0.018548 0.022818
8 0.768548 0.64575 0.008468 0.051911
15 0.752016 0.666286 0.018548 0.023388
2 0.574194 0.638334 0.029032 0.034227
15 0.709274 0.575585 0.014516 0.020536
15 0.695968 0.605819 0.014516 0.020536
0 0.756452 0.60753 0.017339 0.082715
0 0.731452 0.608671 0.018145 0.079293
2 0.694355 0.642898 0.043145 0.019966
2 0.623387 0.648602 0.099194 0.021107
2 0.535081 0.64518 0.053629 0.020536
8 0.433065 0.664005 0.008871 0.05077
8 0.483065 0.637764 0.009274 0.049059
0 0.541935 0.59441 0.013306 0.035938
0 0.469758 0.604107 0.016129 0.097547
0 0.448387 0.616087 0.01371 0.035368
0 0.420565 0.597832 0.016129 0.069025
15 0.521774 0.575014 0.017339 0.022248
15 0.500403 0.59441 0.016129 0.023388
15 0.438306 0.50599 0.015726 0.022248
10 0.470161 0.479179 0.049597 0.017684
7 0.728226 0.474044 0.053629 0.017684
2 0.60121 0.454649 0.183065 0.027382
2 0.497984 0.454079 0.022984 0.015402
2 0.598387 0.424986 0.180645 0.030234
15 0.615323 0.173417 0.013306 0.018825
0 0.595968 0.29093 0.013306 0.034227
0 0.574194 0.29093 0.013306 0.055334
2 0.725403 0.109527 0.193548 0.033657
0 0.183468 0.280662 0.018145 0.034797
0 0.153629 0.26526 0.02379 0.071877
0 0.443952 0.270964 0.018548 0.073588
2 0.302016 0.235596 0.021774 0.120365
2 0.410081 0.136338 0.029435 0.026241
2 0.211694 0.134056 0.020161 0.02567
2 0.309677 0.138049 0.172581 0.030804
2 0.304032 0.102681 0.186694 0.027382
