2 0.3284378563283923 0.06654032258064517 0.1369897377423033 0.031088709677419352
5 0.440285062713797 0.14512903225806453 0.053363740022805015 0.018064516129032256
2 0.28103192702394525 0.09895161290322581 0.0375199543899658 0.013927419354838709
2 0.3100798175598632 0.7351774193548387 0.14175028506271378 0.02245967741935484
0 0.49917331812998855 0.32543548387096777 0.04153363740022805 0.026088709677419355
2 0.5562314709236031 0.7843064516129032 0.014321550741163057 0.05846774193548387
2 0.24944697833523374 0.4424758064516129 0.04693842645381984 0.01188709677419355
2 0.32144811858608896 0.7930725806451613 0.17062143671607752 0.01496774193548387
15 0.47228620296465224 0.1808225806451613 0.01967502850627138 0.020612903225806452
0 0.2938768529076397 0.39725 0.04128278221208666 0.021387096774193547
5 0.20141961231470926 0.14946774193548387 0.05437856328392246 0.0194758064516129
2 0.3075484606613455 0.7660967741935484 0.15285062713797037 0.021193548387096774
0 0.32209236031927024 0.36235483870967744 0.02723489167616876 0.0235241935483871
1 0.3423831242873432 0.405258064516129 0.03554732041049031 0.01611290322580645
15 0.42242873432155076 0.626983870967742 0.019429874572405928 0.020991935483870967
15 0.19147662485746866 0.2081774193548387 0.018700114025085517 0.020193548387096773
11 0.7272291904218928 0.49678225806451615 0.03520524515393387 0.02711290322580645
0 0.14852337514253136 0.32690322580645165 0.03605473204104903 0.038
0 0.16310148232611174 0.36836290322580645 0.019777651083238312 0.014975806451612903
2 0.23653363740022804 0.07468548387096774 0.045969213226909916 0.018209677419354836
0 0.46461231470923603 0.4705483870967742 0.022462941847206385 0.013879032258064517
2 0.28717787913340936 0.6817580645161291 0.09529076396807297 0.012806451612903226
0 0.47016533637400226 0.3979354838709677 0.01878563283922463 0.023370967741935485
2 0.29352337514253135 0.7123064516129032 0.12469783352337514 0.014612903225806452
0 0.19276510832383126 0.3746612903225806 0.034486887115165336 0.033201612903225805
15 0.19739452679589511 0.296258064516129 0.015900798175598634 0.02031451612903226
16 0.8994583808437857 0.709508064516129 0.11556442417331812 0.04731451612903226
2 0.41469783352337514 0.07481451612903225 0.03584378563283922 0.01582258064516129
0 0.45083808437856326 0.3839354838709677 0.018175598631698972 0.015814516129032258
0 0.7465165336374003 0.6736612903225807 0.05293044469783353 0.013588709677419356
15 0.4031185860889396 0.17220967741935483 0.016271379703534778 0.020233870967741936
0 0.12437856328392247 0.385758064516129 0.0256442417331813 0.015354838709677418
0 0.39376282782212085 0.3731854838709677 0.02040478905359179 0.018088709677419355
15 0.2550570125427594 0.1719677419354839 0.01525085518814139 0.029733870967741934
0 0.21109464082098062 0.40063709677419357 0.018996579247434437 0.018814516129032257
0 0.294521094640821 0.489983870967742 0.020598631698973777 0.02050806451612903
0 0.7431584948688712 0.6972983870967742 0.023346636259977196 0.016306451612903224
0 0.9216590649942987 0.5545725806451612 0.02815849486887115 0.02235483870967742
0 0.8212029646522235 0.43379838709677415 0.0248460661345496 0.02263709677419355
2 0.4119726339794755 0.48508870967741935 0.03879703534777651 0.020596774193548387
6 0.9151710376282782 0.0952016129032258 0.049332953249714935 0.018298387096774196
