11 0.5740806451612903 0.5389218482601255 0.03774193548387097 0.062053622361665714
2 0.22233870967741934 0.48690815744438104 0.09376612903225806 0.018414147176269255
15 0.16722580645161292 0.40519680547632625 0.043685483870967746 0.038676554478037646
0 0.07441129032258065 0.2856816885339418 0.019346774193548386 0.05232743867655448
15 0.27081451612903223 0.36305761551625787 0.04196774193548387 0.035390758699372506
11 0.7341451612903226 0.4816942384483742 0.13986290322580647 0.04239018824871649
0 0.2981048387096774 0.28155162578436965 0.02075806451612903 0.040330861380490586
5 0.14356451612903226 0.22291500285225327 0.10179838709677419 0.02831717056474615
2 0.697991935483871 0.36062749572162006 0.028959677419354835 0.032812321734169994
16 0.6446129032258064 0.6375527666856817 0.18093548387096775 0.055025670279520815
0 0.35542741935483874 0.2816714204221335 0.0242741935483871 0.042264689104392475
3 0.4572983870967742 0.560376497432972 0.021919354838709677 0.02827723901882487
3 0.5313225806451614 0.5562692527096406 0.03230645161290323 0.030604677695379348
11 0.5964112903225806 0.2473588134626355 0.12362096774193548 0.10737592698231603
10 0.14756451612903224 0.1881061038220194 0.07989516129032258 0.021152310325156874
2 0.40279838709677424 0.5358014831717056 0.019951612903225804 0.05764403879064461
15 0.2128467741935484 0.3708328579577867 0.04624193548387097 0.032475755847119224
2 0.1996774193548387 0.16935539075869938 0.14718548387096775 0.015390758699372505
0 0.7629596774193549 0.29463205932686826 0.06120161290322581 0.03665715915573303
2 0.8057016129032258 0.44026240730176835 0.10200806451612902 0.04021677124928694
