11 0.7048910411622276 0.23632269099201825 0.06492332526230832 0.026225769669327253
7 0.41378531073446323 0.6307867730900799 0.10008878127522196 0.022856328392246297
11 0.6414931396287328 0.2359806157354618 0.06178369652945924 0.027314709236031926
2 0.5462953995157385 0.25783352337514254 0.023075060532687652 0.06143671607753706
0 0.4522921711057304 0.36198403648802735 0.0261501210653753 0.06978905359179019
15 0.304955609362389 0.5991904218928165 0.03541565778853915 0.031442417331813
2 0.3600645682001614 0.5088141391106044 0.09750605326876513 0.022964652223489167
0 0.4136884584342211 0.3634492588369441 0.03050040355125101 0.07227480045610034
16 0.8107102502017757 0.7122063854047891 0.1451089588377724 0.04543329532497149
15 0.3540597255851493 0.599139110604333 0.035108958837772396 0.031579247434435576
2 0.3308958837772397 0.4782839224629418 0.05376916868442293 0.021870011402508552
15 0.38966101694915256 0.17896237172177878 0.03891848264729621 0.025290763968072977
3 0.7731154156577885 0.20830102622576968 0.04803066989507667 0.02380273660205245
2 0.2936238902340597 0.5424116305587229 0.08841000807102503 0.02225769669327252
10 0.2702905569007264 0.6440992018244014 0.07856335754640839 0.018454960091220066
2 0.8342534301856337 0.26311858608893957 0.028716707021791767 0.08691562143671606
2 0.6754398708635997 0.4081128848346636 0.04282485875706215 0.04442417331812999
2 0.6900645682001614 0.20188141391106046 0.041460855528652134 0.020929304446978336
0 0.2204681194511703 0.36555872291904223 0.03098466505246166 0.0466248574686431
0 0.8553995157384987 0.4190478905359179 0.07081517352703794 0.02539338654503991
2 0.7859160613397902 0.2554960091220068 0.026747376916868442 0.06070695553021665
15 0.39623083131557707 0.14081527936145952 0.04912025827280064 0.028335233751425316
8 0.5030669895076675 0.1058266818700114 0.10724778046811945 0.026602052451539338
