0 0.782745 0.349909 0.053725 0.039418
0 0.783529 0.309885 0.052549 0.038205
13 0.803922 0.262583 0.095686 0.023651
0 0.698824 0.320194 0.115686 0.05094
0 0.580784 0.336568 0.072549 0.047301
0 0.639608 0.442693 0.116078 0.046695
15 0.612157 0.488781 0.03098 0.051546
7 0.59098 0.655549 0.119608 0.028502
2 0.413725 0.658581 0.232157 0.055791
2 0.492941 0.612492 0.113725 0.050334
2 0.394902 0.571862 0.093333 0.052759
2 0.297647 0.613705 0.11098 0.045482
13 0.160392 0.545179 0.121961 0.024864
0 0.227451 0.448757 0.115686 0.048514
1 0.238824 0.323226 0.078431 0.048514
0 0.137647 0.334142 0.114118 0.048514
15 0.199216 0.246816 0.03098 0.051546
5 0.126275 0.254093 0.120392 0.032747
0 0.291373 0.156458 0.061569 0.047301
0 0.265882 0.118253 0.09451 0.049727
2 0.501176 0.258945 0.053333 0.082474
2 0.448627 0.249242 0.032941 0.087326
2 0.472157 0.174045 0.120392 0.047301
2 0.453725 0.113402 0.160392 0.049727
