16 0.9374879032258063 0.6592070735881346 0.07743951612903226 0.04232743867655448
2 0.6907379032258064 0.29818596691386196 0.05085483870967742 0.016474614945807188
15 0.13263306451612902 0.18762122076440388 0.021995967741935483 0.02870507701083856
15 0.29781854838709676 0.20781517398745009 0.025713709677419355 0.031608670849971474
3 0.2207943548387097 0.23951511694238448 0.01821774193548387 0.02674272675413577
0 0.23186290322580644 0.16011409013120365 0.05328225806451612 0.01520250998288648
3 0.2472258064516129 0.24023388476896748 0.014754032258064518 0.028180262407301766
8 0.23066935483870965 0.17916143753565317 0.05435887096774194 0.017632629777524243
1 0.21225403225806452 0.5508328579577867 0.013338709677419354 0.03319452367370222
15 0.2956733870967742 0.611340559041643 0.022923387096774193 0.0287906446092413
5 0.06663306451612903 0.19942954934398177 0.04857258064516129 0.0196406160867085
1 0.12653225806451612 0.25501996577296066 0.012225806451612904 0.0355561893896178
1 0.2707459677419355 0.2355561893896178 0.014096774193548387 0.049526525955504844
15 0.7187983870967741 0.5281003993154592 0.025419354838709676 0.03496292070735881
0 0.7178346774193548 0.4323502567027952 0.05191935483870967 0.04044495151169424
2 0.10643145161290322 0.40974329720479175 0.0246491935483871 0.3805989731888192
10 0.1127016129032258 0.41093553907586994 0.0172741935483871 0.051557330290929834
0 0.2334798387096774 0.6309184255561894 0.023971774193548387 0.015413576725613234
2 0.19888709677419356 0.23993154592127783 0.011653225806451612 0.07821448944666287
