2 0.7354596774193548 0.44759269823160297 0.11372177419354837 0.03292641186537364
10 0.7285201612903226 0.6030690245293783 0.05704435483870968 0.022384483742156305
11 0.7317903225806451 0.19994865944095835 0.028512096774193547 0.06361095265259556
2 0.699125 0.11884768967484313 0.0926491935483871 0.02271534512264689
3 0.1465322580645161 0.33962350256702795 0.027314516129032258 0.02824871648602396
2 0.27229032258064517 0.5966514546491729 0.2144758064516129 0.04117512835139761
2 0.7200806451612903 0.08426126640045636 0.13061290322580646 0.02531660011409013
8 0.5583709677419355 0.4727666856816885 0.02105241935483871 0.08781517398745009
2 0.742241935483871 0.15294922989161439 0.025983870967741934 0.02387906446092413
3 0.14034274193548388 0.42253280091272105 0.03317338709677419 0.039167142042213346
0 0.5908991935483872 0.35197946377638334 0.02396774193548387 0.12208214489446663
15 0.8403185483870966 0.6621163719338278 0.022262096774193548 0.022162007986309185
0 0.48957661290322585 0.36309184255561894 0.027060483870967742 0.11851112378779236
0 0.5402943548387097 0.3583285795778665 0.024766129032258066 0.12128351397604108
15 0.5774596774193548 0.23537364517969198 0.021008064516129032 0.02367940673131774
0 0.8467217741935483 0.3839475185396463 0.02000806451612903 0.04764974329720479
15 0.6683508064516129 0.3013462635482031 0.020741935483870967 0.026389047347404448
15 0.17729435483870967 0.5622304620650314 0.025471774193548388 0.02768967484312607
3 0.6612298387096773 0.5140216771249287 0.033116935483870964 0.039794637763833435
2 0.8722903225806452 0.6201083856246434 0.023443548387096773 0.023764974329720478
2 0.7741814516129032 0.15334284084426697 0.038181451612903226 0.025636052481460354
3 0.8337540322580645 0.7229663434112948 0.026096774193548385 0.018134626354820306
2 0.22324596774193547 0.36927552766685684 0.028298387096774198 0.09909298345693097
2 0.7682298387096774 0.11949229891614375 0.04147983870967742 0.02314318311466058
15 0.19628629032258066 0.3850541928123217 0.019004032258064518 0.028876212207644036
15 0.21581048387096777 0.38949229891614373 0.020995967741935483 0.02162007986309184
15 0.532891129032258 0.20553907586993725 0.024455645161290323 0.025573302909298344
15 0.795491935483871 0.3003593839132915 0.015693548387096776 0.03339418140330861
15 0.6184717741935484 0.24981745579007417 0.01932258064516129 0.02502567027952082
2 0.6674798387096774 0.45434112949229893 0.020713709677419354 0.025373645179691956
3 0.9123508064516129 0.7207586993725043 0.02170564516129032 0.017655447803764972
15 0.9020201612903227 0.6606560182544211 0.018532258064516128 0.022030804335424984
2 0.8081612903225807 0.6667084997147746 0.016673387096774194 0.10376497432972048
15 0.8777379032258065 0.6382030804335425 0.012709677419354838 0.019275527666856817
15 0.866342741935484 0.6541015402167714 0.010641129032258065 0.019007415858528238
15 0.8745645161290323 0.6852538505419281 0.012838709677419355 0.019018824871648604
