0 0.4110161290322581 0.264500855675984 0.02141532258064516 0.07560182544209926
2 0.3276975806451613 0.08071876782658301 0.1214798387096774 0.02074158585282373
2 0.33375403225806455 0.3107472903593839 0.10373790322580645 0.017541357672561323
15 0.9321209677419354 0.4631317741015402 0.01589516129032258 0.0167313177410154
2 0.35175 0.4821962350256703 0.12094758064516128 0.01832287507130633
2 0.3386975806451613 0.10505419281232173 0.09917338709677419 0.015042783799201369
0 0.9313790322580646 0.5598174557900741 0.017661290322580642 0.0751625784369652
2 0.824866935483871 0.35905875641756985 0.11698790322580645 0.018893325727324585
0 0.2582298387096774 0.6231717056474615 0.017737903225806453 0.0570907016543069
0 0.3555201612903226 0.6239189960068454 0.012745967741935484 0.051933827723901885
0 0.43093951612903225 0.28155733029092983 0.014366935483870968 0.03424415288077581
0 0.4289637096774193 0.615407872219053 0.01867741935483871 0.07647461494580719
0 0.7357258064516129 0.5649515116942384 0.016951612903225804 0.06586993725042783
2 0.5753185483870967 0.2603536794067313 0.017967741935483873 0.06168282943525385
15 0.730508064516129 0.46706788362806617 0.014338709677419357 0.016309184255561895
0 0.233625 0.616126640045636 0.01809677419354839 0.07459783228750713
2 0.8343427419354839 0.3803993154592128 0.0942016129032258 0.0185282373074729
15 0.2940241935483871 0.593000570450656 0.011209677419354839 0.014426697090701653
2 0.7400322580645161 0.2026697090701654 0.04216935483870968 0.01672561323445522
2 0.3627620967741935 0.5037136337706788 0.0935282258064516 0.014084426697090702
7 0.7375483870967742 0.7229891614375357 0.03640322580645161 0.012350256702795208
15 0.4171491935483871 0.4987906446092413 0.013745967741935485 0.015636052481460355
2 0.27726209677419356 0.10556759840273816 0.019584677419354837 0.016069594980034227
15 0.2508266129032258 0.5315858528237307 0.013891129032258066 0.01672561323445522
8 0.4107903225806452 0.3329150028522533 0.011616935483870968 0.04499144324015973
15 0.27645564516129034 0.2609754706217912 0.012798387096774192 0.018608100399315458
0 0.9114475806451613 0.5635196805476327 0.01778225806451613 0.078562464346834
2 0.26112903225806455 0.12758699372504279 0.027874999999999997 0.012732458642327438
2 0.8736491935483871 0.40256702795208216 0.02456048387096774 0.013114660581859668
2 0.7046491935483871 0.20393610952652597 0.026733870967741935 0.014021677124928692
2 0.8348991935483872 0.4025099828864803 0.05167741935483871 0.014449515116942384
2 0.8118346774193548 0.26063890473474044 0.0466491935483871 0.017273245864232744
15 0.28934677419354843 0.6572960638904735 0.016294354838709675 0.01661152310325157
8 0.24121370967741937 0.3207529948659441 0.011169354838709677 0.04369081574443811
3 0.7409193548387096 0.28953793496862523 0.01860483870967742 0.023274386765544778
2 0.5492419354838709 0.16772960638904733 0.030697580645161288 0.022641186537364518
15 0.4271048387096774 0.1683970336565887 0.014080645161290324 0.018699372504278382
0 0.6959112903225806 0.577062179121506 0.010975806451612903 0.0327780946948089
8 0.4385524193548387 0.6722019395322304 0.01173790322580645 0.04110096976611523
8 0.7250564516129032 0.6058984597832288 0.009701612903225807 0.04374786081003993
2 0.7975201612903225 0.40338847689674845 0.02288709677419355 0.01224187107815174
2 0.28369354838709676 0.12678265830005706 0.015354838709677418 0.0147062179121506
10 0.25123790322580647 0.35406160867084996 0.03097983870967742 0.011095265259555048
1 0.6785161290322581 0.22791215059897318 0.05117741935483871 0.01558471192241871
15 0.27075806451612905 0.5700456360524815 0.016641129032258065 0.01883057615516258
15 0.3422983870967742 0.5715972618368511 0.013959677419354838 0.01363377067883628
15 0.21131451612903224 0.13700513405590417 0.01858064516129032 0.020804335424985738
15 0.4083508064516129 0.19706788362806615 0.012600806451612902 0.015641756988020537
2 0.8681733870967743 0.5380433542498574 0.02516532258064516 0.01273816314888762
0 0.5126290322580644 0.2808841985168283 0.01740725806451613 0.08309184255561894
2 0.274258064516129 0.3109811751283514 0.015556451612903225 0.0166343411294923
0 0.1945443548387097 0.27687963491158013 0.010814516129032259 0.03520250998288648
0 0.21262499999999998 0.27982316029663434 0.009637096774193547 0.033542498573873356
0 0.22779838709677422 0.26465487735310894 0.01597983870967742 0.07715915573302909
15 0.26161290322580644 0.23363377067883628 0.013201612903225808 0.019646320593268683
15 0.24779838709677418 0.19269252709640616 0.014379032258064514 0.0169937250427838
15 0.22505241935483872 0.16842555618938962 0.012088709677419355 0.012983456930975471
15 0.2699354838709678 0.15930405019965774 0.010641129032258065 0.014312606959498004
15 0.2941491935483871 0.15976041072447233 0.011274193548387098 0.02100399315459213
15 0.3900846774193548 0.23473474044495152 0.011983870967741936 0.022601254991443238
8 0.5258991935483871 0.2933656588705077 0.00794758064516129 0.04404449515116942
15 0.5648427419354839 0.22339418140330863 0.012947580645161291 0.014415288077581289
15 0.5443104838709678 0.23298916143753565 0.011298387096774193 0.014415288077581289
15 0.5224233870967742 0.22279520821448945 0.015411290322580644 0.015613234455219624
15 0.5395241935483871 0.20711922418710782 0.009346774193548388 0.014831717056474614
15 0.5478064516129032 0.18871078151739876 0.011084677419354838 0.0175812892184826
3 0.5430282258064516 0.2502624073017684 0.015955645161290322 0.011717056474614945
2 0.5228306451612903 0.17278950370792925 0.022399193548387094 0.01620650313747861
2 0.7004717741935484 0.26755847119224185 0.009125 0.02387906446092413
15 0.7126209677419355 0.2708899030233885 0.013173387096774195 0.017569880205362237
15 0.7147096774193549 0.22193953223046206 0.012286290322580645 0.019480889903023386
11 0.7263629032258065 0.2432686822589846 0.04161290322580645 0.02051340559041643
2 0.7764879032258065 0.38192241871078153 0.020778225806451615 0.011968054763262978
2 0.7593548387096775 0.4038961779806047 0.015629032258064515 0.012926411865373645
2 0.7790604838709677 0.40412435824301196 0.012810483870967742 0.01428408442669709
10 0.8118991935483871 0.42580718767826586 0.030814516129032257 0.011483171705647461
15 0.7923024193548387 0.44797490017113517 0.011370967741935483 0.021289218482601256
15 0.9088750000000001 0.5132572732458642 0.012580645161290323 0.01571591557330291
8 0.9451895161290323 0.6048773531089561 0.008443548387096775 0.043964632059326866
8 0.8096008064516129 0.6059612093553908 0.009266129032258064 0.04389617798060468
0 0.7964354838709677 0.5590986879634912 0.014975806451612903 0.07675984027381631
2 0.7690604838709677 0.5568796349115802 0.03497177419354839 0.016583000570450656
15 0.7610362903225806 0.6011123787792356 0.013028225806451613 0.018573873359954366
0 0.7109879032258064 0.5582544209925842 0.018149193548387097 0.08249286936679978
15 0.7689032258064517 0.6952367370222475 0.011778225806451614 0.02089560752994866
15 0.804358870967742 0.687780946948089 0.012084677419354838 0.017296063890473473
2 0.8274193548387097 0.6702395892755277 0.011592741935483871 0.020096976611523102
2 0.8380806451612903 0.46782658300057045 0.012379032258064516 0.0403251568739304
2 0.8668508064516129 0.4818539646320594 0.011520161290322581 0.017501426126640046
2 0.8025524193548387 0.7264517969195665 0.03258870967741935 0.015664575014261266
6 0.4774596774193548 0.41569880205362236 0.02940725806451613 0.015071306332002283
2 0.4242419354838709 0.5411237877923559 0.01041532258064516 0.039378208784940104
15 0.3926209677419355 0.5304506560182545 0.010758064516129031 0.0167313177410154
15 0.3551572580645161 0.5370735881346264 0.010794354838709677 0.013531089560752994
11 0.3743709677419355 0.5332686822589846 0.013729838709677419 0.047472903593839134
15 0.31320967741935485 0.5213405590416429 0.011048387096774193 0.01789503707929264
2 0.29986290322580644 0.5046491728465488 0.016475806451612902 0.014318311466058187
2 0.2943790322580645 0.612219053051911 0.030701612903225806 0.016172276098117513
7 0.33388709677419354 0.7356759840273817 0.030931451612903223 0.010188248716486024
2 0.15223387096774194 0.5801996577296064 0.032245967741935486 0.01795778665145465
11 0.13268145161290323 0.5110553337136338 0.024100806451612906 0.02433542498573873
11 0.1554516129032258 0.5114603536794068 0.02157258064516129 0.023987450085567595
2 0.8038629032258064 0.17521962350256703 0.023173387096774193 0.016765544780376496
2 0.8460362903225807 0.17672561323445524 0.019846774193548387 0.013753565316600113
2 0.8651008064516128 0.17549343981745577 0.01780241935483871 0.014295493439817454
2 0.8233991935483871 0.17648602395892754 0.015427419354838708 0.013268682258984598
