15 0.589766129032258 0.14479178551055333 0.037806451612903226 0.030718767826583
15 0.6971854838709677 0.15448374215630348 0.03855645161290323 0.030148317170564747
5 0.7750322580645161 0.05715345122646891 0.1000241935483871 0.020633200228180264
1 0.4076935483870968 0.3835196805476326 0.021411290322580646 0.048739304050199654
15 0.41594354838709674 0.15316029663434114 0.04054838709677419 0.03329150028522533
16 0.852241935483871 0.6557444381061038 0.12594354838709676 0.04292070735881346
0 0.3103064516129032 0.26904164289788934 0.018661290322580647 0.036360524814603536
0 0.36586290322580645 0.273844837421563 0.017548387096774195 0.0449001711351968
1 0.714983870967742 0.4797718197375927 0.020016129032258065 0.048357102110667426
2 0.5553225806451613 0.053633770678836276 0.2400483870967742 0.01695379349686252
10 0.5620403225806451 0.0690815744438106 0.09638709677419355 0.020005704506560182
1 0.7605806451612903 0.3912664004563605 0.08056451612903226 0.018705077010838563
