15 0.6311476608187134 0.3629361459521095 0.07913011695906433 0.04650513112884834
0 0.7120248538011695 0.29684720638540474 0.1076388888888889 0.04374572405929305
2 0.40108918128654975 0.0509521094640821 0.11683479532163743 0.02538768529076397
15 0.3523830409356725 0.4472976054732041 0.06711257309941521 0.049937286202964656
15 0.6683406432748538 0.5258722919042189 0.06655701754385965 0.048295324971493726
0 0.2814985380116959 0.20671607753705815 0.10030701754385965 0.028893956670467503
2 0.5041154970760234 0.576927023945268 0.1803654970760234 0.02838084378563284
15 0.38028508771929825 0.35520524515393387 0.07162280701754387 0.04116875712656784
7 0.6640423976608187 0.5748916761687571 0.15710526315789472 0.029897377423033066
7 0.34371345029239764 0.5746408209806158 0.16089912280701754 0.03055872291904219
