8 0.7007701612903227 0.5117569880205363 0.014048387096774195 0.06175128351397604
2 0.4981854838709677 0.6136622932116372 0.14893548387096775 0.033399885909868796
2 0.5265927419354839 0.4286023958927553 0.03143951612903226 0.10729606389047347
2 0.27283870967741936 0.11560182544209927 0.10797983870967742 0.02789503707929264
2 0.25613709677419355 0.14820878494010267 0.07225000000000001 0.02414717626925271
2 0.2666733870967742 0.4853622361665716 0.10881048387096776 0.03371933827723902
15 0.6775 0.30334854535082717 0.019858870967741936 0.022795208214489448
2 0.7682903225806451 0.2095721620079863 0.07702016129032258 0.024677695379349687
0 0.6799314516129032 0.43605818596691387 0.02634677419354839 0.09771819737592699
0 0.6519354838709677 0.4377067883628066 0.02573790322580645 0.08640045636052482
8 0.6682217741935484 0.5075641756988021 0.015641129032258064 0.05942954934398175
2 0.20554032258064517 0.1471477467199087 0.03176612903225807 0.02231032515687393
15 0.8658427419354838 0.3186651454649173 0.018838709677419355 0.022219053051911013
15 0.18781451612903224 0.5081232173417 0.02003225806451613 0.021203650884198517
0 0.16053629032258065 0.2918996006845408 0.027725806451612905 0.09127210496292071
0 0.8443508064516129 0.4380205362236167 0.026600806451612904 0.12132344552196235
0 0.8814959677419355 0.46354820308043354 0.018129032258064517 0.04946377638334284
0 0.1875040322580645 0.3161380490587565 0.018862903225806454 0.0347062179121506
2 0.7526612903225806 0.23399885909868795 0.04126209677419355 0.0217969195664575
2 0.7893951612903226 0.2352538505419281 0.027298387096774193 0.018676554478037653
2 0.7667096774193548 0.6392241871078151 0.06312096774193549 0.04139760410724472
2 0.735358870967742 0.4978037649743297 0.05233870967741936 0.025738733599543637
15 0.56475 0.582749572162008 0.017149193548387096 0.02273816314888762
0 0.13653629032258066 0.3055333713633771 0.019153225806451613 0.04242441528807758
0 0.15208064516129033 0.6366229321163719 0.02144758064516129 0.06332002281802625
15 0.7204758064516129 0.4122646891043925 0.019629032258064515 0.01975470621791215
2 0.7934032258064516 0.26452367370222474 0.01857258064516129 0.019435253850541928
0 0.1777258064516129 0.6473816314888762 0.02143951612903226 0.047176269252709645
15 0.7330766129032258 0.3872162007986309 0.016294354838709675 0.02035367940673132
15 0.8240967741935484 0.3721220764403879 0.020108870967741936 0.021448944666286367
15 0.5483104838709677 0.4458585282373075 0.014088709677419355 0.018619509412435824
3 0.6010282258064515 0.4794295493439818 0.025395161290322578 0.03170564746149458
15 0.5620443548387096 0.45423274386765544 0.01377016129032258 0.017518539646320594
3 0.5952056451612903 0.4108157444381061 0.030858870967741935 0.030524814603536794
15 0.7066451612903226 0.352344552196235 0.016826612903225804 0.022498573873359955
15 0.7601935483870967 0.29639475185396463 0.014016129032258063 0.021985168282943526
11 0.7384596774193549 0.2832059326868226 0.03433064516129032 0.07523103251568738
2 0.7723387096774194 0.2670507701083856 0.025024193548387096 0.018351397604107245
10 0.7705362903225806 0.6762464346834 0.035250000000000004 0.01692527096406161
