1 0.6978278221208666 0.18205562273276904 0.01709236031927024 0.04368802902055623
8 0.5341676168757127 0.06575574365175332 0.05785062713797035 0.015042321644498187
1 0.4620011402508552 0.18741233373639662 0.015125427594070696 0.040931076178960094
1 0.6570752565564424 0.4328738411930673 0.016328392246294184 0.04647722692462717
2 0.7569498289623717 0.422055622732769 0.058272519954389965 0.019004433696090287
1 0.45836944127708096 0.43727529222087874 0.021904218928164198 0.046130592503022975
2 0.816915621436716 0.31017734784361145 0.020741163055872293 0.32049576783555017
3 0.6267787913340934 0.1625191455058444 0.021898517673888254 0.015046352277307537
0 0.6211915621436715 0.052724707779121326 0.11077537058152795 0.023353486497380088
2 0.5366761687571265 0.16990326481257556 0.01879133409350057 0.035312374042724706
0 0.6288198403648803 0.0962192664248287 0.1122405929304447 0.023309149536477225
11 0.7659920182440136 0.3772309552599758 0.03793044469783352 0.023111648528819025
2 0.6141106043329533 0.12619508262797258 0.09364310148232612 0.01482869810560258
0 0.6835974914481185 0.49176541717049577 0.036305587229190424 0.016916565900846434
7 0.8120980615735462 0.09758162031438936 0.01772519954389966 0.04575171301894398
10 0.8177765108323832 0.36123337363966146 0.018283922462941846 0.03748085449415558
15 0.5146123147092361 0.1262273276904474 0.0322976054732041 0.020677146311970977
