16 0.2827673545966229 0.80184 0.037354596622889306 0.15618666666666667
15 0.6925140712945591 0.7936133333333334 0.026679174484052534 0.03221333333333334
0 0.5050187617260788 0.3526666666666667 0.07118198874296434 0.027786666666666668
1 0.5807317073170731 0.62376 0.02183864915572233 0.058146666666666666
0 0.46763602251407127 0.41018666666666664 0.05917448405253283 0.028746666666666663
15 0.5990337711069419 0.38050666666666666 0.026894934333958724 0.031213333333333333
0 0.576266416510319 0.8079333333333334 0.07093808630393997 0.025986666666666665
15 0.5889774859287055 0.4406266666666667 0.028808630393996247 0.03489333333333334
1 0.6730956848030019 0.45088000000000006 0.018386491557223265 0.057879999999999994
0 0.5064258911819888 0.6913066666666667 0.039634146341463415 0.021106666666666666
2 0.8259287054409006 0.57016 0.01952157598499062 0.11628
1 0.7282082551594746 0.6458666666666666 0.019352720450281424 0.06150666666666667
2 0.8639962476547842 0.5426799999999999 0.01727954971857411 0.10310666666666667
0 0.5594652908067542 0.75432 0.06942776735459663 0.02534666666666667
2 0.5082645403377111 0.5445866666666667 0.023377110694183866 0.08367999999999999
15 0.7675891181988743 0.5534266666666666 0.023067542213883678 0.03369333333333333
1 0.7388649155722327 0.5018533333333333 0.01979362101313321 0.058186666666666664
0 0.5228986866791745 0.29042666666666667 0.04421200750469043 0.02776
15 0.4468855534709193 0.5073733333333333 0.025656660412757975 0.03284
2 0.7018386491557222 0.5223733333333332 0.018433395872420263 0.07134666666666667
15 0.80546904315197 0.568 0.022204502814258915 0.03489333333333334
2 0.474390243902439 0.48416 0.023114446529080675 0.04356
0 0.5383208255159475 0.23240000000000002 0.04207317073170732 0.02276
2 0.7659099437148218 0.5226133333333333 0.023630393996247657 0.05276
2 0.546500938086304 0.5644399999999999 0.021547842401500938 0.032946666666666666
2 0.7897091932457786 0.5310533333333334 0.020544090056285175 0.03696
15 0.42289868667917446 0.5154133333333334 0.024915572232645403 0.03882666666666667
