2 0.248387 0.562464 0.069355 0.022248
2 0.204032 0.561894 0.014113 0.022248
2 0.263306 0.640046 0.020968 0.03822
11 0.274597 0.609241 0.017742 0.023959
0 0.340726 0.654307 0.035081 0.085568
0 0.3 0.661723 0.031452 0.041072
3 0.220161 0.690816 0.018548 0.015402
2 0.184677 0.730177 0.033065 0.022248
15 0.178629 0.707359 0.015323 0.015973
15 0.126613 0.617228 0.016129 0.02567
0 0.10121 0.649743 0.027823 0.062179
0 0.127823 0.660011 0.010484 0.037079
15 0.143548 0.67028 0.010484 0.018825
11 0.159677 0.65773 0.019355 0.059327
0 0.187903 0.680548 0.008065 0.016543
0 0.171774 0.660582 0.010081 0.026241
15 0.23629 0.631489 0.016532 0.019395
15 0.253629 0.612664 0.013306 0.017684
15 0.256855 0.590987 0.018548 0.021677
3 0.229032 0.588135 0.021371 0.014832
15 0.203226 0.606959 0.01371 0.021677
15 0.203629 0.585282 0.013306 0.020536
15 0.177823 0.586423 0.015323 0.0251
0 0.532661 0.335995 0.029435 0.072447
0 0.494355 0.337707 0.023387 0.070165
3 0.385081 0.397034 0.029032 0.019966
15 0.300806 0.355391 0.010887 0.018825
15 0.310081 0.340559 0.012097 0.019395
2 0.285484 0.346264 0.018548 0.054763
0 0.255242 0.335425 0.02621 0.067313
0 0.216935 0.335425 0.027016 0.07644
2 0.433871 0.180262 0.029839 0.022248
2 0.337097 0.180262 0.030645 0.026241
2 0.386694 0.122076 0.129435 0.023959
