0 0.6198542510121458 0.5448232611174458 0.025700404858299594 0.049686431014823264
15 0.28498785425101214 0.43586088939566703 0.045748987854251015 0.032217787913340935
15 0.3642591093117409 0.3471892816419612 0.03906072874493927 0.031778791334093504
5 0.24597570850202427 0.24998289623717218 0.12102024291497976 0.027366020524515394
0 0.6697004048582996 0.5328278221208667 0.025619433198380566 0.03490877993158495
2 0.48546558704453435 0.28847776510832385 0.0716923076923077 0.02338084378563284
2 0.36272874493927126 0.2993956670467503 0.04729554655870445 0.02725769669327252
0 0.7175951417004048 0.5023375142531357 0.02388663967611336 0.03402508551881414
16 0.8511417004048584 0.7431527936145952 0.13380566801619434 0.03703534777651083
2 0.49690688259109306 0.3237400228050171 0.04782186234817814 0.020131128848346638
15 0.319668016194332 0.47726339794754846 0.04212145748987855 0.029994298745724058
0 0.22982995951417 0.5130102622576967 0.024097165991902834 0.03590649942987457
1 0.4271336032388664 0.5595667046750286 0.062404858299595134 0.021641961231470924
0 0.2804453441295547 0.5082839224629419 0.02265587044534413 0.04206955530216648
0 0.7740890688259109 0.5116533637400228 0.042736842105263156 0.042405929304446977
2 0.4623967611336032 0.25307867730900796 0.11546558704453441 0.02516533637400228
0 0.18007287449392712 0.48730330672748007 0.021651821862348177 0.03376282782212087
2 0.45370040485829966 0.21646522234891677 0.22936032388663966 0.026579247434435575
2 0.3644534412955466 0.4986031927023945 0.04511740890688259 0.02460091220068415
5 0.647757085020243 0.24842075256556442 0.12038056680161942 0.02740022805017104
3 0.5859838056680162 0.4914823261117445 0.06084210526315789 0.02173888255416192
0 0.8220971659919029 0.4764994298745724 0.050696356275303646 0.04726339794754846
15 0.3557651821862348 0.5252622576966932 0.051530364372469634 0.03168757126567845
2 0.5347935222672064 0.35522805017103765 0.032234817813765186 0.02176738882554162
3 0.5178380566801619 0.6589566704675028 0.06981376518218624 0.019082098061573547
2 0.4784129554655871 0.3435005701254276 0.08295546558704453 0.020820980615735462
