16 0.9295120967741936 0.6624757558471192 0.07812096774193548 0.0440844266970907
11 0.13514516129032259 0.8151283513976042 0.062298387096774197 0.16032515687393042
2 0.46600806451612903 0.23328579577866515 0.015709677419354837 0.09304050199657729
5 0.46156451612903227 0.3570678836280662 0.05610887096774194 0.018864803194523674
0 0.2610685483870968 0.42063320022818024 0.024887096774193547 0.011118083285795778
0 0.2573790322580645 0.45826583000570453 0.0302258064516129 0.011911009697661151
3 0.6291209677419355 0.5971135196805476 0.02504838709677419 0.02203650884198517
0 0.2601129032258065 0.40230462065031375 0.02623790322580645 0.012430119794637763
0 0.3637620967741935 0.5591100969766115 0.021943548387096775 0.028551055333713632
0 0.2594758064516129 0.3549172846548773 0.03619354838709678 0.01168282943525385
0 0.2606129032258065 0.49505419281232177 0.028326612903225808 0.012544209925841415
15 0.09904032258064516 0.40742726754135766 0.025346774193548388 0.03026811180832858
3 0.6384717741935484 0.5138334284084427 0.024076612903225807 0.025772960638904736
0 0.2605725806451613 0.1459498003422704 0.030576612903225806 0.015590416428978892
2 0.700116935483871 0.5642897889332573 0.015483870967741935 0.05403308613804906
0 0.2583024193548387 0.38334284084426695 0.026854838709677416 0.010770108385624642
2 0.48694354838709675 0.2439931545921278 0.01729032258064516 0.11285225328009128
3 0.4655967741935484 0.4566343411294923 0.024592741935483872 0.010975470621791213
0 0.25854032258064513 0.4355504848830576 0.03888306451612904 0.012087849401026812
2 0.4661572580645161 0.2954021677124929 0.014846774193548387 0.030359383913291498
2 0.5465846774193548 0.4395778665145465 0.015798387096774193 0.05767256132344552
15 0.3345927419354839 0.3391899600684541 0.02651209677419355 0.03140901312036509
3 0.19802016129032257 0.26052481460353677 0.035475806451612905 0.013844837421563035
0 0.2600443548387097 0.09940102681118083 0.031193548387096773 0.014449515116942384
2 0.06603225806451613 0.2627381631488876 0.011403225806451613 0.07292070735881347
2 0.29176209677419357 0.26047917855105535 0.014491935483870967 0.030039931545921276
2 0.2243548387096774 0.21174557900741586 0.015258064516129034 0.05212778094694809
2 0.12829435483870968 0.25625213918996004 0.012899193548387096 0.05115231032515687
0 0.2559717741935484 0.16357672561323444 0.032620967741935486 0.013525385054192813
2 0.08668145161290322 0.26106103822019394 0.011657258064516129 0.04279520821448944
2 0.05019758064516129 0.28891614375356534 0.012326612903225807 0.05563034797490017
0 0.2598145161290323 0.0754592127780947 0.03159677419354839 0.014592127780946948
15 0.10099596774193548 0.3637022247575585 0.02168548387096774 0.027963491158014834
0 0.26426209677419354 0.47962350256702796 0.05121774193548387 0.01452937820878494
0 0.6919717741935484 0.5150598973188819 0.05875403225806452 0.016679977181973758
0 0.2610766129032258 0.3187393040501997 0.028858870967741933 0.01327438676554478
15 0.1019274193548387 0.29547632629777526 0.020221774193548387 0.03220193953223047
2 0.5295282258064516 0.5661722760981175 0.06149193548387097 0.01729035938391329
0 0.2582701612903226 0.12361665715915572 0.02638709677419355 0.017096406160867085
2 0.22581854838709675 0.27707358813462635 0.014088709677419355 0.04637193382772391
2 0.2705 0.2343810610382202 0.015971774193548387 0.05213348545350827
2 0.14220564516129033 0.2841528807758129 0.01556451612903226 0.12224757558471193
2 0.3600282258064516 0.18023958927552766 0.01580241935483871 0.060593268682258984
11 0.3397862903225806 0.21620079863091843 0.03170564516129032 0.04354249857387336
0 0.38506048387096775 0.1983000570450656 0.025786290322580646 0.01844837421563035
2 0.38721774193548386 0.26571591557330293 0.010596774193548387 0.04288648031945237
2 0.39460887096774194 0.295812892184826 0.014733870967741935 0.06211066742726754
3 0.5381935483870968 0.4804620650313748 0.014576612903225806 0.020804335424985738
2 0.5480806451612903 0.5073930405019966 0.013471774193548386 0.029503707929264118
1 0.5349677419354839 0.5417113519680548 0.06523387096774194 0.01648031945236737
2 0.21701209677419356 0.723531089560753 0.09617338709677418 0.016988020536223617
2 0.11945161290322581 0.7280034227039361 0.013423387096774193 0.08241300627495722
11 0.1285766129032258 0.6529435253850542 0.04960483870967742 0.1608899030233885
11 0.21048790322580646 0.5523274386765545 0.11029032258064515 0.0649343981745579
11 0.24095967741935487 0.546936679977182 0.049350806451612904 0.0359155733029093
0 0.4056532258064516 0.7647575584711922 0.023745967741935485 0.024535082715345123
