8 0.40400403225806447 0.5883856246434683 0.02056451612903226 0.08867084997147746
0 0.34258870967741933 0.4402452937820879 0.025745967741935483 0.09193382772390188
15 0.25944354838709677 0.3827096406160867 0.01937903225806452 0.022835139760410725
15 0.3881774193548387 0.1806845407872219 0.02158467741935484 0.022892184826012553
15 0.3435967741935484 0.23609811751283513 0.01894758064516129 0.021580148317170565
10 0.2919717741935484 0.7548203080433543 0.05970161290322581 0.02212778094694809
15 0.31078629032258065 0.3845236737022248 0.019004032258064518 0.021574443810610383
0 0.3846612903225807 0.4398516828294352 0.02730241935483871 0.09995436394751854
15 0.25564516129032255 0.44672561323445525 0.01835483870967742 0.02207073588134626
15 0.23945967741935484 0.4639418140330861 0.017278225806451615 0.01827153451226469
2 0.29987903225806456 0.1377410154021677 0.0657217741935484 0.03767256132344553
