0 0.15030645161290324 0.2855561893896178 0.025951612903225806 0.06674272675413577
0 0.4304838709677419 0.2768397033656589 0.02564516129032258 0.056297775242441526
2 0.5255080645161291 0.2848031945236737 0.030669354838709677 0.09586993725042783
0 0.4594274193548388 0.2825841414717627 0.02413709677419355 0.06131774101540217
15 0.8668870967741936 0.05212778094694809 0.0510241935483871 0.0482373074729036
0 0.10688709677419354 0.28769537934968625 0.02531451612903226 0.05434112949229892
2 0.300991935483871 0.0844438106103822 0.09855645161290322 0.028796349115801482
2 0.3574274193548387 0.12390758699372505 0.0752983870967742 0.024015972618368513
2 0.2959758064516129 0.1215402167712493 0.1026774193548387 0.03175128351397604
2 0.7169274193548387 0.4605191100969766 0.29501612903225805 0.02403308613804906
2 0.3485564516129032 0.45485453508271534 0.08949193548387097 0.02343411294922989
3 0.38733870967741935 0.187843696520251 0.045266129032258066 0.01822589845978323
2 0.3549112903225806 0.4343468339988591 0.09915322580645161 0.02387906446092413
10 0.5312177419354839 0.14932116371933826 0.13524193548387095 0.030673131774101543
1 0.21008064516129032 0.22338277239018822 0.0769516129032258 0.02191100969766115
8 0.19596774193548386 0.4856474614945807 0.16191129032258064 0.027535653166001144
7 0.12916935483870967 0.08887050770108385 0.12916935483870967 0.027535653166001144
8 0.5166935483870968 0.11296063890473475 0.15571774193548388 0.02816314888762122
