3 0.13618 0.243305 0.019742 0.030199
2 0.116841 0.312251 0.018533 0.052422
2 0.115633 0.250712 0.018533 0.071795
2 0.116841 0.189174 0.018533 0.051852
2 0.092667 0.248433 0.019742 0.092308
0 0.374698 0.14359 0.080983 0.038746
0 0.363417 0.101425 0.041096 0.02735
0 0.371072 0.327635 0.028203 0.02735
15 0.153908 0.558405 0.019339 0.02735
2 0.128525 0.635897 0.020145 0.093447
0 0.37228 0.556125 0.032232 0.02792
0 0.373086 0.523077 0.05278 0.02792
8 0.803787 0.550997 0.022562 0.098575
0 0.782836 0.406838 0.02498 0.112251
0 0.752216 0.411396 0.025786 0.125926
15 0.729251 0.220513 0.014907 0.020513
15 0.748187 0.166382 0.017325 0.019373
15 0.767526 0.123077 0.013296 0.020513
15 0.665592 0.222222 0.013699 0.019943
1 0.648268 0.176068 0.029815 0.015385
2 0.696213 0.100285 0.04996 0.026211
