15 0.5182953249714938 0.4637258064516129 0.05583808437856328 0.026838709677419356
2 0.23874572405929304 0.2517338709677419 0.12607753705815278 0.031629032258064516
15 0.8923888255416191 0.33807258064516127 0.026345496009122008 0.07338709677419354
15 0.3496522234891676 0.24465322580645163 0.055148232611174464 0.026451612903225803
3 0.35166476624857473 0.349258064516129 0.05430444697833523 0.018032258064516127
15 0.5145610034207525 0.35016935483870965 0.05042189281641961 0.025983870967741934
0 0.43547890535917905 0.43106451612903224 0.014013683010262257 0.039822580645161296
2 0.5828392246294184 0.305508064516129 0.07217217787913341 0.015274193548387098
2 0.1540022805017104 0.4276612903225806 0.022012542759407068 0.10437096774193548
2 0.6309749144811859 0.5402016129032258 0.1701653363740023 0.023298387096774193
2 0.7160718358038769 0.30625 0.20783352337514255 0.022362903225806453
15 0.21295895096921322 0.39180645161290323 0.052394526795895104 0.03375
15 0.3446351197263398 0.8515483870967743 0.05465792474344356 0.03170967741935484
15 0.5414367160775371 0.27176612903225805 0.020592930444697833 0.07893548387096774
2 0.7142702394526795 0.2705806451612903 0.3352109464082098 0.016838709677419354
6 0.6451254275940707 0.33360483870967744 0.03554732041049031 0.013524193548387096
2 0.7181014823261117 0.3256774193548387 0.04274230330672748 0.019725806451612905
0 0.46473204104903076 0.3828225806451613 0.019657924743443557 0.16216129032258064
15 0.4320581527936146 0.8512258064516129 0.06310148232611175 0.026895161290322583
1 0.9266875712656785 0.40004032258064515 0.05550741163055872 0.016935483870967744
0 0.3901311288483466 0.5751693548387097 0.02029076396807298 0.09544354838709677
