11 0.5537540322580645 0.3467883628066172 0.08868951612903225 0.0760467769537935
2 0.28604032258064516 0.2378094694808899 0.118125 0.03237307472903594
2 0.26892338709677416 0.2784654877353109 0.08136290322580646 0.02694808899030234
2 0.28201612903225803 0.5309754706217912 0.10623790322580647 0.027181973759269822
2 0.30038306451612906 0.7817341699942956 0.023451612903225807 0.12533941814033087
2 0.2662459677419355 0.49429549343981743 0.07068145161290322 0.02006845407872219
7 0.2664475806451613 0.5744609241300628 0.05454032258064516 0.02537934968625214
2 0.279758064516129 0.7843240159726184 0.021943548387096775 0.09776383342840844
2 0.3857379032258064 0.4689960068454079 0.028431451612903228 0.14263548203080434
2 0.1532741935483871 0.7633656588705078 0.07422983870967742 0.021916714204221335
2 0.116375 0.4889731888191671 0.025173387096774195 0.24769537934968625
2 0.31283467741935483 0.49302909298345693 0.03566532258064516 0.02069594980034227
2 0.1689677419354839 0.48840844266970906 0.02811693548387097 0.198625213918996
11 0.63025 0.34841414717626923 0.07562903225806451 0.07085567598402738
2 0.33171774193548387 0.27689674843126066 0.02857258064516129 0.02425556189389618
2 0.4219879032258064 0.477655447803765 0.023056451612903227 0.18383342840844266
2 0.36991129032258063 0.3215744438106104 0.052875 0.026628636622932116
2 0.34095967741935485 0.5310895607529948 0.03225 0.025573302909298344
6 0.2576491935483871 0.649469480889903 0.05415725806451613 0.022635482030804337
6 0.14324193548387096 0.5425784369652025 0.019911290322580648 0.08496292070735881
2 0.21168145161290325 0.762281802624073 0.03229032258064516 0.022606959498003423
3 0.3568709677419355 0.41247005134055903 0.023798387096774194 0.028984597832287507
3 0.319008064516129 0.4106503137478608 0.023104838709677417 0.02827153451226469
15 0.36574596774193546 0.369218482601255 0.03950806451612903 0.027746719908727895
