7 0.8038941176470588 0.10911461491813221 0.11849803921568627 0.03195876288659794
15 0.7209333333333334 0.6142874469375379 0.03483529411764706 0.04100667070952092
15 0.7352235294117647 0.2569254093389933 0.03124313725490196 0.038126137052759246
15 0.7951529411764706 0.1747422680412371 0.02861176470588235 0.04325651910248635
1 0.6772313725490197 0.6610855063674955 0.0693450980392157 0.018847786537295328
0 0.6900823529411765 0.469047907822923 0.029584313725490197 0.024899939357186176
4 0.8911647058823529 0.4895087932080049 0.11812156862745098 0.0236931473620376
15 0.8904156862745097 0.2780654942389327 0.024341176470588234 0.035360824742268045
2 0.7395529411764705 0.18368708308065493 0.08989411764705882 0.038841722255912675
15 0.8311333333333333 0.33234081261370524 0.03155686274509804 0.03283808368708308
2 0.793478431372549 0.22480897513644632 0.08938823529411764 0.03727713765918739
11 0.8624196078431373 0.31206185567010314 0.02769803921568627 0.12182534869617949
0 0.8894901960784313 0.46883565797453003 0.024380392156862746 0.023523347483323225
