2 0.6365887096774193 0.19675984027381632 0.14938709677419357 0.03155733029092984
2 0.3291532258064516 0.6046605818596692 0.05933870967741935 0.021825442099258414
2 0.3204798387096774 0.6426354820308043 0.07719758064516129 0.01966913861950941
2 0.3329314516129032 0.15401026811180835 0.10490725806451613 0.024609241300627496
2 0.31032661290322583 0.22772960638904732 0.057504032258064525 0.021574443810610383
2 0.31870967741935485 0.19614375356531658 0.07617741935483871 0.02210496292070736
0 0.4466008064516129 0.4004563605248146 0.018024193548387097 0.043799201369081574
0 0.46996370967741935 0.4042156303479749 0.01702016129032258 0.05859098687963491
2 0.42289112903225806 0.3821220764403879 0.017245967741935486 0.08549914432401597
2 0.28103629032258065 0.5680262407301768 0.030750000000000003 0.023131774101540215
2 0.32229435483870966 0.5284483742156304 0.019943548387096773 0.07745008556759841
3 0.37997580645161294 0.5057159155733029 0.026935483870967742 0.0359155733029093
2 0.4047822580645161 0.18423844837421566 0.045681451612903226 0.03077581289218483
2 0.7863306451612903 0.3884711922418711 0.03358064516129032 0.15014831717056473
2 0.35038709677419355 0.22843696520250997 0.022451612903225806 0.023976041072447232
3 0.2553064516129032 0.3618425556189389 0.03206451612903226 0.03427837992013691
2 0.2801008064516129 0.6040045636052481 0.03533467741935484 0.0209469480889903
0 0.21827016129032256 0.40232743867655446 0.017254032258064517 0.09029663434112949
0 0.16733064516129034 0.4046377638334284 0.01739516129032258 0.049868796349115806
6 0.1899032258064516 0.43424415288077584 0.01602016129032258 0.04151739874500856
3 0.36254838709677417 0.4500912721049629 0.027967741935483872 0.03759269823160297
