2 0.645161 0.228751 0.122177 0.027952
2 0.435887 0.408443 0.017339 0.087279
0 0.484274 0.420993 0.013306 0.066743
0 0.459274 0.3668 0.014113 0.066743
3 0.37621 0.502567 0.017742 0.022818
2 0.331048 0.638905 0.055645 0.023959
2 0.335484 0.602966 0.043548 0.023388
2 0.300806 0.601825 0.02621 0.026241
2 0.303226 0.566458 0.029032 0.0251
11 0.33629 0.514546 0.019758 0.082715
0 0.240726 0.422133 0.013306 0.082145
6 0.21371 0.441529 0.016129 0.084997
0 0.189113 0.420993 0.013306 0.03822
3 0.376613 0.333714 0.022581 0.033086
2 0.35 0.262407 0.01129 0.020536
2 0.322984 0.261266 0.041532 0.027952
2 0.393145 0.227039 0.054435 0.035938
2 0.361694 0.226469 0.01129 0.022818
2 0.329839 0.22818 0.050403 0.023388
2 0.344758 0.18996 0.084274 0.028523
