2 0.618975 0.364706 0.09609 0.033725
2 0.622007 0.317255 0.109124 0.029804
1 0.746893 0.457255 0.086693 0.032549
0 0.854198 0.487843 0.057593 0.034902
0 0.837223 0.706667 0.105183 0.040784
0 0.839042 0.668235 0.108821 0.032549
13 0.812671 0.636863 0.053349 0.020392
3 0.735677 0.567059 0.060321 0.033333
2 0.686875 0.741569 0.085177 0.029412
2 0.601394 0.697255 0.069718 0.032549
7 0.519855 0.739608 0.099121 0.02
0 0.491967 0.526667 0.063656 0.036863
0 0.395574 0.664314 0.136102 0.063137
15 0.293422 0.636471 0.024553 0.037255
2 0.339497 0.512941 0.103062 0.183137
3 0.083359 0.370196 0.086693 0.026667
12 0.29221 0.339216 0.120036 0.019216
2 0.240982 0.316078 0.14762 0.031765
