0 0.7454112903225806 0.3480376497432972 0.031612903225806455 0.07711351968054764
2 0.5251774193548387 0.12268682258984598 0.10400806451612903 0.026001140901312034
0 0.6801774193548387 0.350188248716486 0.026725806451612905 0.06777524244152881
15 0.3442983870967742 0.14547632629777524 0.048451612903225805 0.038562464346834
15 0.6591129032258064 0.1587906446092413 0.04461290322580645 0.04228180262407302
15 0.430758064516129 0.411032515687393 0.04704032258064516 0.037541357672561323
15 0.5644112903225806 0.4192127780946948 0.04745161290322581 0.03501996577296064
0 0.29754032258064517 0.34115801483171704 0.024016129032258065 0.06804905875641758
2 0.5017661290322581 0.0919623502567028 0.13066129032258064 0.02357102110667427
15 0.49649193548387094 0.15459783228750712 0.046895161290322576 0.042099258414147175
2 0.4209919354838709 0.12118653736451797 0.09058870967741936 0.020473474044495153
15 0.4916854838709678 0.21091272104962921 0.04356451612903226 0.04110667427267541
