2 0.705647 0.778226 0.017684 0.048387
3 0.689104 0.73629 0.029663 0.015323
2 0.608671 0.759677 0.011409 0.065323
2 0.288648 0.683065 0.130633 0.018548
2 0.337136 0.654839 0.034797 0.014516
0 0.386195 0.683065 0.021107 0.015323
6 0.613805 0.660484 0.031375 0.016935
0 0.614375 0.645161 0.026811 0.015323
0 0.674843 0.150806 0.028523 0.015323
0 0.880205 0.216935 0.027382 0.015323
11 0.938391 0.387903 0.055334 0.168548
11 0.937821 0.554839 0.058756 0.16371
11 0.83571 0.429839 0.07644 0.187097
11 0.754136 0.439516 0.084997 0.216129
11 0.687963 0.308065 0.092413 0.127419
11 0.634912 0.420161 0.030234 0.091129
0 0.586423 0.390323 0.031945 0.040323
0 0.561894 0.429839 0.02567 0.014516
7 0.295493 0.427419 0.058186 0.016935
7 0.413006 0.430645 0.054193 0.019355
0 0.521392 0.444355 0.043354 0.017742
8 0.444952 0.544355 0.05077 0.020968
0 0.260696 0.53629 0.035938 0.039516
0 0.399315 0.546774 0.026811 0.025806
0 0.358813 0.529839 0.026241 0.014516
2 0.499715 0.499194 0.03822 0.01371
2 0.421563 0.497581 0.107245 0.016129
2 0.353679 0.495968 0.02567 0.015323
2 0.210496 0.496774 0.030804 0.018548
2 0.284655 0.495161 0.111808 0.020968
2 0.108386 0.458871 0.046777 0.415323
0 0.175699 0.447581 0.043925 0.018548
0 0.129492 0.416935 0.033657 0.020161
0 0.061609 0.337097 0.036509 0.025
8 0.554478 0.254032 0.05077 0.020968
1 0.517399 0.225806 0.036509 0.019355
2 0.356532 0.158065 0.268112 0.026613
7 0.540217 0.168548 0.052481 0.020161
2 0.458072 0.18871 0.065031 0.01371
2 0.373075 0.185484 0.106674 0.015323
7 0.284655 0.201613 0.054193 0.019355
2 0.27838 0.180645 0.077581 0.015323
2 0.214489 0.175806 0.045066 0.014516
2 0.219624 0.173387 0.058756 0.022581
7 0.166001 0.147581 0.060468 0.021774
