2 0.42700241740531825 0.23453561253561253 0.07574133763094279 0.03150997150997151
2 0.4369540692989525 0.2798062678062678 0.07105962933118454 0.029407407407407406
2 0.38091861402095084 0.28351566951566953 0.0437187751813054 0.021264957264957265
0 0.24680902497985496 0.36103703703703705 0.029645447219983884 0.10276923076923078
2 0.40265511684125704 0.1111111111111111 0.03735294117647059 0.02237037037037037
15 0.2805842062852538 0.14561253561253562 0.02114826752618856 0.02298575498575499
0 0.28120064464141825 0.35731054131054135 0.03253021756647864 0.12084900284900285
8 0.3029411764705882 0.4587464387464388 0.016015310233682516 0.06851851851851852
0 0.31852135374697826 0.3592136752136752 0.030286059629331185 0.12146438746438745
15 0.3143674456083803 0.17412535612535612 0.0183883964544722 0.023344729344729344
15 0.34569298952457694 0.13987464387464388 0.023344077356970184 0.029658119658119656
8 0.2666317485898469 0.4622108262108262 0.01661563255439162 0.07398290598290598
15 0.34829572925060437 0.09448433048433048 0.02587026591458501 0.03518518518518519
2 0.35014101531023367 0.17734472934472936 0.018738920225624494 0.03445584045584046
8 0.34067284448025786 0.45846723646723647 0.017929089443996776 0.06647293447293447
