15 0.5500728744939272 0.36348346636259976 0.0359919028340081 0.02903078677309008
15 0.6073684210526316 0.4200570125427594 0.033659919028340084 0.02709236031927024
2 0.8883967611336033 0.14062713797035348 0.02251821862348178 0.08537058152793615
2 0.44225101214574897 0.5477251995438996 0.020291497975708502 0.11723489167616875
0 0.6426072874493927 0.5632839224629419 0.0662995951417004 0.022212086659064996
15 0.7705910931174089 0.1320296465222349 0.032323886639676114 0.03072976054732041
0 0.6501295546558704 0.32729760547320413 0.06694736842105263 0.023084378563283922
2 0.8481943319838057 0.3479988597491448 0.022704453441295545 0.25759977194982897
2 0.8064858299595141 0.13095781071835802 0.01736032388663968 0.08277651083238312
2 0.8920404858299595 0.38772519954389967 0.021910931174089068 0.3303363740022805
16 0.8396032388663969 0.7526453819840365 0.18303643724696358 0.03789053591790194
0 0.6417489878542509 0.06303306727480046 0.12127935222672065 0.02783922462941847
2 0.9248097165991903 0.31419042189281643 0.023578947368421053 0.44462371721778793
0 0.3016194331983806 0.5470809578107184 0.0791255060728745 0.01846636259977195
15 0.4195627530364372 0.710877993158495 0.03593522267206478 0.03144811858608894
2 0.7722672064777328 0.1893386545039909 0.034663967611336034 0.08787343215507411
5 0.8429716599190283 0.5810205245153934 0.11280161943319839 0.022856328392246297
15 0.39979757085020245 0.48082668187001143 0.04536842105263158 0.03210946408209806
1 0.6426153846153846 0.2053648802736602 0.0851417004048583 0.0254903078677309
11 0.5557975708502024 0.42840935005701253 0.05323076923076923 0.025786773090079814
15 0.7508663967611336 0.6501425313568985 0.037020242914979754 0.028352337514253135
0 0.6299838056680162 0.38443557582668186 0.04126315789473684 0.019464082098061573
2 0.1965991902834008 0.6043500570125427 0.020445344129554656 0.23550171037628279
0 0.2917004048582996 0.455193842645382 0.04579757085020243 0.021510832383124286
2 0.8414412955465588 0.12139680729760548 0.029765182186234817 0.0550570125427594
2 0.7964129554655871 0.6907126567844926 0.029910931174089068 0.07305587229190422
0 0.6255546558704453 0.03582098061573546 0.05706072874493927 0.0204903078677309
5 0.8661052631578948 0.05043329532497149 0.11471255060728744 0.023911060433295325
15 0.6987368421052632 0.13179019384264537 0.03311740890688259 0.02470353477765108
11 0.3868582995951417 0.6322976054732041 0.06757894736842104 0.049258836944127714
5 0.4556923076923077 0.34401368301026225 0.12556275303643724 0.026465222348916764
0 0.6273846153846154 0.5975085518814139 0.05210526315789473 0.029469783352337513
15 0.5957732793522267 0.1924515393386545 0.05210526315789473 0.022856328392246297
0 0.300663967611336 0.7442531356898519 0.09395951417004049 0.02225199543899658
