2 0.7925464834276476 0.3452166476624857 0.0219482619240097 0.0939908779931585
15 0.38662894098625705 0.415193842645382 0.039191592562651575 0.028283922462941848
2 0.5471867421180275 0.8898403648802736 0.17203718674211804 0.022291904218928165
15 0.2666127728375101 0.4145381984036488 0.038213419563459985 0.03097491448118586
2 0.2624090541632983 0.33055302166476624 0.029514955537590943 0.14590649942987458
2 0.7155295068714632 0.7582383124287343 0.02396928051738076 0.14177879133409352
15 0.41650767987065485 0.4650456100342076 0.03599029911075182 0.02718928164196123
2 0.7269684721099434 0.37213226909920183 0.02068714632174616 0.06264538198403649
2 0.29691996766370254 0.3137799315849487 0.026604688763136618 0.10447548460661346
2 0.2993936944219887 0.3895096921322691 0.024745351657235248 0.02984036488027366
5 0.31103476151980597 0.517508551881414 0.024923201293451897 0.06910490307867731
2 0.3413823767178658 0.41566134549600914 0.023734842360549718 0.07609464082098062
0 0.5509458367016976 0.5536488027366021 0.03175424413904608 0.01442417331812999
2 0.7597978981406629 0.3652508551881414 0.01942603071948262 0.11579247434435576
0 0.5545594179466451 0.5159350057012543 0.03932902182700081 0.016659064994298745
3 0.5143249797898141 0.2772976054732041 0.03449474535165724 0.025342075256556445
5 0.37007275666936135 0.5165735461801597 0.024624090541632983 0.06683010262257696
0 0.5561681487469685 0.4787856328392246 0.041002425222312046 0.016824401368301028
11 0.44327405012126114 0.33785632839224633 0.05659660468876314 0.024389965792474346
0 0.5631851253031528 0.21124287343215506 0.053468067906224735 0.01631128848346636
16 0.28780921584478575 0.8729589509692133 0.07590137429264349 0.1028449258836944
