3 0.6523676651620846 0.1692840283241542 0.027189167008617156 0.04074744295830055
8 0.7495486253590481 0.23313139260424862 0.08338530980713993 0.03413847364280095
2 0.5717152236356176 0.6767977970102282 0.09634796881411573 0.035476003147128246
7 0.4851784981534674 0.723044846577498 0.07459581452605663 0.032399685287175455
2 0.5777964710709889 0.6280409126671912 0.10197784160853508 0.034429583005507476
11 0.1878498153467378 0.2818725413060582 0.17319244973327863 0.2643823760818253
0 0.511153057037341 0.41911880409126673 0.019934345506770618 0.10819826907946499
8 0.45650800164136235 0.5729976396538159 0.07564218301189987 0.026278520849724624
0 0.5973163725892491 0.4060739575137687 0.030689372178908495 0.03545239968528718
0 0.681231021748051 0.41750590086546024 0.021029954862535904 0.10907159716758458
0 0.4830693475584735 0.41995279307631783 0.018982355354944604 0.10728560188827696
0 0.5425523184242922 0.41736428009441384 0.020467788264259337 0.0877812745869394
0 0.25064423471481334 0.060236034618410705 0.0706893721789085 0.0389771833202203
2 0.2635822732868281 0.1346498819826908 0.0706893721789085 0.0354366640440598
2 0.6708535084119819 0.7091424075531079 0.07022568732047599 0.036317859952793075
0 0.3779318834632745 0.5514555468135326 0.07299958965941732 0.03277734067663257
1 0.6657693885925318 0.26221872541306057 0.014784571194091095 0.09744295830055075
