2 0.571429 0.884265 0.317191 0.030217
2 0.797417 0.710376 0.037934 0.074116
2 0.30912 0.249145 0.02502 0.118016
2 0.326069 0.314709 0.025827 0.068985
2 0.344633 0.255416 0.02502 0.076967
2 0.376917 0.257697 0.026634 0.078677
0 0.572236 0.404219 0.101695 0.018244
0 0.5682 0.379133 0.095238 0.017674
0 0.575464 0.339795 0.155771 0.049031
0 0.5795 0.234892 0.192897 0.019954
0 0.569007 0.216648 0.054883 0.018244
0 0.5682 0.198404 0.054883 0.018814
0 0.569814 0.18187 0.05569 0.018814
0 0.571429 0.163626 0.052462 0.020525
