15 0.3523579201934704 0.5436296296296297 0.03339782345828295 0.04423931623931624
0 0.18318016928657802 0.36771509971509975 0.027347843611446994 0.07996581196581197
15 0.4095364772269246 0.5198176638176638 0.030552196694881094 0.041498575498575496
15 0.38847642079806527 0.5955954415954415 0.02808948004836759 0.03872934472934473
15 0.3067795243853285 0.5862450142450142 0.0360378879484079 0.03460968660968661
2 0.3815477629987908 0.07825641025641025 0.08162031438935913 0.025652421652421653
2 0.37220475614671505 0.15405128205128205 0.05966948810963321 0.02515099715099715
15 0.3336678758565095 0.4791965811965812 0.03712212817412334 0.03793732193732194
15 0.43768641676743253 0.5661025641025641 0.03030632809351068 0.03108831908831909
0 0.2444578798871423 0.3645128205128205 0.02950423216444982 0.1483874643874644
0 0.4488230552196695 0.36773789173789173 0.026545747682386135 0.11002279202279203
