10 0.768952 0.676554 0.037097 0.017114
2 0.766532 0.638334 0.065323 0.042784
2 0.506452 0.614375 0.165726 0.03822
15 0.566129 0.58186 0.016532 0.023388
0 0.881452 0.461495 0.016532 0.05077
0 0.840726 0.439817 0.019758 0.117513
15 0.86371 0.317741 0.014113 0.022818
15 0.82379 0.369652 0.017339 0.023388
2 0.734677 0.495151 0.053226 0.018254
15 0.717742 0.411865 0.018145 0.023959
15 0.734274 0.385054 0.015726 0.026241
15 0.758065 0.301198 0.018952 0.02567
11 0.743548 0.294923 0.031048 0.096406
2 0.794355 0.264689 0.020968 0.019966
2 0.771774 0.26526 0.025403 0.018254
2 0.788306 0.236167 0.028226 0.021107
2 0.75 0.232744 0.047581 0.022818
2 0.772177 0.207644 0.085484 0.020536
15 0.705645 0.351398 0.018548 0.023959
15 0.678226 0.305191 0.018548 0.029663
8 0.697984 0.508272 0.01129 0.061609
8 0.666532 0.50599 0.0125 0.06389
0 0.678226 0.432402 0.034274 0.104392
0 0.65 0.43012 0.02621 0.087279
3 0.600403 0.477467 0.024597 0.027952
3 0.595161 0.411295 0.025403 0.029093
15 0.56129 0.452938 0.01371 0.019966
15 0.547581 0.444952 0.016129 0.021677
2 0.52621 0.429549 0.029435 0.116372
0 0.178226 0.644039 0.021774 0.036509
0 0.155242 0.640616 0.022177 0.062179
15 0.187097 0.508272 0.021371 0.030234
2 0.266129 0.483742 0.108468 0.033657
0 0.185484 0.310325 0.025 0.035368
0 0.158065 0.288078 0.025403 0.095836
0 0.135081 0.307473 0.02621 0.055334
2 0.254435 0.150599 0.069758 0.041643
2 0.204032 0.148317 0.029839 0.035368
2 0.270968 0.110097 0.104032 0.041643
