7 0.5797659817351598 0.24691759112519812 0.022494292237442922 0.10977812995245641
15 0.6053424657534247 0.6035974643423138 0.02194634703196347 0.020649762282091918
7 0.5796575342465753 0.41969889064976224 0.021855022831050227 0.11108557844690967
5 0.8833276255707762 0.5733438985736925 0.05534817351598174 0.020974643423137877
5 0.8611301369863014 0.4062519809825674 0.05425228310502283 0.019770206022187004
0 0.786175799086758 0.4868858954041205 0.0436986301369863 0.013732171156893819
11 0.6687557077625571 0.26919968304278924 0.03639840182648402 0.029334389857369258
0 0.7866324200913243 0.5348019017432646 0.0436986301369863 0.01764659270998415
2 0.6032648401826485 0.3340095087163233 0.016152968036529682 0.05623613312202853
2 0.6390068493150685 0.29938985736925516 0.01264269406392694 0.05589540412044375
1 0.7157591324200914 0.415784469096672 0.012351598173515983 0.05550713153724247
1 0.7137100456621005 0.2534310618066561 0.013955479452054794 0.05475435816164817
2 0.9323344748858448 0.4154437400950871 0.013744292237442921 0.06766244057052298
