0 0.7383991935483871 0.40750142612664003 0.031745967741935485 0.09847689674843126
0 0.3798548387096774 0.1654820308043354 0.0736209677419355 0.03077010838562464
2 0.6540685483870967 0.08312036508841986 0.05796370967741935 0.031243582430119796
15 0.6153830645161291 0.20480889903023386 0.016536290322580645 0.02078722190530519
0 0.37194758064516126 0.13936679977181973 0.045375 0.02320022818026241
0 0.37212903225806454 0.33456360524814605 0.036814516129032256 0.022492869366799773
2 0.1033991935483871 0.2562065031374786 0.021504032258064517 0.09312036508841985
15 0.6831209677419355 0.19968625213918997 0.02 0.021950941243582427
0 0.3680766129032258 0.49788362806617226 0.055209677419354834 0.023023388476896747
0 0.3676854838709677 0.5285681688533942 0.04807258064516129 0.025949800342270395
15 0.725508064516129 0.10926982316029664 0.024487903225806452 0.0227438676554478
15 0.7045887096774194 0.15455790074158585 0.018975806451612905 0.021517398745008555
15 0.15010483870967742 0.5390701654306902 0.021879032258064514 0.026537364517969196
0 0.7058669354838709 0.40475185396463204 0.027620967741935485 0.11023958927552767
2 0.1278508064516129 0.18891043924700515 0.020584677419354838 0.04181973759269823
2 0.12163709677419356 0.6145122646891044 0.02460483870967742 0.08956075299486595
2 0.12643145161290323 0.25005704506560184 0.017358870967741934 0.07817455790074158
2 0.12645967741935485 0.30945807187678265 0.01472983870967742 0.03464346833998859
