2 0.30879129734085414 0.10073504273504273 0.04649879129734085 0.021116809116809118
2 0.31986704270749394 0.2663076923076923 0.06805801772763899 0.02325925925925926
8 0.25481466559226434 0.5094415954415955 0.01645447219983884 0.0751111111111111
0 0.20108380338436743 0.4113675213675214 0.03074536663980661 0.10535612535612536
0 0.16254633360193393 0.41239886039886037 0.029339242546333598 0.09464957264957266
2 0.2810757453666398 0.33747008547008545 0.03790491539081386 0.020683760683760682
2 0.32186946011281226 0.33595441595441594 0.02864222401289283 0.024159544159544157
0 0.23463336019339243 0.41132193732193734 0.027973408541498795 0.10752706552706554
15 0.197477840451249 0.12944159544159545 0.02034649476228848 0.02341880341880342
8 0.21941579371474618 0.511065527065527 0.016067687348912167 0.0738005698005698
15 0.22572119258662368 0.16302564102564104 0.02105157131345689 0.02410826210826211
15 0.26574536663980663 0.1711794871794872 0.01992344883158743 0.021566951566951566
15 0.27056809024979855 0.7351737891737892 0.025286059629331184 0.02104273504273504
11 0.24483883964544725 0.14035897435897438 0.019738114423851733 0.05415954415954416
8 0.18579371474617243 0.5103190883190883 0.015064464141821112 0.07275213675213675
15 0.2648186946011281 0.13524216524216523 0.01226027397260274 0.026586894586894585
