2 0.653934 0.504854 0.051881 0.022948
2 0.095781 0.130627 0.071266 0.022065
0 0.223489 0.137688 0.034208 0.029126
2 0.18073 0.03707 0.063284 0.028244
2 0.18187 0.733451 0.062714 0.023831
3 0.231471 0.789056 0.047891 0.026478
15 0.151083 0.774934 0.020525 0.022065
15 0.142531 0.751103 0.019954 0.027361
1 0.219498 0.949691 0.041619 0.024713
15 0.263968 0.822595 0.020525 0.028244
15 0.216078 0.865843 0.019384 0.026478
0 0.324401 0.673433 0.028506 0.01677
12 0.348917 0.72286 0.075827 0.018535
3 0.429875 0.92233 0.047891 0.026478
3 0.514823 0.872021 0.027366 0.021183
1 0.519954 0.901147 0.040479 0.028244
15 0.554732 0.866726 0.021665 0.032657
4 0.556442 0.82436 0.066705 0.018535
0 0.557013 0.805825 0.061003 0.026478
15 0.469213 0.782877 0.015393 0.019417
15 0.467503 0.760812 0.016534 0.0203
2 0.486887 0.739629 0.076397 0.027361
2 0.450399 0.70962 0.050171 0.023831
2 0.574686 0.678729 0.055872 0.027361
2 0.734892 0.678729 0.088369 0.023831
2 0.735462 0.620477 0.077537 0.0203
2 0.706385 0.595763 0.053592 0.027361
1 0.822121 0.610768 0.039339 0.018535
15 0.785633 0.519859 0.018814 0.025596
4 0.812999 0.484554 0.068985 0.01677
0 0.903079 0.487202 0.033637 0.026478
0 0.949259 0.451015 0.067275 0.028244
4 0.903079 0.507502 0.068985 0.01677
4 0.948119 0.470432 0.070125 0.017652
15 0.902509 0.386584 0.016534 0.024713
15 0.947548 0.375993 0.020525 0.028244
2 0.661916 0.300971 0.059863 0.022948
2 0.63512 0.25684 0.059863 0.022948
2 0.604903 0.228597 0.058153 0.026478
7 0.662486 0.187114 0.067275 0.015887
10 0.607184 0.166814 0.063284 0.01677
15 0.596921 0.251545 0.018814 0.027361
15 0.639111 0.223301 0.018244 0.030891
15 0.568415 0.221536 0.014823 0.026478
15 0.395667 0.315093 0.015393 0.022065
15 0.426454 0.378641 0.017674 0.023831
0 0.389966 0.44925 0.027366 0.018535
0 0.421323 0.483672 0.025656 0.015004
1 0.533637 0.545455 0.038769 0.027361
15 0.472064 0.524272 0.017674 0.030009
15 0.54504 0.51368 0.016534 0.026478
4 0.520525 0.488967 0.067845 0.017652
