2 0.411865 0.697337 0.010268 0.040355
2 0.394181 0.673931 0.024529 0.012107
2 0.341129 0.669088 0.072447 0.012107
2 0.326298 0.644875 0.011409 0.024213
0 0.300057 0.492333 0.009127 0.02502
2 0.285796 0.434221 0.031945 0.015335
0 0.588135 0.49314 0.007416 0.020178
0 0.537935 0.496368 0.007416 0.023406
0 0.527096 0.494754 0.009698 0.022599
2 0.564746 0.476998 0.021107 0.017756
2 0.576155 0.435835 0.017114 0.011299
2 0.561323 0.436642 0.013691 0.013721
2 0.568169 0.423729 0.029093 0.012914
2 0.51911 0.163035 0.838562 0.033091
0 0.131774 0.280065 0.010839 0.048426
2 0.179122 0.281679 0.010268 0.047619
3 0.204221 0.234867 0.009127 0.012914
0 0.264119 0.274415 0.010268 0.029056
0 0.318882 0.276836 0.010268 0.051655
0 0.338277 0.277643 0.01255 0.062147
0 0.382202 0.281679 0.013691 0.05004
3 0.381061 0.221146 0.010268 0.012914
0 0.419852 0.267958 0.009127 0.033091
3 0.60753 0.216303 0.016543 0.016142
0 0.571021 0.259887 0.021107 0.057304
0 0.641187 0.267151 0.011409 0.032284
2 0.910439 0.439871 0.040502 0.024213
2 0.922989 0.496368 0.016543 0.063761
2 0.945237 0.288136 0.009127 0.052462
0 0.953223 0.270379 0.010268 0.046005
0 0.794067 0.263923 0.019395 0.041162
3 0.730747 0.218725 0.015402 0.017756
0 0.735311 0.263115 0.021107 0.046005
2 0.786651 0.305892 0.019966 0.015335
2 0.75984 0.306699 0.022818 0.015335
2 0.773531 0.276029 0.010839 0.039548
1 0.956075 0.224374 0.028523 0.020985
2 0.881346 0.212268 0.112379 0.017756
2 0.881346 0.190476 0.110097 0.018563
2 0.804906 0.189669 0.044495 0.016142
2 0.775242 0.187248 0.015973 0.015335
2 0.742156 0.189669 0.055334 0.017756
2 0.67142 0.189669 0.089561 0.016949
2 0.584712 0.187248 0.087849 0.016949
2 0.512265 0.188862 0.059327 0.01937
2 0.44267 0.187248 0.078722 0.020985
2 0.398745 0.187248 0.010839 0.015335
2 0.363948 0.187248 0.064461 0.01937
2 0.324016 0.188055 0.018254 0.016949
2 0.271535 0.190476 0.086708 0.016949
2 0.184826 0.188862 0.084427 0.020178
2 0.184826 0.211461 0.077581 0.01937
2 0.13976 0.209847 0.013691 0.011299
2 0.135767 0.187248 0.017114 0.014528
2 0.112379 0.188055 0.027382 0.016142
0 0.073018 0.277643 0.010839 0.026634
1 0.067313 0.226796 0.02567 0.018563
0 0.220194 0.669088 0.020536 0.038741
0 0.150029 0.687651 0.007986 0.026634
2 0.127781 0.619048 0.033086 0.013721
2 0.132345 0.455206 0.031945 0.016142
2 0.116942 0.494754 0.010839 0.045198
