3 0.773204 0.204675 0.051655 0.020525
3 0.523002 0.199544 0.046005 0.019384
16 0.805488 0.719498 0.153349 0.037058
2 0.297821 0.624857 0.126715 0.022235
10 0.266344 0.641391 0.084746 0.023945
7 0.414851 0.631699 0.101695 0.022235
15 0.356739 0.596921 0.045198 0.030787
15 0.305085 0.596921 0.046005 0.030787
2 0.358354 0.507412 0.107345 0.025656
2 0.299435 0.538198 0.101695 0.025656
2 0.329298 0.478335 0.046812 0.024515
0 0.858757 0.415621 0.075061 0.026226
15 0.673931 0.405929 0.034705 0.034778
2 0.54318 0.257127 0.025827 0.062714
11 0.705408 0.237172 0.071832 0.025086
11 0.636804 0.236602 0.06134 0.029647
2 0.831316 0.262258 0.039548 0.085519
2 0.790153 0.250855 0.037127 0.063284
2 0.690073 0.198404 0.044391 0.026226
0 0.450363 0.36317 0.038741 0.064994
0 0.410008 0.36545 0.037934 0.069555
0 0.221146 0.36317 0.037127 0.0439
15 0.389023 0.179019 0.043584 0.029076
15 0.391445 0.141391 0.046005 0.029647
8 0.504439 0.105473 0.10573 0.021665
