15 0.7573725490196078 0.616191631291692 0.032215686274509804 0.0406367495451789
1 0.7186431372549019 0.6807095209217707 0.06986274509803922 0.018720436628259552
15 0.9026431372549019 0.29647665251667676 0.021458823529411763 0.035415403274711946
11 0.8805450980392157 0.32679805942995754 0.023090196078431373 0.09679805942995755
15 0.7673725490196078 0.25659187386294724 0.028933333333333335 0.03471194663432384
15 0.8292823529411765 0.23054578532443906 0.030192156862745095 0.03442086112795634
7 0.722964705882353 0.15864766525166768 0.10952549019607843 0.022498483929654336
4 0.9008352941176471 0.5066464523953912 0.11397647058823529 0.022916919345057612
15 0.8468666666666668 0.34568829593693146 0.029298039215686272 0.0383687083080655
2 0.7673333333333333 0.20801091570648877 0.09812549019607843 0.01668890236506974
2 0.8276196078431372 0.2818496058217101 0.0725921568627451 0.03289266221952699
0 0.7273882352941177 0.4960460885385082 0.02349019607843137 0.0391146149181322
