3 0.864808 0.55098 0.035162 0.020392
15 0.909063 0.390196 0.027281 0.032549
2 0.912701 0.361961 0.072143 0.1
2 0.84177 0.221961 0.073356 0.020784
15 0.850258 0.287451 0.027887 0.038431
15 0.786905 0.311373 0.028797 0.047451
0 0.6408 0.255294 0.098212 0.066667
0 0.568354 0.415294 0.053653 0.021961
15 0.653228 0.348235 0.02425 0.033725
15 0.697181 0.384314 0.023947 0.041961
15 0.579266 0.474118 0.037284 0.02902
0 0.739315 0.546667 0.087299 0.063529
2 0.391028 0.712549 0.303425 0.038431
7 0.532889 0.748235 0.101849 0.019216
10 0.584723 0.717647 0.097605 0.018824
2 0.561685 0.670196 0.156108 0.02
2 0.561685 0.594118 0.107305 0.024706
15 0.558957 0.543529 0.025462 0.032941
15 0.557139 0.63451 0.026675 0.027059
15 0.45923 0.668627 0.024856 0.038824
2 0.438315 0.635294 0.142164 0.019216
2 0.437405 0.615294 0.14762 0.016078
2 0.380721 0.580392 0.120339 0.033333
15 0.213095 0.648627 0.026978 0.040784
2 0.21461 0.576471 0.130949 0.02
15 0.461958 0.476078 0.021219 0.032549
15 0.390118 0.484314 0.027584 0.036863
2 0.376478 0.357647 0.052137 0.075294
15 0.270385 0.336471 0.027887 0.035686
0 0.17672 0.536078 0.080327 0.030588
0 0.071537 0.415294 0.051834 0.022353
15 0.140042 0.484706 0.029403 0.038431
5 0.099424 0.343529 0.103062 0.021176
1 0.275235 0.303922 0.098818 0.019216
0 0.10579 0.271765 0.089421 0.033333
3 0.520461 0.12902 0.041225 0.019216
