3 0.38625806451612904 0.35201939532230464 0.02175 0.02557900741585853
3 0.6807096774193548 0.5387164860239589 0.021310483870967744 0.023616657159155733
2 0.20825806451612905 0.5271420422133486 0.12904032258064516 0.025470621791215058
15 0.6690645161290323 0.5785054192812322 0.020536290322580645 0.019543639475185396
8 0.5554233870967742 0.38085567598402736 0.01247983870967742 0.04794637763833428
2 0.6774717741935484 0.18524814603536793 0.10852419354838709 0.01802624073017684
2 0.4514354838709677 0.465750142612664 0.0996975806451613 0.022487164860239592
0 0.3337459677419355 0.28401597261836853 0.019193548387096776 0.05111808328579578
2 0.6775040322580645 0.15495151169423846 0.11231048387096773 0.02127210496292071
10 0.5749596774193548 0.2003936109526526 0.0491491935483871 0.017005134055904165
2 0.7184193548387097 0.6237992013690815 0.06049596774193548 0.027307472903593838
2 0.20747177419354837 0.15160867084997146 0.1290967741935484 0.02273245864232744
0 0.5808709677419355 0.3218881916714204 0.018048387096774192 0.07425556189389618
0 0.32294758064516127 0.6725727324586424 0.017766129032258066 0.04029663434112949
0 0.7763870967741936 0.32560182544209926 0.019254032258064515 0.08110096976611522
0 0.6171612903225806 0.6089845978322875 0.02615725806451613 0.09207644038790644
2 0.6962056451612902 0.30628636622932115 0.034375 0.02997718197375927
2 0.6080806451612903 0.18352538505419283 0.030137096774193545 0.015772960638904734
15 0.4066774193548387 0.4497832287507131 0.016080645161290322 0.02078151739874501
0 0.7569596774193549 0.3263947518539646 0.019665322580645163 0.0670907016543069
0 0.7901370967741935 0.61312606959498 0.026100806451612904 0.1059155733029093
0 0.3137822580645161 0.28459212778094695 0.01882258064516129 0.06034797490017114
7 0.763991935483871 0.4279806046776954 0.044524193548387096 0.01273816314888762
2 0.7033790322580645 0.3713063320022818 0.04664516129032258 0.013513976041072448
0 0.29496370967741936 0.30096406160867084 0.012375 0.0236280661722761
0 0.5662217741935484 0.3353907586993725 0.012935483870967742 0.030872789503707927
2 0.15612499999999999 0.17609811751283513 0.04329032258064516 0.013702224757558472
2 0.6481854838709677 0.37184826012549915 0.04863306451612903 0.014803194523673702
8 0.5961491935483871 0.36985738733599544 0.011580645161290322 0.0522532800912721
2 0.43049596774193555 0.31233884768967485 0.021637096774193548 0.0683342840844267
3 0.390125 0.3048659440958357 0.0187258064516129 0.02343411294922989
0 0.803125 0.33166001140901313 0.014241935483870968 0.028585282373074727
15 0.632616935483871 0.27268682258984595 0.017491935483870968 0.01657159155733029
15 0.29516935483870965 0.5629549343981746 0.017661290322580642 0.01829435253850542
2 0.8667983870967741 0.376719908727895 0.09747177419354838 0.016098117512835138
0 0.543491935483871 0.3208556759840274 0.016838709677419354 0.058784940102681114
0 0.2990967741935484 0.6769594980034227 0.01635483870967742 0.03302338847689675
15 0.7000282258064516 0.6023331431831147 0.015830645161290322 0.017855105533371364
2 0.26981048387096773 0.17776953793496864 0.029637096774193548 0.014107244723331433
2 0.7259435483870967 0.31661722760981176 0.02515725806451613 0.01586993725042784
0 0.6520282258064516 0.2960068454078722 0.012830645161290323 0.025835710211066742
15 0.42022580645161295 0.33054192812321737 0.011665322580645161 0.01479749001711352
15 0.6610201612903226 0.2168397033656589 0.016310483870967743 0.01690245293782088
15 0.7692459677419355 0.5693496862521392 0.015983870967741936 0.018613804905875643
15 0.6102661290322581 0.3080205362236167 0.014241935483870968 0.01661152310325157
15 0.6988951612903226 0.27275527666856814 0.017834677419354836 0.016651454649172847
15 0.4330201612903226 0.33019395322304623 0.012754032258064516 0.014244152880775813
2 0.676625 0.3716428978893326 0.007326612903225807 0.012949229891614376
15 0.7291290322580645 0.3545750142612664 0.015439516129032257 0.02069024529378209
6 0.8229435483870968 0.11458642327438677 0.015407258064516129 0.011665715915573303
