0 0.26506860371267155 0.33394526795895096 0.0319774011299435 0.06446978335233751
2 0.5099031476997579 0.12254275940706956 0.14430992736077483 0.033112884834663625
2 0.5360855528652139 0.16334093500570127 0.09854721549636804 0.033608893956670466
11 0.6991686844229217 0.24667046750285065 0.0476997578692494 0.056755986316989734
2 0.580048426150121 0.3303135689851767 0.10745762711864405 0.03286773090079818
0 0.7572397094430993 0.34077537058152796 0.040048426150121066 0.08275370581527937
0 0.3400807102502018 0.34493728620296465 0.03411622276029056 0.10241733181299885
15 0.7942211460855528 0.5111003420752566 0.04630347054075867 0.04031356898517673
2 0.5715577078288943 0.37539338654503995 0.121727199354318 0.030142531356898518
6 0.4210088781275222 0.2038939566704675 0.0419047619047619 0.025239452679589512
