15 0.149412 0.342632 0.036471 0.049727
0 0.226667 0.446331 0.054902 0.052153
0 0.172157 0.425713 0.04902 0.030928
0 0.109412 0.423893 0.058431 0.044876
5 0.105098 0.462705 0.077647 0.035779
0 0.147843 0.542753 0.04549 0.031534
1 0.22549 0.58399 0.070196 0.033354
2 0.323137 0.666465 0.085098 0.026076
13 0.412549 0.684051 0.072549 0.026683
2 0.623922 0.686477 0.112157 0.034566
5 0.767451 0.65191 0.07451 0.029109
1 0.678824 0.585203 0.061961 0.032747
7 0.660784 0.519102 0.078431 0.037599
15 0.638431 0.451789 0.032549 0.052153
15 0.648235 0.402062 0.03098 0.046089
0 0.839608 0.440873 0.050588 0.027896
0 0.785882 0.448757 0.045098 0.029715
0 0.731765 0.434809 0.053333 0.046089
11 0.686667 0.319588 0.024314 0.116434
2 0.631373 0.289266 0.08 0.035779
2 0.501961 0.288053 0.12 0.026683
2 0.550196 0.249848 0.092157 0.032747
2 0.298431 0.292298 0.089804 0.031534
2 0.43098 0.209824 0.298431 0.037599
2 0.451373 0.164948 0.34902 0.035779
