0 0.097908 0.539608 0.094271 0.031765
0 0.098212 0.501961 0.097605 0.030196
13 0.066687 0.470196 0.075781 0.018039
2 0.098212 0.164706 0.084268 0.1
2 0.104577 0.264706 0.106396 0.038824
15 0.175811 0.214902 0.027281 0.039608
2 0.261291 0.263922 0.081843 0.030196
13 0.575629 0.368235 0.09124 0.021569
1 0.527736 0.337647 0.055471 0.027059
2 0.488936 0.299216 0.099121 0.035294
2 0.465293 0.229412 0.147317 0.036078
2 0.382237 0.260392 0.089421 0.028627
3 0.337072 0.377647 0.042437 0.031765
0 0.294635 0.501961 0.150045 0.056471
15 0.327978 0.543922 0.021825 0.03451
0 0.256441 0.676471 0.072143 0.028627
0 0.239163 0.701961 0.037587 0.02549
1 0.318278 0.628235 0.056987 0.027451
1 0.50773 0.723137 0.09609 0.029412
7 0.525917 0.676863 0.098818 0.018824
2 0.50682 0.645882 0.081843 0.036863
0 0.520764 0.481569 0.046681 0.031765
8 0.585632 0.547451 0.095787 0.019216
0 0.585935 0.52549 0.083055 0.033333
0 0.649894 0.47451 0.047893 0.032549
11 0.856926 0.461569 0.125493 0.246667
11 0.876629 0.532157 0.019703 0.06
