8 0.12623717217787914 0.47314769975786924 0.020689851767388825 0.08109765940274415
15 0.17015963511972632 0.32465698143664246 0.033922462941847205 0.036222760290556905
15 0.5062029646522235 0.3340193704600484 0.029652223489167615 0.034083938660209846
15 0.48884834663626003 0.5791444713478612 0.02499429874572406 0.032534301856335754
2 0.25653363740022805 0.1356739305891848 0.08556442417331814 0.02772397094430993
2 0.40867160775370576 0.37832929782082325 0.0833751425313569 0.022364810330912026
15 0.3127423033067275 0.5859322033898305 0.027542759407069555 0.035778853914447135
2 0.2830843785632839 0.17401129943502824 0.06721778791334093 0.027288135593220342
15 0.28104332953249717 0.3830669895076675 0.02780501710376283 0.04058111380145279
2 0.33825541619156213 0.611501210653753 0.07592360319270239 0.022340597255851493
15 0.08623717217787913 0.2827602905569007 0.027936145952109463 0.03695722356739306
2 0.3274515393386545 0.09569007263922519 0.22452679589509691 0.030968523002421304
15 0.45572976054732045 0.3468603712671509 0.03104903078677309 0.03162227602905569
2 0.24016533637400228 0.21097659402744146 0.054384264538198404 0.023930589184826472
0 0.14607183580387684 0.36769975786924936 0.018911060433295327 0.05204196933010493
2 0.2925370581527936 0.6504842615012106 0.1637400228050171 0.020782889426957222
0 0.4657468643101482 0.3954560129136401 0.017548460661345498 0.03844229217110573
0 0.05857468643101482 0.3632687651331719 0.01982326111744584 0.052219531880548835
15 0.35851767388825545 0.5860371267150928 0.025535917901938425 0.03698950766747377
0 0.5325712656784493 0.3726634382566586 0.01945267958950969 0.049313962873284906
2 0.41311288483466363 0.2501694915254237 0.05262827822120867 0.0223728813559322
0 0.095096921322691 0.49600484261501204 0.022725199543899656 0.10825665859564164
2 0.32913340935005697 0.05398708635996772 0.22681299885974915 0.027514124293785313
15 0.6394925883694413 0.2883454398708636 0.03034777651083238 0.04408393866020984
3 0.3441049030786773 0.22787732041969327 0.027240592930444698 0.03810330912025827
0 0.17170467502850628 0.4843018563357546 0.020678449258836946 0.06847457627118644
16 0.8849885974914481 0.5764729620661824 0.1664880273660205 0.044132364810330914
15 0.3287571265678449 0.2586117836965295 0.024224629418472064 0.030209846650524615
2 0.7086659064994298 0.2569330104923325 0.16428734321550742 0.026868442292171106
0 0.3378905359179019 0.3535189669087974 0.021801596351197265 0.07533494753833737
15 0.2936145952109464 0.34163841807909606 0.024007981755986316 0.03798224374495561
8 0.497981755986317 0.5022679580306698 0.020370581527936145 0.09490718321226796
2 0.323460661345496 0.33402744148506863 0.027879133409350058 0.04769168684422922
15 0.455672748004561 0.24009685230024214 0.03006841505131129 0.03632768361581921
