16 0.9233508064516128 0.6286366229321164 0.07518145161290322 0.047723901882487166
2 0.17935887096774195 0.21021106674272674 0.021875 0.01558471192241871
2 0.1840040322580645 0.5760239589275528 0.04654435483870968 0.015168282943525385
2 0.19613306451612905 0.34280661722760986 0.057616935483870965 0.014341129492298916
0 0.3194959677419355 0.37084426697090705 0.011459677419354839 0.034426697090701654
0 0.3751532258064516 0.37229891614375354 0.014419354838709677 0.03694808899030234
2 0.20653629032258067 0.17628636622932115 0.04771370967741936 0.014346833998859098
11 0.5077056451612902 0.29929264118653737 0.03799193548387097 0.14683399885909867
11 0.26145967741935483 0.2662977752424415 0.01845967741935484 0.06515116942384483
0 0.343758064516129 0.3703365658870508 0.010963709677419355 0.03340559041642898
11 0.15468548387096775 0.11169423844837423 0.016225806451612906 0.06622361665715916
11 0.6574758064516129 0.23868225898459786 0.07433870967741936 0.04459212778094695
0 0.08519354838709678 0.36998859098687964 0.014625 0.0333656588705077
15 0.2075443548387097 0.29791785510553337 0.022173387096774196 0.027769537934968624
3 0.16469354838709677 0.4922875071306332 0.016705645161290323 0.014375356531660012
0 0.11159677419354838 0.3723502567027952 0.017923387096774195 0.05321734169994296
5 0.2745806451612903 0.3480148317170565 0.049375 0.01778094694808899
2 0.1738266129032258 0.2911751283513976 0.036072580645161285 0.01620650313747861
2 0.2114717741935484 0.21025099828864802 0.03424596774193549 0.015704506560182546
3 0.22476209677419354 0.2347062179121506 0.01555241935483871 0.013884768967484312
2 0.19728629032258063 0.06575584711922418 0.014814516129032259 0.016069594980034227
