16 0.9327247077791214 0.6555872291904219 0.07790004030632809 0.04135689851767389
15 0.33760580411124547 0.5426624857468644 0.022317613865376864 0.027770809578107184
15 0.1679161628375655 0.3075769669327252 0.022172511084240225 0.027314709236031926
15 0.3367916162837566 0.3405188141391106 0.02407900040306328 0.028187001140250852
8 0.2601209189842805 0.31657924743443555 0.054969770253929864 0.018375142531356897
2 0.691148730350665 0.322405929304447 0.037928254735993545 0.015974914481185862
1 0.30334139459895204 0.38118015963511975 0.011499395405078598 0.031094640820980617
1 0.24653365578395808 0.4820980615735462 0.013397823458282951 0.03001140250855188
3 0.28499798468359533 0.3753705815279361 0.014478033051189037 0.023101482326111745
2 0.23652156388553 0.3735803876852908 0.016892382103990324 0.07989167616875713
1 0.15966948810963322 0.37757126567844923 0.01238210399032648 0.03023945267958951
1 0.14767029423619507 0.4994526795895097 0.011934703748488512 0.03153363740022805
0 0.26899234179766224 0.29692702394526793 0.06729947601773478 0.015342075256556443
2 0.13002821442966547 0.4411573546180159 0.01634018540910923 0.17862029646522234
0 0.27000403063280937 0.5579532497149373 0.029101168883514713 0.015598631698973775
2 0.37592503022974605 0.53172748004561 0.01633615477629988 0.06407069555302167
15 0.7120757758968158 0.5070011402508552 0.0201813784764208 0.03449828962371722
3 0.6216928657799274 0.37941847206385404 0.02185812172511084 0.01866020524515393
3 0.2624103184199919 0.372309007981756 0.015719467956469165 0.019144811858608893
3 0.5936154776299879 0.5080501710376283 0.04808948004836759 0.04915621436716078
10 0.1453123740427247 0.4418871151653364 0.013897621926642482 0.04998289623717218
