0 0.32621 0.662293 0.014113 0.047347
0 0.225403 0.656589 0.012903 0.029093
0 0.108065 0.666857 0.012903 0.044495
0 0.091129 0.67142 0.01371 0.039932
15 0.120161 0.545351 0.012903 0.018254
15 0.322984 0.515117 0.012903 0.018254
15 0.247984 0.512835 0.012903 0.018254
2 0.284274 0.49344 0.057258 0.019395
2 0.196371 0.49344 0.128226 0.023959
2 0.225806 0.471763 0.184274 0.021107
3 0.645161 0.559612 0.022984 0.033657
2 0.678629 0.638334 0.04879 0.026241
0 0.740323 0.629778 0.015726 0.084997
15 0.721371 0.59441 0.015323 0.018825
15 0.66371 0.618939 0.015323 0.021107
15 0.639516 0.600114 0.014919 0.019395
0 0.597581 0.628637 0.017742 0.087279
6 0.858871 0.520821 0.015323 0.014261
2 0.827823 0.447804 0.109677 0.0251
15 0.879435 0.44267 0.011694 0.018254
3 0.903629 0.375927 0.018548 0.019966
3 0.9 0.32858 0.017742 0.023388
15 0.869758 0.356532 0.012097 0.017114
15 0.854839 0.356532 0.012097 0.015973
2 0.841532 0.332002 0.015323 0.092983
7 0.650403 0.450656 0.035484 0.01255
8 0.709274 0.394752 0.008871 0.043925
8 0.689113 0.393611 0.008871 0.041072
0 0.699597 0.335425 0.018145 0.073588
0 0.678226 0.341129 0.016532 0.098118
0 0.658065 0.34227 0.016532 0.082715
15 0.67621 0.426127 0.012903 0.018254
15 0.627823 0.32858 0.016129 0.022248
15 0.647177 0.288078 0.015323 0.019966
15 0.695565 0.197376 0.012903 0.020536
2 0.569758 0.177981 0.025403 0.014261
10 0.530645 0.16429 0.044355 0.014261
15 0.567742 0.22818 0.0125 0.014832
15 0.442339 0.172847 0.014516 0.018254
15 0.562097 0.146606 0.015323 0.020536
2 0.600806 0.124929 0.053629 0.019966
2 0.514516 0.124358 0.122581 0.023959
2 0.443145 0.123217 0.022581 0.019395
2 0.539516 0.10097 0.181452 0.023388
8 0.427823 0.393041 0.008468 0.041643
8 0.38629 0.393041 0.008065 0.042784
2 0.631452 0.381061 0.041129 0.033086
2 0.569758 0.390188 0.085081 0.017114
2 0.520968 0.389618 0.011694 0.016543
2 0.481452 0.390759 0.066532 0.020536
3 0.535081 0.254421 0.011694 0.016543
3 0.511694 0.25328 0.011694 0.016543
11 0.468548 0.25271 0.012903 0.023388
0 0.497984 0.325727 0.011694 0.035938
15 0.520968 0.334855 0.011694 0.016543
15 0.522581 0.312607 0.011694 0.016543
15 0.506855 0.280662 0.01371 0.019395
15 0.464516 0.284655 0.014919 0.018825
15 0.444355 0.312037 0.01371 0.019395
15 0.389919 0.226469 0.012903 0.017114
15 0.369758 0.225328 0.011694 0.016543
0 0.416532 0.334855 0.016129 0.091272
0 0.399194 0.351398 0.011694 0.031375
0 0.37621 0.338277 0.017742 0.071877
0 0.357661 0.353109 0.012097 0.035368
0 0.328629 0.334284 0.011694 0.030804
0 0.283065 0.306332 0.015323 0.066743
0 0.183065 0.30348 0.014516 0.064461
0 0.15 0.320593 0.012097 0.023388
0 0.110484 0.334284 0.011694 0.027952
0 0.093145 0.333714 0.011694 0.033657
0 0.075 0.331432 0.012097 0.031945
2 0.261694 0.208214 0.033065 0.017684
2 0.3125 0.16486 0.027016 0.017684
2 0.247581 0.162578 0.035484 0.016543
2 0.133468 0.16486 0.02379 0.016543
2 0.283871 0.140331 0.056855 0.018254
2 0.193952 0.140331 0.120968 0.021107
2 0.224597 0.118083 0.183871 0.019966
