2 0.23796535052377116 0.11724216524216524 0.08400483481063659 0.037487179487179494
10 0.28492747784045125 0.7254643874643875 0.04057211925866237 0.014233618233618234
0 0.32053182917002415 0.4490997150997151 0.025120870265914585 0.10307122507122507
0 0.29132554391619664 0.4483247863247863 0.02345688960515713 0.09228490028490029
15 0.1872522159548751 0.14833618233618232 0.017518130539887187 0.022934472934472934
15 0.31997985495568093 0.182968660968661 0.019951651893634167 0.023230769230769232
15 0.2798952457695407 0.2452877492877493 0.01821514907332796 0.021595441595441595
15 0.25919016921837223 0.14776638176638177 0.01647058823529412 0.02147008547008547
15 0.45426672038678484 0.46225071225071224 0.013243352135374697 0.018273504273504274
15 0.44312248186946007 0.47709401709401705 0.012921031426269138 0.017811965811965813
