0 0.8964354838709677 0.5389053591790194 0.014056451612903226 0.034629418472063855
2 0.4483387096774194 0.48041619156214366 0.07466129032258065 0.011516533637400227
1 0.13661290322580646 0.6248574686431014 0.05056451612903226 0.008911060433295325
1 0.7773951612903226 0.5621265678449259 0.050774193548387095 0.009549600912200685
0 0.949967741935484 0.5296009122006842 0.02042741935483871 0.06294754846066135
2 0.7968306451612903 0.3827366020524516 0.09380645161290323 0.016527936145952108
10 0.741 0.40123717217787913 0.08770161290322581 0.011077537058152793
5 0.8881854838709676 0.42285062713797034 0.06199193548387097 0.012274800456100342
1 0.8628225806451614 0.43681870011402507 0.0437258064516129 0.00863740022805017
15 0.9072016129032259 0.3878791334093501 0.09048387096774194 0.01928164196123147
1 0.8626129032258065 0.5838255416191562 0.053338709677419355 0.010416191562143672
1 0.7857016129032258 0.4246807297605473 0.03611290322580645 0.009794754846066135
15 0.7416129032258064 0.4399714937286203 0.07979032258064515 0.02078107183580388
15 0.5110645161290323 0.5035062713797035 0.11758064516129033 0.026721778791334094
16 0.37668548387096773 0.692018244013683 0.2620403225806452 0.043939566704675026
15 0.08776612903225807 0.5622862029646523 0.10666129032258063 0.026721778791334094
