1 0.4901745098039215 0.25732646256441344 0.07193921568627451 0.023134283116095784
2 0.5865333333333334 0.14344043649590785 0.06421960784313725 0.01694755986662625
7 0.6511019607843137 0.8238769324037587 0.06787843137254902 0.017396180660806306
5 0.7273686274509804 0.4093270688087299 0.06689607843137255 0.01655956350409215
7 0.522335294117647 0.8260927553804184 0.0668607843137255 0.01595938163079721
15 0.6387960784313725 0.2367474992421946 0.02017254901960784 0.025689602909972718
0 0.6677705882352941 0.4545983631403456 0.023098039215686275 0.014680206123067596
15 0.7141 0.1910336465595635 0.018976470588235296 0.02080630494089118
0 0.7281313725490196 0.39599878751136713 0.023241176470588234 0.01131251894513489
15 0.6237235294117647 0.17340103061533796 0.01765294117647059 0.023876932403758714
15 0.546678431372549 0.1489542285541073 0.017284313725490198 0.025016671718702636
