11 0.28734677419354837 0.3701995438996579 0.12789516129032258 0.04346636259977195
0 0.4865967741935484 0.3939566704675028 0.018588709677419355 0.07815849486887115
16 0.8882822580645161 0.5905188141391106 0.15074193548387096 0.022759407069555305
12 0.3886532258064516 0.5813226909920183 0.1012016129032258 0.00911630558722919
7 0.6816693548387097 0.5328221208665906 0.06435483870967741 0.010108323831242874
15 0.6088387096774194 0.375290763968073 0.019596774193548386 0.03783922462941847
15 0.6416774193548387 0.37038198403648803 0.019733870967741936 0.03827251995438996
2 0.5770080645161291 0.33689851767388823 0.13391129032258065 0.016168757126567845
2 0.7462016129032257 0.4778449258836944 0.01825 0.17061003420752566
5 0.6987741935483871 0.3914880273660205 0.055870967741935486 0.01700684150513113
15 0.5803951612903226 0.5092132269099202 0.05212096774193548 0.014885974914481185
15 0.38793548387096777 0.48557582668187005 0.058322580645161284 0.011801596351197263
1 0.5551935483870968 0.43641961231470927 0.05958870967741935 0.011493728620296465
7 0.5667741935483871 0.5316590649942987 0.06483064516129032 0.009760547320410491
0 0.3619435483870968 0.5604503990877993 0.04720161290322581 0.01001140250855188
1 0.6855483870967742 0.4362314709236032 0.05918548387096774 0.014492588369441279
0 0.0760483870967742 0.4214538198403649 0.04453225806451613 0.023358038768529075
1 0.5630483870967742 0.558164196123147 0.05576612903225807 0.009082098061573547
15 0.3853870967741935 0.47374572405929305 0.05874193548387097 0.013574686431014822
