7 0.1844705882352941 0.07302001212856277 0.13800392156862745 0.0302910855063675
15 0.22436862745098038 0.6275500303214069 0.029827450980392158 0.03609460278956944
15 0.27321960784313726 0.14905397210430563 0.027607843137254905 0.033383869011522134
15 0.28290196078431373 0.6308793208004851 0.035627450980392154 0.039090357792601574
15 0.27400392156862746 0.32791995148574893 0.03279607843137255 0.04342025469981807
0 0.1658941176470588 0.43457246816252276 0.11901960784313725 0.04651303820497271
0 0.3598862745098039 0.36175864160097027 0.0731843137254902 0.04534263189812007
15 0.3002 0.17634323832625834 0.035800000000000005 0.03894481503941783
15 0.2140392156862745 0.26719830200121286 0.028815686274509804 0.040988477865372956
15 0.3476078431372549 0.10628865979381444 0.031266666666666665 0.03949060036385688
15 0.18273333333333333 0.1742207398423287 0.03012941176470588 0.03726500909642207
0 0.10122352941176471 0.28096422073984234 0.12490588235294117 0.04560946027895694
0 0.31186274509803924 0.4340509399636143 0.05649019607843138 0.0443844754396604
5 0.16642745098039216 0.4714251061249242 0.13089019607843136 0.030260764099454215
2 0.24455686274509805 0.11015767131594906 0.06667058823529412 0.018077622801697998
1 0.10852156862745099 0.13827774408732565 0.08155686274509803 0.026094602789569436
15 0.23054117647058822 0.13072771376591874 0.03076078431372549 0.0224620982413584
0 0.6692901960784314 0.016252274105518497 0.08161568627450981 0.03240751970891449
0 0.6795372549019607 0.6264038811400849 0.08826666666666667 0.025767131594906005
2 0.24415686274509804 0.7344754396604003 0.15025098039215687 0.012158884172225591
0 0.696321568627451 0.6811340206185568 0.0665921568627451 0.04404487568223165
11 0.47777647058823525 0.5141904184354154 0.0756 0.0972043662825955
15 0.3426627450980392 0.7056882959369315 0.03242745098039215 0.04060036385688296
15 0.2328627450980392 0.6869678593086719 0.027247058823529412 0.04302001212856276
2 0.24380392156862746 0.7605639781685871 0.14777254901960785 0.04047301394784718
