16 0.921266129032258 0.6558300057045066 0.07858467741935483 0.04195664575014261
15 0.31358467741935486 0.2632116371933828 0.026004032258064514 0.030787221905305192
2 0.633774193548387 0.4160752994865944 0.10087903225806452 0.013394181403308614
15 0.6519395161290322 0.16718197375926983 0.02531451612903226 0.03037649743297205
10 0.33776612903225806 0.18567027952082146 0.016100806451612902 0.05390758699372504
2 0.7330645161290322 0.4167541357672562 0.11236693548387097 0.01394751853964632
2 0.7696612903225807 0.3783399885909869 0.04272177419354839 0.013405590416428978
2 0.26991129032258065 0.38302338847689676 0.060907258064516134 0.018482601254991442
2 0.26440322580645165 0.1889218482601255 0.04361290322580645 0.013981745579007417
15 0.5469758064516129 0.3254078722190531 0.02434274193548387 0.029577866514546493
15 0.8042096774193549 0.13240730176839705 0.024491935483870967 0.03101540216771249
2 0.787475806451613 0.16037649743297205 0.03981451612903226 0.012966343411294923
2 0.4858709677419355 0.15164860239589273 0.03487096774193549 0.015288077581289219
1 0.772125 0.21812892184826013 0.02736290322580645 0.011899600684540787
0 0.6371733870967742 0.26633770678836277 0.014298387096774194 0.02885909868796349
0 0.4418225806451613 0.2708899030233885 0.013483870967741935 0.041916714204221335
11 0.7530766129032258 0.17189960068454077 0.016149193548387095 0.03750142612664004
15 0.28745967741935485 0.27667427267541356 0.02456451612903226 0.03452937820878494
2 0.6311814516129032 0.10394181403308614 0.30870161290322584 0.01831146605818597
11 0.17106048387096776 0.29028522532800916 0.021068548387096774 0.03780376497432972
0 0.4257580645161291 0.2690074158585282 0.013431451612903227 0.03921848260125499
10 0.8508306451612903 0.10655447803764974 0.051564516129032255 0.016240730176839704
10 0.8637177419354839 0.3952652595550485 0.05095161290322581 0.014974329720479178
2 0.4847741935483871 0.24224187107815173 0.05785887096774194 0.014751853964632059
2 0.33653225806451614 0.25444381061038224 0.013891129032258066 0.07881346263548203
2 0.4751008064516129 0.39628066172276094 0.04345161290322581 0.013114660581859668
3 0.11659274193548386 0.10914432401597263 0.0235241935483871 0.026240730176839703
0 0.8224314516129033 0.2732230462065031 0.016471774193548387 0.06325156873930404
