15 0.7817675544794189 0.6253306727480045 0.051460855528652136 0.04509122006841505
2 0.7236238902340598 0.38491448118586086 0.04922518159806295 0.14508551881413911
0 0.20095238095238094 0.35989737742303307 0.03483454398708636 0.08099201824401368
0 0.2636319612590799 0.38826681870011404 0.030831315577078293 0.05973774230330673
2 0.4745197740112994 0.22746864310148235 0.09549636803874091 0.03143671607753706
1 0.3651735270379338 0.47119726339794754 0.06933010492332527 0.02660775370581528
2 0.543454398708636 0.5878050171037629 0.2804196933010492 0.03851197263397947
1 0.5659241323648103 0.3676795895096921 0.07343018563357546 0.024258836944127705
10 0.741727199354318 0.19524515393386543 0.11662631154156577 0.023591790193842648
5 0.746682808716707 0.17671607753705815 0.12852300242130751 0.023956670467502852
