10 0.44289919354838714 0.5722703936109527 0.0748508064516129 0.02760410724472333
15 0.5242338709677419 0.4535995436394752 0.023685483870967743 0.027803764974329723
15 0.28726612903225807 0.29847689674843125 0.021455645161290324 0.02484312606959498
2 0.5008790322580645 0.4838049058756418 0.020298387096774194 0.0732344552196235
15 0.38379032258064516 0.3640102681118083 0.021318548387096774 0.02873930405019966
15 0.2415685483870968 0.246468910439247 0.024951612903225808 0.0274500855675984
15 0.5431653225806451 0.47690815744438103 0.023758064516129034 0.028185966913861948
15 0.3360927419354839 0.36510553337136337 0.02277016129032258 0.030878494010268112
0 0.2518225806451613 0.44174557900741585 0.03181854838709677 0.115750142612664
0 0.20558870967741935 0.43410724472333145 0.030245967741935487 0.11592127780946948
2 0.37763709677419355 0.17266400456360526 0.06539516129032258 0.05070735881346264
