7 0.688235 0.16131 0.11098 0.028502
15 0.118039 0.395391 0.029412 0.043056
2 0.08 0.420861 0.065098 0.117041
2 0.177647 0.506974 0.08 0.047301
11 0.252549 0.432383 0.039216 0.052759
11 0.251373 0.358399 0.028235 0.082474
1 0.692157 0.6792 0.083137 0.039418
2 0.796471 0.22923 0.083529 0.046089
2 0.733333 0.204366 0.098431 0.044876
11 0.838824 0.30382 0.026275 0.098241
15 0.721569 0.61795 0.030588 0.047301
15 0.868235 0.271073 0.028235 0.041237
15 0.813725 0.3208 0.028235 0.044269
15 0.796471 0.264403 0.02902 0.047301
15 0.728235 0.262583 0.026667 0.049121
4 0.86549 0.513038 0.115294 0.029109
0 0.866275 0.484536 0.097647 0.040631
0 0.687843 0.480898 0.090588 0.041844
