2 0.5434534836890857 0.4192158540062732 0.06230970600080548 0.011899059024807528
2 0.5996697543294403 0.5893071000855431 0.1660370519532823 0.017456515540347876
2 0.6676500201369312 0.41861990305104074 0.017380185259766413 0.013182207014542343
2 0.22305879983890456 0.11491303108069575 0.1969573097060008 0.017907043056743656
2 0.33690696737817155 0.721377245508982 0.014313330648409181 0.04820929569432563
0 0.460606121627064 0.34971485600228114 0.011822392267418446 0.0534901625320787
0 0.4904993958920661 0.3486883376104933 0.009740233588401127 0.023969204448246365
5 0.6767639951671365 0.15071571143427429 0.03787354007249295 0.012181351582549188
2 0.25490132903745466 0.31313658397490735 0.021608940797422472 0.09353293413173652
2 0.5968505839710029 0.5625777017393784 0.14887233185662505 0.012936983176504133
0 0.7124405960531615 0.3473167949814656 0.011588803866290777 0.04930424864556601
0 0.7319855014095852 0.34965782720273736 0.010690696737817158 0.05593099515255204
15 0.3199013290374547 0.18634160250926718 0.013403141361256544 0.0460393498716852
2 0.2823479661699557 0.7842771599657827 0.04154651631091422 0.016273167949814656
2 0.9925312122432541 0.2207955517536356 0.014178413209826822 0.09147989734816082
1 0.487315747080145 0.5660735671514114 0.039933548127265406 0.012868548617051612
2 0.3088783729359646 0.7602480752780154 0.04532219089810713 0.019780439121756487
15 0.4495026178010471 0.5215568862275449 0.03414820781312928 0.022418021100655834
0 0.4746476037051953 0.3490248075278015 0.009933548127265405 0.0254947248360422
11 0.543872331856625 0.19407185628742515 0.026697543294401934 0.04
15 0.7025030205396697 0.4738637011690904 0.03725130890052356 0.024616481323068148
15 0.7689347563431334 0.4866096378671229 0.03849375755134917 0.028132306814941544
3 0.37996576721707614 0.3277045908183633 0.019246878775674586 0.00923011120615911
0 0.377327829238824 0.2826461362988309 0.01396898912605719 0.014944396920444823
