5 0.19074686431014823 0.26957210776545165 0.0963854047890536 0.0333755942947702
0 0.24008551881413911 0.4469175911251981 0.030051311288483467 0.1551188589540412
7 0.43345496009122003 0.16905705229793977 0.08802166476624856 0.029738510301109352
2 0.34178449258836946 0.12193343898573693 0.12844355758266818 0.0360459587955626
0 0.1263854047890536 0.44700475435816167 0.03361459521094641 0.15992868462757528
1 0.23306157354618018 0.19381141045958797 0.11180159635119725 0.03173534072900158
15 0.28169897377423037 0.2649524564183835 0.04145381984036488 0.0395324881141046
3 0.749811858608894 0.3593660855784469 0.05385404789053591 0.026347068145800318
2 0.6566875712656784 0.33763866877971477 0.11232041049030786 0.040451664025356576
1 0.21954389965792473 0.549120443740095 0.13718928164196123 0.031877971473851026
