3 0.232941 0.796847 0.023529 0.047908
0 0.898824 0.836871 0.025882 0.036386
11 0.607843 0.953911 0.106667 0.030321
11 0.304314 0.808369 0.068235 0.148575
3 0.346667 0.555488 0.025098 0.053972
3 0.366275 0.553669 0.021961 0.049727
15 0.488627 0.483323 0.04 0.020619
15 0.517647 0.467556 0.04 0.020012
15 0.42902 0.389327 0.028235 0.032747
0 0.682353 0.432383 0.031373 0.060036
0 0.684706 0.368708 0.029804 0.066101
0 0.680784 0.298363 0.027451 0.065494
2 0.68549 0.277138 0.018824 0.014554
15 0.737255 0.389933 0.026667 0.036386
15 0.738824 0.334748 0.027451 0.043663
2 0.751373 0.245603 0.027451 0.11037
15 0.773333 0.258945 0.036863 0.021831
2 0.801569 0.244997 0.021176 0.107338
2 0.826667 0.235901 0.021961 0.110976
2 0.860392 0.248029 0.033725 0.114008
2 0.895686 0.209218 0.018824 0.078836
15 0.82902 0.094603 0.025098 0.04245
0 0.763137 0.080049 0.021176 0.043056
5 0.653333 0.129169 0.024314 0.069739
15 0.652549 0.07641 0.025098 0.02547
0 0.618039 0.060036 0.042353 0.057611
2 0.610196 0.254093 0.025882 0.088539
2 0.585098 0.162523 0.025882 0.087932
7 0.535686 0.284415 0.02902 0.070952
15 0.530196 0.158884 0.046275 0.023651
1 0.361569 0.235294 0.02902 0.052153
15 0.287843 0.201941 0.042353 0.026683
7 0.25098 0.224985 0.021176 0.071559
