2 0.814994 0.389966 0.024184 0.458951
2 0.775494 0.40707 0.027005 0.424173
2 0.739218 0.40707 0.02499 0.286773
8 0.697703 0.254846 0.078597 0.028506
11 0.673519 0.139681 0.023378 0.056442
2 0.631197 0.121437 0.050383 0.021095
8 0.200726 0.27252 0.083837 0.030217
8 0.148327 0.176739 0.082628 0.035918
7 0.197098 0.13854 0.087465 0.032497
2 0.103184 0.388826 0.023378 0.459521
2 0.261185 0.352908 0.090286 0.027366
2 0.157598 0.387685 0.013301 0.262258
2 0.457074 0.122007 0.293833 0.035348
2 0.276098 0.124287 0.071342 0.033067
