0 0.1802549019607843 0.5159915100060642 0.06686274509803922 0.03276531231049121
15 0.430278431372549 0.30060036385688294 0.024298039215686275 0.02906610066707095
2 0.352078431372549 0.2118556701030928 0.2449254901960784 0.01647058823529412
15 0.22184313725490198 0.3432322619769557 0.02614901960784314 0.033335354760460886
1 0.3116745098039216 0.5979987871437235 0.05045098039215686 0.01659187386294724
15 0.19479215686274512 0.38155245603395993 0.026933333333333337 0.032243784111582775
15 0.1393450980392157 0.6534020618556702 0.029156862745098037 0.037325651910248635
0 0.12385882352941176 0.4989326864766525 0.03793333333333333 0.03880533656761674
15 0.5926705882352941 0.40853244390539717 0.023113725490196076 0.032728926622195266
2 0.4875686274509804 0.33961795027289265 0.06514117647058824 0.01498483929654336
2 0.47515686274509805 0.3108853850818678 0.06282745098039216 0.015573074590661007
1 0.5331725490196079 0.5903335354760461 0.043658823529411764 0.017107337780473013
2 0.22546666666666668 0.7166707095209217 0.060149019607843135 0.016264402668283807
2 0.40124313725490196 0.2765372953305033 0.10881568627450981 0.02823529411764706
0 0.6159960784313725 0.4916979987871437 0.03747058823529412 0.031782898726500905
0 0.08165490196078432 0.5165251667677381 0.036980392156862746 0.03274105518496059
11 0.15431764705882353 0.6976591873862947 0.04778431372549019 0.06243177683444512
2 0.5595960784313726 0.3837295330503335 0.045399999999999996 0.08026682838083687
1 0.19336862745098038 0.2761976955730746 0.049309803921568626 0.016634323832625832
15 0.10782352941176471 0.36261370527592485 0.02772156862745098 0.03479078229229836
0 0.5733137254901961 0.5145057610673135 0.03942745098039216 0.03248635536688902
15 0.1407921568627451 0.4056943602183141 0.02712156862745098 0.0382292298362644
5 0.18193333333333334 0.5454093389933293 0.06305490196078431 0.02168587022437841
7 0.08172156862745097 0.5449666464523953 0.05924705882352942 0.021425106124924195
3 0.3129843137254902 0.4517404487568223 0.050780392156862746 0.03027895694360218
2 0.20576470588235296 0.31018799272286235 0.08893725490196078 0.021837477258944814
2 0.14192156862745098 0.35413583990297154 0.044137254901960785 0.06090357792601577
10 0.2761058823529412 0.25420254699818073 0.05476862745098039 0.022528805336567616
15 0.4480235294117647 0.35538508186779866 0.023929411764705883 0.03539721043056398
5 0.5716901960784313 0.5444208611279563 0.0568156862745098 0.02144936325045482
