0 0.2523529411764706 0.45687083080654944 0.12296862745098039 0.04556094602789569
0 0.6262078431372549 0.46032140691328083 0.11566274509803921 0.041030927835051544
0 0.687356862745098 0.30409945421467555 0.10600784313725489 0.04687689508793208
0 0.19354509803921569 0.31486355366889024 0.11983529411764705 0.04473620375985445
0 0.5655450980392157 0.31919345057610676 0.07148627450980392 0.043298969072164954
15 0.5602235294117647 0.5018374772589448 0.03289803921568627 0.040533656761673746
2 0.4226078431372549 0.5848211036992117 0.09841960784313726 0.0473438447543966
2 0.5207725490196079 0.6461613098847786 0.11152941176470588 0.038975136446331105
2 0.4643058823529412 0.14733778047301396 0.10205490196078432 0.03070952092177077
2 0.4078117647058824 0.6466949666464524 0.0842 0.03942389326864767
15 0.2535058823529412 0.23347483323226198 0.031337254901960786 0.04850212249848393
5 0.12488627450980391 0.2399757428744694 0.11885490196078431 0.02804730139478472
1 0.30717254901960783 0.3188053365676168 0.07873725490196079 0.02365676167374166
5 0.19478823529411765 0.34780473013947844 0.12469019607843136 0.028568829593693147
7 0.5712901960784313 0.7016191631291692 0.12289019607843138 0.032189205579138874
2 0.35259607843137253 0.233280776228017 0.03252549019607843 0.10328077622801698
2 0.45919607843137256 0.09667070952092177 0.11417254901960784 0.024736203759854455
2 0.4381137254901961 0.7039114614918133 0.14811372549019608 0.04205579138872043
0 0.3356078431372549 0.12110976349302609 0.04836078431372549 0.026288659793814433
0 0.31883529411764705 0.09231655548817465 0.09231372549019608 0.031588841722255914
2 0.15425098039215684 0.9859975742874469 0.013396078431372548 0.027216494845360827
1 0.7139098039215687 0.6292237719830199 0.10286274509803922 0.021600970285021222
13 0.20218823529411767 0.5861006670709521 0.10339215686274508 0.024026682838083686
2 0.9748470588235295 0.2550333535476046 0.030878431372549017 0.5100727713765919
2 0.4554941176470588 0.24401455427531837 0.05087058823529412 0.08449363250454822
