15 0.3230846774193548 0.21253280091272106 0.02714516129032258 0.036771249286936675
11 0.21483467741935483 0.3181346263548203 0.019431451612903224 0.05823730747290359
11 0.3720362903225806 0.29406160867084996 0.019185483870967742 0.07476326297775243
2 0.28800806451612904 0.17789503707929266 0.047084677419354834 0.01984027381631489
15 0.1469233870967742 0.2797718197375927 0.02635483870967742 0.0269937250427838
2 0.2681290322580645 0.23701654306902453 0.05348790322580645 0.015270964061608671
16 0.6269516129032258 0.6330062749572163 0.10806451612903226 0.08288648031945238
15 0.25321370967741935 0.2010781517398745 0.02396774193548387 0.035881346263548206
0 0.1543991935483871 0.393468339988591 0.018701612903225806 0.11536223616657158
15 0.18454435483870968 0.3215345122646891 0.026943548387096772 0.026263548203080432
0 0.12104435483870968 0.3845693097547062 0.02233467741935484 0.11675413576725613
2 0.31283064516129033 0.256280661722761 0.04340322580645161 0.017963491158014832
15 0.3470241935483871 0.29190530519110097 0.027721774193548387 0.029714774671990875
15 0.23728225806451614 0.3105476326297775 0.020798387096774194 0.042264689104392475
