3 0.2825483870967742 0.14130062749572161 0.0390241935483871 0.01715915573302909
3 0.28639516129032255 0.08557330290929833 0.037008064516129036 0.015305191100969765
2 0.2160725806451613 0.05339418140330861 0.10493548387096775 0.019098687963491155
15 0.11988709677419354 0.09435253850541929 0.04080645161290323 0.037626925270964055
2 0.07437903225806453 0.1653565316600114 0.021193548387096774 0.05426697090701654
11 0.636991935483871 0.30552196235025675 0.04868548387096774 0.03187678265830006
15 0.4068629032258064 0.14592127780946948 0.04000806451612903 0.03501996577296064
3 0.11911290322580645 0.05775242441528807 0.038072580645161294 0.01723901882487165
2 0.076 0.09213918996006847 0.025096774193548388 0.0889218482601255
2 0.41550000000000004 0.20753565316600114 0.09144354838709677 0.016982316029663432
0 0.5448145161290323 0.48907016543069026 0.049201612903225805 0.01719338277239019
2 0.8073306451612904 0.222749572162008 0.024879032258064517 0.24240730176839703
2 0.20900000000000002 0.39493439817455794 0.017725806451612904 0.04675413576725613
0 0.5383629032258065 0.5110724472333144 0.06566129032258064 0.017090701654306904
15 0.36855645161290324 0.4422703936109526 0.04270161290322581 0.03482030804335425
2 0.4992983870967742 0.4168853394181403 0.021258064516129032 0.03398174557900742
0 0.5424354838709677 0.4492241871078152 0.05338709677419355 0.018608100399315458
15 0.3382258064516129 0.3903936109526526 0.03801612903225807 0.03201939532230462
2 0.7900322580645162 0.3913633770678836 0.021161290322580645 0.052144894466628636
2 0.23047580645161292 0.42668568168853394 0.02081451612903226 0.04710781517398745
2 0.8560967741935483 0.2552367370222476 0.02514516129032258 0.313063320022818
15 0.7267419354838709 0.4875185396463206 0.04362096774193549 0.030034227039361094
2 0.2625887096774194 0.39048488305761553 0.01937903225806452 0.03188248716486024
2 0.17745967741935484 0.2137307472903594 0.06783064516129032 0.0185282373074729
15 0.15505645161290324 0.10633200228180263 0.0305 0.03226468910439247
1 0.4581451612903226 0.08649743297204791 0.09589516129032258 0.01719908727895037
16 0.8446532258064515 0.6593211637193382 0.16245967741935483 0.048710781517398744
3 0.2770161290322581 0.16648602395892756 0.03879032258064516 0.017900741585852822
1 0.2889193548387097 0.33831146605818596 0.017266129032258066 0.030975470621791214
1 0.6228709677419355 0.4267655447803765 0.024774193548387096 0.0524187107815174
8 0.35115322580645164 0.05937820878494011 0.10232258064516128 0.02033086138049059
0 0.5386129032258065 0.05206503137478608 0.057725806451612904 0.014831717056474614
5 0.23765322580645162 0.32772960638904736 0.026741935483870966 0.07531089560752996
0 0.7392177419354838 0.3592470051340559 0.029419354838709676 0.03415288077581289
2 0.9040483870967742 0.25936679977181976 0.028225806451612902 0.3201369081574444
11 0.19789516129032256 0.18602395892755277 0.06805645161290323 0.027569880205362236
2 0.4993870967741936 0.2508899030233885 0.024991935483870967 0.29634911580148315
0 0.539475806451613 0.4673531089560753 0.06316129032258064 0.01397033656588705
0 0.5420645161290323 0.5726297775242442 0.05786290322580645 0.017022247575584713
2 0.5427903225806451 0.0800969766115231 0.051524193548387096 0.014894466628636622
