3 0.896857 0.678063 0.029412 0.045584
11 0.778405 0.631909 0.031829 0.096296
2 0.809831 0.672934 0.020951 0.098006
2 0.882353 0.578917 0.092264 0.036467
6 0.688961 0.087179 0.022562 0.022222
0 0.325141 0.434758 0.041902 0.131624
0 0.170427 0.435897 0.043916 0.125926
0 0.12087 0.42735 0.036664 0.144729
15 0.269541 0.40114 0.018533 0.025071
15 0.214343 0.40114 0.018131 0.02906
15 0.163981 0.217664 0.021354 0.02963
15 0.240935 0.264387 0.020145 0.026211
15 0.326753 0.197151 0.020145 0.02792
15 0.237712 0.17094 0.016116 0.025641
2 0.259065 0.132194 0.026591 0.019943
2 0.234488 0.130484 0.023771 0.018803
2 0.240129 0.101425 0.036664 0.019373
