2 0.28638152266894784 0.06183467741935483 0.08625891074992871 0.022294354838709677
0 0.42429141716566865 0.7472943548387097 0.015799828913601367 0.08360080645161291
2 0.2615597376675221 0.11852822580645161 0.03469347020245224 0.01547983870967742
11 0.313358996293128 0.16874596774193548 0.021246079270031366 0.059229838709677414
0 0.1734901625320787 0.32503225806451613 0.017818648417450813 0.08275806451612903
15 0.3994468206444254 0.6624435483870967 0.02204448246364414 0.01994758064516129
15 0.5283205018534359 0.6522338709677419 0.02394639292842886 0.02411693548387097
0 0.2082406615340747 0.32855645161290326 0.015566010835471914 0.08187903225806452
15 0.18859709153122325 0.15101209677419355 0.0231679498146564 0.02436290322580645
15 0.24161676646706587 0.30285887096774194 0.01608212147134303 0.03052822580645161
2 0.281588252067294 0.1458024193548387 0.03280011405759909 0.013245967741935484
0 0.26391787852865695 0.7502459677419354 0.01444824636441403 0.08646774193548387
15 0.291936127744511 0.6515685483870968 0.021491303108069577 0.02209274193548387
2 0.5631565440547477 0.8507459677419354 0.07284288565725691 0.021911290322580646
15 0.3420473339036213 0.16013709677419355 0.022318220701454235 0.03185887096774194
0 0.4916623895067009 0.7388548387096774 0.015152552038779583 0.09353225806451614
0 0.3417137154262903 0.3026733870967742 0.014895922440832621 0.10636290322580644
15 0.22629883090960934 0.15960483870967743 0.023376104932991162 0.022370967741935484
15 0.2892072996863416 0.327616935483871 0.016518391787852867 0.029834677419354836
15 0.29589962931280295 0.164125 0.024473909324208724 0.022024193548387097
15 0.25233247790134017 0.14367338709677419 0.018169375534644996 0.02936290322580645
15 0.6299942971200456 0.6627862903225806 0.02669803250641574 0.024120967741935485
0 0.6433418876532648 0.7367217741935483 0.018540062731679498 0.09858064516129032
15 0.5782663244938694 0.7896814516129033 0.018169375534644996 0.03251209677419355
15 0.33984031936127745 0.790991935483871 0.018910749928714 0.037229838709677415
2 0.32723410322212715 0.8547016129032258 0.07378956372968348 0.027266129032258068
