1 0.7507529411764706 0.3120315342631898 0.16378431372549018 0.05622801697998787
7 0.5522627450980392 0.22314736203759855 0.13655294117647057 0.03261976955730746
2 0.6761176470588235 0.5243541540327471 0.06196078431372549 0.09995148574893875
2 0.5536823529411765 0.28058823529411764 0.20529411764705882 0.05749545178896301
7 0.6980313725490196 0.22590054578532442 0.1380235294117647 0.03439660400242571
1 0.7394313725490196 0.746561552456034 0.14812156862745096 0.053693147362037605
0 0.5375764705882353 0.465379017586416 0.11665490196078432 0.04456033959975743
2 0.15410588235294118 0.9858277744087326 0.016192156862745097 0.027731958762886595
8 0.5357215686274509 0.5019041843541541 0.1332 0.03193450576106731
0 0.5116274509803922 0.6259187386294724 0.08501176470588236 0.041516070345664034
8 0.5023372549019608 0.6645057610673135 0.1325098039215686 0.03140084899939357
