2 0.5369840364880274 0.1652478839177751 0.018187001140250854 0.03827488915759774
1 0.6997434435575827 0.17888351471180974 0.015558722919042188 0.04476823861346231
2 0.7919270239452679 0.4670737605804111 0.019076396807297606 0.04310358726320032
3 0.6292075256556443 0.15755743651753323 0.019629418472063852 0.016251511487303506
1 0.4628050171037628 0.4397138250705361 0.019663625997719498 0.038105602579605
0 0.6832896237172178 0.48779927448609434 0.03441277080957811 0.0145304312777106
15 0.5146009122006842 0.12320838371624346 0.032206385404789054 0.019306731156791615
1 0.4610376282782212 0.19218057234985894 0.015838084378563284 0.02661023780733575
7 0.8146009122006841 0.09451833937928254 0.023010262257696694 0.043176138653768646
1 0.6796807297605474 0.4297783151954857 0.015775370581527937 0.04555421201128577
15 0.7715336374002281 0.3755743651753325 0.0296921322690992 0.025525997581620313
2 0.7584264538198403 0.41961708988311164 0.07143671607753706 0.016291817815397017
2 0.6150228050171037 0.12201531640467554 0.09446408209806158 0.014195888754534461
2 0.6148859749144812 0.4996654574768239 0.05409350057012542 0.03027005239822652
8 0.533363740022805 0.060987505038291014 0.05979475484606613 0.015759774284562676
0 0.6308038768529077 0.08875050382910117 0.12814139110604333 0.026513502619911325
0 0.6268928164196123 0.04769044740024184 0.11720068415051312 0.029830713422007257
10 0.8219726339794755 0.3607093913744458 0.019794754846066135 0.03645707376058041
2 0.5672519954389966 0.4535106811769448 0.027086659064994297 0.026884320838371625
