7 0.828767 0.759232 0.084475 0.014032
2 0.758562 0.733383 0.098174 0.012555
2 0.77226 0.697194 0.08105 0.013294
3 0.795662 0.579025 0.034817 0.012555
4 0.878995 0.528804 0.086758 0.01551
0 0.861301 0.502954 0.033676 0.014771
0 0.826484 0.477843 0.033105 0.011817
4 0.927511 0.429838 0.086758 0.016248
0 0.921804 0.403988 0.032534 0.018464
3 0.673516 0.368538 0.031963 0.014032
15 0.929224 0.355982 0.026256 0.022157
10 0.829909 0.33161 0.082763 0.014771
2 0.769977 0.305761 0.077055 0.011817
15 0.726027 0.336041 0.016553 0.029542
0 0.389269 0.639586 0.02911 0.016248
4 0.507991 0.505908 0.086187 0.016248
0 0.502854 0.480059 0.027397 0.014032
12 0.438356 0.424668 0.098174 0.016987
0 0.405822 0.367799 0.033105 0.014032
12 0.077626 0.585672 0.090753 0.016987
11 0.120434 0.471935 0.034817 0.104874
11 0.224315 0.370753 0.186644 0.109306
