5 0.49409920182440137 0.5828248587570621 0.054042189281641964 0.02
2 0.42672748004561006 0.5640597255851493 0.04508551881413911 0.015036319612590799
1 0.13806727480045608 0.30393058918482646 0.02498289623717218 0.012025827280064568
0 0.6656100342075256 0.3597982243744956 0.025974914481185864 0.021073446327683616
1 0.4526225769669327 0.1970863599677159 0.02336944127708096 0.014673123486682808
0 0.48160205245153936 0.3864406779661017 0.013397947548460661 0.020936238902340597
1 0.44965222348916767 0.30290556900726395 0.023899657924743446 0.014092009685230025
2 0.16663625997719497 0.3979499596448749 0.05901368301026226 0.020435835351089587
10 0.2931470923603192 0.6128329297820823 0.038403648802736605 0.017933817594834544
2 0.291345496009122 0.5979096045197739 0.2927594070695553 0.018127522195318806
2 0.16491448118586088 0.20198547215496368 0.04713797035347777 0.014390637610976593
8 0.07666476624857468 0.38261501210653753 0.017451539338654502 0.07197740112994351
0 0.10035347776510833 0.3824374495560936 0.015518814139110604 0.07278450363196126
2 0.4606670467502851 0.38217917675544794 0.013272519954389966 0.05601291364003229
0 0.06523945267958951 0.38643260694108156 0.011271379703534777 0.09501210653753027
