0 0.1239032258064516 0.3972976054732041 0.015951612903225807 0.04272519954389966
0 0.4359596774193549 0.4033466362599772 0.013362903225806452 0.04732611174458381
0 0.14921774193548387 0.3987286202964652 0.015346774193548388 0.021522234891676168
0 0.1738225806451613 0.40361459521094645 0.014935483870967742 0.037109464082098066
15 0.26094354838709677 0.3374173318129989 0.02904032258064516 0.027240592930444698
2 0.37433870967741933 0.40689281641961234 0.05957258064516129 0.016527936145952108
2 0.3113548387096774 0.27996009122006843 0.07230645161290322 0.01444127708095781
2 0.3047741935483871 0.4459920182440137 0.05704838709677419 0.01854047890535918
15 0.3133870967741936 0.39595781071835806 0.03238709677419355 0.027303306727480044
2 0.2960645161290323 0.31542759407069554 0.05843548387096774 0.01127708095781072
2 0.2881451612903226 0.29820410490307864 0.07362903225806451 0.01298175598631699
0 0.4843145161290322 0.39903078677309006 0.014637096774193547 0.042417331812998865
2 0.2367016129032258 0.6164310148232611 0.016588709677419353 0.03988597491448118
15 0.34207258064516133 0.6948916761687571 0.03181451612903226 0.025752565564424176
1 0.2504516129032258 0.47007981755986317 0.04212903225806452 0.013836944127708096
15 0.27976612903225806 0.6266761687571266 0.03475 0.0211060433295325
1 0.24675806451612906 0.4556442417331813 0.03801612903225807 0.012394526795895096
16 0.8868951612903225 0.5276567844925883 0.16668548387096774 0.03336374002280502
1 0.9321612903225808 0.5612200684150513 0.07160483870967742 0.014338654503990878
15 0.46796774193548385 0.3666818700114025 0.03588709677419355 0.02194982896237172
15 0.24743548387096773 0.38079817559863166 0.038330645161290325 0.02312998859749145
2 0.4051290322580645 0.7131413911060432 0.16100806451612903 0.015667046750285064
15 0.26862096774193545 0.6103078677309008 0.036774193548387096 0.023358038768529075
