16 0.9023980610208155 0.6985887096774194 0.10364984317080125 0.03647983870967742
2 0.49991730824066155 0.2938064516129032 0.06704590818363274 0.009770161290322581
2 0.5601739378386085 0.6085604838709677 0.19013686911890504 0.013028225806451613
2 0.446278870829769 0.2943064516129032 0.03751639577986883 0.01130241935483871
2 0.49219846022241237 0.6535645161290322 0.06456800684345594 0.016463709677419353
3 0.3516053607071571 0.6650887096774194 0.013912175648702594 0.016850806451612903
0 0.6857428001140576 0.3333951612903226 0.010698602794411179 0.03156854838709678
2 0.6758055317935558 0.5857782258064517 0.05153977758768178 0.01053225806451613
2 0.8665725691474195 0.12816532258064517 0.08298260621613915 0.022403225806451613
2 0.5671285999429713 0.09090725806451612 0.27463644140290844 0.015149193548387096
0 0.3936897633304819 0.33275 0.011776447105788422 0.03214112903225806
3 0.4365782720273738 0.7394395161290322 0.029840319361277446 0.03566935483870967
8 0.603781009409752 0.3354395161290323 0.013655546050755632 0.06012903225806452
1 0.415990875392073 0.09962903225806452 0.009806102081551183 0.03021370967741936
0 0.6722611919019105 0.33211290322580644 0.011100655831194753 0.02942338709677419
0 0.23656686626746506 0.2943709677419355 0.018867978329056175 0.017532258064516127
1 0.7164585115483318 0.10104435483870967 0.010031365839749073 0.03038709677419355
0 0.36822355289421155 0.3363548387096774 0.011582549187339605 0.049326612903225805
11 0.659774736241802 0.20160887096774194 0.026475620188195038 0.03322177419354839
0 0.7081151981750784 0.33084274193548385 0.013966353008269174 0.04279435483870968
2 0.4772797262617622 0.26433467741935485 0.11123182207014541 0.012375
8 0.722571998859424 0.332991935483871 0.015126889078984887 0.05233064516129032
2 0.6892643284858854 0.7251572580645161 0.04998859424009125 0.013391129032258064
3 0.5255118334759054 0.753616935483871 0.028568577131451382 0.04358064516129032
3 0.5562360992301112 0.1901048387096774 0.011611063587111491 0.02083064516129032
1 0.5742201311662389 0.2728709677419355 0.04563729683490163 0.012145161290322582
0 0.4147562018819504 0.3364072580645161 0.01050755631593955 0.05551612903225807
8 0.38034217279726257 0.34172580645161293 0.012335329341317364 0.05736693548387097
15 0.8447904191616766 0.17664516129032257 0.018865126889078983 0.017012096774193547
0 0.5891331622469348 0.33499193548387096 0.013016823495865412 0.05688306451612903
8 0.6454319931565441 0.3328790322580645 0.011819218705446251 0.05755241935483871
15 0.6266923296264614 0.24401612903225806 0.015993726832050185 0.022294354838709677
2 0.6319304248645565 0.5860201612903225 0.03537781579697747 0.010911290322580645
3 0.5429170230966638 0.20693145161290324 0.016763615625891074 0.020060483870967743
1 0.6180724265754206 0.27818548387096775 0.030536070715711437 0.014044354838709677
0 0.633538637011691 0.3352943548387097 0.012001710863986314 0.05584677419354839
0 0.395491873396065 0.722733870967742 0.012911320216709439 0.039620967741935485
3 0.6198602794411178 0.19741532258064515 0.01709438266324494 0.017774193548387097
15 0.8446735101226119 0.15675403225806453 0.016575420587396635 0.017983870967741938
2 0.49224123182207014 0.1909959677419355 0.05099230111206159 0.010875
2 0.5320644425434845 0.2550443548387097 0.032332477901340174 0.014060483870967741
2 0.5451839178785287 0.24422177419354837 0.027399486740804106 0.011330645161290323
15 0.5720729968634161 0.23881048387096773 0.016766467065868262 0.021274193548387096
11 0.6030538922155688 0.17417741935483871 0.03166809238665526 0.024661290322580645
2 0.5275106928999145 0.1912983870967742 0.018388936412888506 0.011649193548387097
3 0.4553179355574565 0.2057459677419355 0.016404334188765326 0.014673387096774194
11 0.4374451097804391 0.19397983870967742 0.030111206159110348 0.026153225806451613
15 0.5118876532648988 0.42707661290322585 0.021605360707157115 0.021911290322580646
15 0.660741374394069 0.4306008064516129 0.015976618192187056 0.023923387096774194
2 0.6539378386084973 0.46026209677419355 0.03172226974622184 0.015943548387096773
15 0.47920729968634157 0.6732258064516129 0.01701454234388366 0.02171774193548387
0 0.5287082976903337 0.6945927419354838 0.013783860849729114 0.05142741935483871
8 0.5414200171086399 0.6930927419354839 0.009729113202167093 0.05754838709677419
15 0.48197034502423725 0.7243225806451613 0.01701454234388366 0.0242741935483871
2 0.35816082121471343 0.7215846774193548 0.04202452238380382 0.014237903225806453
11 0.37043341887653264 0.745616935483871 0.031109210151126318 0.021931451612903226
5 0.6949358426005132 0.5669193548387097 0.042278300541773596 0.017112903225806452
2 0.824676361562589 0.21199193548387096 0.014069004847447962 0.05969354838709677
9 0.887730253778158 0.13662096774193547 0.03562589107499287 0.01708467741935484
2 0.9456372968349016 0.33037500000000003 0.014796122041631023 0.2162741935483871
11 0.21230111206159108 0.2690483870967742 0.03307955517536356 0.03647177419354839
15 0.4805047048759624 0.1169233870967742 0.02478756772169946 0.024548387096774194
