2 0.2004235294117647 0.5348514251061249 0.07076862745098039 0.022274105518496057
2 0.6790078431372549 0.19173438447543967 0.07513725490196078 0.029157064887810794
15 0.13831372549019608 0.5181322013341418 0.03165882352941177 0.03862947240751971
15 0.7236196078431373 0.22732565191024864 0.03135686274509804 0.038071558520315345
15 0.621443137254902 0.5409399636143117 0.032329411764705884 0.04213462704669497
3 0.2317529411764706 0.5062401455427532 0.03305098039215686 0.018617343844754396
10 0.11319215686274509 0.6123226197695574 0.05814509803921569 0.025300181928441478
15 0.6670274509803922 0.44001212856276534 0.031733333333333336 0.04056397816858702
15 0.12038039215686276 0.4547907822922984 0.030396078431372552 0.03856882959369315
2 0.19794901960784314 0.224251061249242 0.05491372549019608 0.022249848392965434
2 0.6719490196078431 0.5547907822922984 0.07391764705882353 0.024930260764099453
15 0.19820392156862746 0.5718859915100061 0.031286274509803924 0.03656761673741661
15 0.12087450980392157 0.31794420861127953 0.029125490196078428 0.04530018192844148
2 0.13323529411764706 0.5524378411158278 0.07190196078431373 0.02783505154639175
15 0.48232549019607845 0.4415403274711947 0.036815686274509804 0.04237113402061856
3 0.27851764705882354 0.5123529411764706 0.028117647058823532 0.044402668283808365
0 0.0635686274509804 0.35714372346876894 0.02509019607843137 0.06497271073377804
15 0.7188862745098039 0.6138144329896907 0.03941568627450981 0.044918132201334136
2 0.06329019607843137 0.4873620375985446 0.02412156862745098 0.08708914493632505
2 0.24091764705882354 0.1994057004244997 0.12010588235294117 0.028829593693147363
15 0.12993333333333332 0.6557125530624621 0.02923137254901961 0.0347725894481504
3 0.5946901960784314 0.5090054578532444 0.028223529411764706 0.0376349302607641
0 0.7393294117647059 0.36443905397210435 0.025462745098039218 0.1162644026682838
2 0.6913921568627451 0.5149423893268648 0.035137254901960784 0.02528198908429351
0 0.09614509803921568 0.362504548211037 0.02472549019607843 0.0760460885385082
5 0.08727450980392157 0.6985870224378411 0.07275294117647059 0.026804123711340208
0 0.42896862745098036 0.33606428138265615 0.022501960784313726 0.06289266221952698
2 0.1495921568627451 0.5865615524560339 0.07740392156862745 0.02656155245603396
15 0.728156862745098 0.48955730745906606 0.027890196078431375 0.037895694360218314
11 0.7506588235294118 0.4848696179502729 0.022294117647058825 0.0910794420861128
0 0.7660470588235294 0.38791388720436626 0.023976470588235294 0.12745906610066707
15 0.0911607843137255 0.4803395997574288 0.024305882352941174 0.03902971497877501
5 0.8095843137254902 0.5450151607034567 0.07124313725490196 0.029842328684050942
2 0.4174705882352941 0.6680473013947846 0.5778627450980391 0.024372346876895087
3 0.7312627450980392 0.5335051546391752 0.013752941176470588 0.024815039417828987
