7 0.535039 0.349167 0.043382 0.099167
3 0.48832 0.466667 0.042269 0.076667
0 0.140156 0.963333 0.046719 0.069167
0 0.204672 0.880833 0.036707 0.066667
1 0.510567 0.845833 0.045606 0.094167
7 0.669633 0.878333 0.044494 0.105833
2 0.660734 0.493333 0.063404 0.5975
2 0.60178 0.6825 0.05228 0.194167
2 0.599555 0.4725 0.047831 0.27
2 0.602892 0.304167 0.044494 0.129167
2 0.598443 0.196667 0.038932 0.086667
7 0.646274 0.094167 0.057842 0.125
0 0.208009 0.086667 0.047831 0.049167
0 0.278087 0.036667 0.040044 0.055833
