6 0.21371 0.642898 0.021774 0.023388
2 0.345968 0.825442 0.071774 0.024529
2 0.554839 0.714775 0.032258 0.079863
2 0.381452 0.604678 0.097581 0.031375
0 0.381452 0.511124 0.08871 0.026811
2 0.690323 0.380491 0.034677 0.187108
2 0.616935 0.43012 0.033065 0.084997
2 0.614516 0.330291 0.033871 0.089561
2 0.554032 0.428979 0.033065 0.066743
2 0.549194 0.368511 0.032258 0.057616
15 0.469355 0.377068 0.032258 0.022818
0 0.291935 0.363948 0.033065 0.031375
15 0.331452 0.257273 0.033065 0.027382
6 0.378226 0.257273 0.053226 0.021677
0 0.375806 0.221335 0.060484 0.026811
