0 0.5472620967741936 0.4495151169423845 0.027290322580645163 0.08213918996006846
2 0.1644032258064516 0.6507244723331432 0.11933467741935483 0.023291500285225326
11 0.052705645161290324 0.2681631488876212 0.026717741935483874 0.058596691386195096
2 0.43541935483870964 0.6525556189389619 0.08203629032258064 0.024660581859669135
2 0.13608064516129034 0.183000570450656 0.10224193548387096 0.03945807187678266
2 0.2905645161290323 0.12806617227609812 0.36302419354838705 0.04148317170564746
15 0.2718548387096774 0.33700513405590415 0.03719354838709677 0.039657729606389046
2 0.10828225806451613 0.23142612664004564 0.03571774193548387 0.022835139760410725
2 0.48358467741935485 0.3349743297204792 0.07569354838709677 0.021802624073017682
2 0.7319677419354839 0.675687393040502 0.2199032258064516 0.04210496292070736
3 0.6038306451612904 0.3561494580718768 0.02305241935483871 0.036742726754135764
2 0.32104032258064513 0.6523901882487165 0.18530645161290324 0.02341129492298916
2 0.48466129032258065 0.23217341699942956 0.06945564516129032 0.023513976041072446
0 0.32490725806451615 0.40764403879064465 0.017911290322580646 0.05029663434112949
0 0.07116935483870968 0.45824871648602394 0.02514516129032258 0.15592127780946946
0 0.038012096774193545 0.44499144324015977 0.021487903225806453 0.09014831717056475
2 0.14853225806451614 0.4036394751853965 0.07672983870967742 0.019783228750713065
0 0.5053225806451613 0.4549914432401597 0.027887096774193546 0.15503707929264118
16 0.9110806451612903 0.6786936679977182 0.11133064516129033 0.03233314318311466
15 0.20865725806451613 0.4984084426697091 0.02933064516129032 0.055710211066742725
2 0.5934596774193548 0.5031203650884198 0.037814516129032257 0.2219908727895037
15 0.37275806451612903 0.32176839703365656 0.04118951612903226 0.036389047347404446
15 0.6419233870967742 0.6353223046206503 0.03394758064516129 0.04513405590416429
15 0.2 0.5479520821448944 0.027810483870967743 0.05554478037649743
0 0.28568548387096776 0.4157387335995436 0.017588709677419354 0.037609811751283515
