2 0.14795564516129034 0.22077010838562464 0.015560483870967744 0.05608100399315459
1 0.2737016129032258 0.17677695379349687 0.04585887096774194 0.017855105533371364
2 0.17051612903225807 0.22294922989161436 0.014536290322580645 0.03716486023958928
2 0.16676209677419354 0.18838562464346834 0.015072580645161291 0.02618938961779806
15 0.22473387096774194 0.2704107244723331 0.020068548387096777 0.025847119224187108
15 0.18636290322580645 0.25753565316600113 0.015008064516129032 0.018910439247005133
2 0.16852016129032257 0.25002852253280095 0.015814516129032258 0.03208784940102681
8 0.3542137096774194 0.31086708499714777 0.04305241935483871 0.020370792926411866
2 0.501233870967742 0.3045236737022248 0.040129032258064516 0.02495151169423845
15 0.18798387096774194 0.18284654877353107 0.01585483870967742 0.019874500855675985
15 0.513358870967742 0.17229321163719336 0.02263709677419355 0.024112949229891618
2 0.16109677419354837 0.21602966343411295 0.012750000000000001 0.0383342840844267
