2 0.6902901960784313 0.4274530018192844 0.04698039215686274 0.1483687083080655
7 0.6674352941176471 0.6223771983020012 0.022627450980392157 0.09757428744693754
15 0.37978823529411765 0.9118314129775621 0.02379607843137255 0.023505154639175258
15 0.41200784313725486 0.870721649484536 0.024407843137254904 0.02081867798665858
0 0.48945098039215684 0.9348392965433596 0.08009411764705883 0.016658580958156456
2 0.7261176470588235 0.7481261370527593 0.017968627450980393 0.11506973923590054
2 0.6889647058823529 0.7416434202546999 0.017898039215686275 0.10627653123104912
2 0.48210980392156866 0.22585809581564584 0.07425098039215687 0.13741661613098846
5 0.622321568627451 0.9171558520315343 0.021388235294117645 0.08976955730745907
1 0.44972549019607844 0.6390115221346271 0.018015686274509803 0.0692116434202547
0 0.4984 0.8967495451788963 0.08785882352941177 0.03589448150394178
0 0.49697254901960786 0.5793389933292905 0.08769411764705883 0.037295330503335354
7 0.7679294117647059 0.9213644633110976 0.021027450980392156 0.09644633110976349
15 0.7796705882352941 0.8589266221952698 0.027607843137254905 0.025894481503941785
5 0.6012705882352941 0.6208004851425106 0.021058823529411765 0.09023044269254094
