2 0.3965806451612903 0.23779806046776955 0.13068951612903226 0.034090131203650884
0 0.5406129032258065 0.43563034797490013 0.02554032258064516 0.06974900171135197
0 0.2326854838709677 0.43909868796349116 0.030415322580645165 0.07961209355390758
0 0.2709798387096774 0.4282943525385054 0.030903225806451613 0.07019395322304621
0 0.5026209677419354 0.4346948088990302 0.027447580645161288 0.05483171705647462
2 0.34873387096774194 0.2707244723331432 0.02899193548387097 0.022173416999429547
2 0.3232379032258064 0.42357672561323445 0.05682661290322581 0.021283513976041075
2 0.4442903225806451 0.2723217341699943 0.03708064516129032 0.0222875071306332
3 0.3844758064516129 0.4513177410154022 0.02175 0.01691386195094124
3 0.41623387096774195 0.4519623502567028 0.023766129032258065 0.016845407872219054
