0 0.17064144736842105 0.41823597455176403 0.06654605263157895 0.033788316946211684
0 0.2206578947368421 0.45842105263157895 0.08225328947368421 0.03382301908617698
2 0.7972532894736842 0.6285540775014459 0.21631578947368424 0.03162521688837478
2 0.37214638157894736 0.21537304800462695 0.10114309210526315 0.019144013880855987
16 0.8270559210526316 0.7351764025448235 0.1886677631578947 0.05581839213418161
0 0.5377878289473684 0.4281839213418161 0.09162006578947368 0.03089647194910353
2 0.28148848684210526 0.5704048582995952 0.0605921052631579 0.01580104106419896
2 0.43636513157894735 0.23978600347021398 0.11425164473684211 0.023568536726431465
2 0.347828947368421 0.5915962984384037 0.16351151315789475 0.01894736842105263
15 0.46131578947368423 0.38415268941584735 0.03653782894736842 0.03176980913823019
2 0.9019490131578948 0.37281665702718336 0.0772532894736842 0.15593406593406595
3 0.284671052631579 0.25999421631000574 0.03822368421052631 0.01951417004048583
