11 0.524758064516129 0.5599885909868796 0.059419354838709686 0.06037079292641186
2 0.6671370967741935 0.626531660011409 0.09372580645161291 0.026697090701654304
15 0.7164677419354838 0.5206674272675413 0.027459677419354837 0.029070165430690246
11 0.415491935483871 0.2965373645179692 0.06111290322580645 0.03558471192241871
2 0.6594435483870968 0.44504848830576155 0.09330645161290323 0.0273531089560753
15 0.42377419354838713 0.2403308613804906 0.045604838709677416 0.03953793496862522
8 0.5605403225806452 0.4184540787221905 0.1605725806451613 0.03056474614945807
2 0.6889677419354839 0.11728465487735311 0.03433870967741935 0.09008556759840274
15 0.8017903225806452 0.5401426126640045 0.03194354838709677 0.028642327438676556
2 0.5497741935483871 0.19063890473474043 0.18466129032258063 0.03560752994865944
15 0.32395161290322577 0.10371933827723902 0.03309677419354839 0.033622361665715916
2 0.3777258064516129 0.13491728465487735 0.02916935483870968 0.04094124358243012
2 0.37833870967741934 0.1788933257273246 0.03130645161290323 0.04111237877923559
8 0.775758064516129 0.46491728465487736 0.03620161290322581 0.07367940673131775
2 0.7573790322580645 0.5576383342840844 0.02529032258064516 0.06126069594980034
0 0.5130967741935484 0.06553907586993725 0.10410483870967742 0.03350256702795208
0 0.5309112903225807 0.3875071306332002 0.17146774193548386 0.025037079292641186
2 0.7444516129032258 0.3249172846548774 0.05899193548387097 0.08122646891043923
2 0.2756774193548387 0.2389560752994866 0.0527016129032258 0.25314318311466055
2 0.3519758064516129 0.35078722190530515 0.03382258064516129 0.0673188819167142
15 0.3169758064516129 0.3513405590416429 0.02516935483870968 0.030598973188819167
15 0.43298387096774194 0.18248716486023958 0.04640322580645161 0.03004563605248146
