11 0.628226 0.610382 0.025806 0.069025
11 0.550806 0.588705 0.024194 0.046777
2 0.38871 0.456931 0.025806 0.346264
2 0.35121 0.486024 0.027016 0.26526
2 0.319758 0.507701 0.024597 0.209355
2 0.279839 0.559042 0.020968 0.074729
2 0.283468 0.491158 0.034677 0.028523
2 0.253226 0.472904 0.028226 0.02567
2 0.234677 0.49401 0.017339 0.030804
2 0.197984 0.466058 0.028226 0.192242
2 0.1625 0.462065 0.031855 0.298346
3 0.250806 0.420993 0.02379 0.028523
3 0.266129 0.393611 0.021371 0.023388
2 0.280645 0.369652 0.042742 0.021677
2 0.247581 0.372504 0.024194 0.018825
3 0.266129 0.335425 0.030645 0.02567
11 0.270968 0.297205 0.033871 0.041072
2 0.310484 0.260125 0.045161 0.020536
2 0.270161 0.219053 0.047581 0.028523
2 0.310887 0.225898 0.032661 0.021677
2 0.235081 0.236167 0.027016 0.029663
2 0.267742 0.171135 0.072581 0.037079
