11 0.6740470588235293 0.3718253486961795 0.12307450980392155 0.08939963614311704
2 0.5847294117647058 0.3189872650090964 0.0804078431372549 0.016658580958156456
2 0.24865490196078432 0.34073377804730137 0.08324313725490197 0.012825955124317768
2 0.2909764705882353 0.36732565191024863 0.04212156862745098 0.012971497877501516
0 0.4851450980392156 0.4171740448756822 0.028784313725490198 0.01356579745300182
0 0.5039490196078431 0.3709096422073984 0.028184313725490198 0.014038811400848998
0 0.3239058823529412 0.5839842328684051 0.0212 0.02528198908429351
2 0.44827843137254897 0.2008611279563372 0.03585882352941176 0.057398423286840514
2 0.2889568627450981 0.48749545178896303 0.05000392156862745 0.01400848999393572
2 0.27425490196078434 0.5511036992116434 0.07554117647058824 0.01567616737416616
0 0.08945882352941177 0.5804608853850819 0.023803921568627453 0.01910248635536689
0 0.12509411764705883 0.5799090357792601 0.024352941176470588 0.019223771983020013
0 0.15978039215686274 0.5800303214069134 0.026176470588235294 0.017010309278350517
0 0.6872509803921568 0.06722862340812613 0.041509803921568625 0.015124317768344452
