0 0.5731019607843137 0.5103214069132808 0.06315686274509805 0.028684050939963613
0 0.6423450980392157 0.5329290479078229 0.059811764705882356 0.019278350515463918
7 0.08196078431372548 0.5077926015767131 0.06429411764705882 0.024663432383262584
15 0.4836705882352941 0.5580533656761674 0.02526666666666667 0.03023650697392359
2 0.3749372549019608 0.3081503941782899 0.27323137254901964 0.01607034566403881
5 0.6836313725490196 0.497883565797453 0.061356862745098044 0.023959975742874468
0 0.08270588235294118 0.4885385081867799 0.06493333333333334 0.019138872043662825
15 0.6142 0.5716191631291692 0.02199607843137255 0.03451182534869618
2 0.46283529411764707 0.6715827774408732 0.0688 0.01356579745300182
0 0.6845803921568627 0.4748089751364464 0.06100392156862745 0.02086719223771983
15 0.16165098039215686 0.5634141904184354 0.02263529411764706 0.03249848392965434
2 0.5114235294117647 0.4249363250454821 0.057568627450980396 0.011503941782898725
0 0.13785490196078432 0.5346149181322014 0.03665098039215686 0.01910248635536689
2 0.5126823529411765 0.48757428744693754 0.06403137254901961 0.012916919345057612
0 0.1872235294117647 0.5057125530624621 0.06282745098039216 0.01838690115221346
2 0.4814823529411765 0.3492540933899333 0.05995686274509803 0.014147968465736809
5 0.5731921568627452 0.5400060642813826 0.06111372549019608 0.021079442086112794
2 0.29283137254901964 0.3492965433596119 0.15241176470588236 0.014827167980594299
2 0.20933725490196076 0.37271679805943 0.09114509803921568 0.01581564584596725
5 0.18769803921568629 0.5246513038204973 0.060294117647058824 0.025227410551849606
1 0.5695764705882354 0.6228441479684657 0.047549019607843135 0.016967859308671923
2 0.4692980392156863 0.4751788963007884 0.08223529411764706 0.015348696179502729
11 0.5693098039215686 0.44765312310491207 0.04681176470588235 0.06405093996361431
15 0.12140784313725489 0.403650697392359 0.0256078431372549 0.03905397210430564
15 0.22954901960784316 0.4012067919951486 0.026223529411764708 0.03959369314736204
11 0.47419607843137257 0.6222680412371133 0.03732941176470588 0.060824742268041236
3 0.49614117647058825 0.39984232868405095 0.023803921568627453 0.01804730139478472
3 0.3132509803921569 0.4857792601576713 0.05365882352941177 0.018835657974530018
2 0.22936862745098038 0.6704790782292298 0.0609764705882353 0.013929654335961187
11 0.21287843137254903 0.6224378411158278 0.04709411764705883 0.06429351121892056
11 0.5017294117647059 0.5389266221952699 0.023172549019607844 0.03345664038811401
