7 0.8687254901960785 0.266173438447544 0.12421960784313725 0.026701030927835052
8 0.6042117647058823 0.42743480897513647 0.12034901960784314 0.027847180109157064
7 0.6652 0.2666585809581565 0.12721176470588236 0.028690115221346273
15 0.8271176470588235 0.4719648271679806 0.026184313725490193 0.03439660400242571
15 0.8221098039215686 0.30563978168587025 0.034121568627450985 0.03816252274105519
15 0.7116745098039216 0.33234081261370524 0.03514117647058824 0.03748938750758035
1 0.752478431372549 0.6809460278956945 0.09878039215686274 0.04456033959975743
11 0.7359607843137255 0.4062340812613705 0.10325490196078432 0.060582171012735
0 0.8550470588235294 0.5058641600970285 0.021003921568627452 0.026573681018799273
0 0.6447058823529411 0.5053729533050334 0.02800392156862745 0.024602789569436023
0 0.8957803921568627 0.5014372346876895 0.026094117647058827 0.027556094602789568
