2 0.1850884198516828 0.1865133171912833 0.08612664004563604 0.016916868442292173
2 0.7406160867084997 0.1884907183212268 0.0548374215630348 0.0133091202582728
2 0.44448374215630343 0.18895076674737693 0.07759269823160297 0.015512510088781274
2 0.8823160296634341 0.18894269572235672 0.11511694238448375 0.016715092816787732
2 0.5855276668568169 0.1892493946731235 0.08789503707929265 0.015536723163841809
2 0.5144266970907017 0.18943502824858757 0.058049058756417575 0.015012106537530268
2 0.3420764403879064 0.6695722356739306 0.07013690815744439 0.011242937853107345
2 0.6712778094694809 0.18858757062146891 0.08527096406160867 0.01476997578692494
2 0.36498003422703934 0.18723163841807908 0.0671192241871078 0.014019370460048426
2 0.8024015972618368 0.19326876513317193 0.03921848260125499 0.01357546408393866
2 0.27270393610952653 0.18951573849878936 0.08939532230462066 0.015415657788539146
2 0.11661152310325155 0.49693301049233257 0.00993154592127781 0.044939467312348665
2 0.8835367940673131 0.21456820016142053 0.11341129492298917 0.014148506860371267
2 0.1890872789503708 0.21379338175948345 0.0823901882487165 0.01410815173527038
0 0.382937820878494 0.28213882163034704 0.009897318881916715 0.046682808716707026
0 0.4194466628636623 0.26579499596448747 0.00845407872219053 0.024616626311541566
2 0.11543639475185397 0.18735270379338176 0.029965772960638907 0.014689265536723162
0 0.569469480889903 0.25873284907183214 0.019309754706217912 0.04912025827280064
2 0.9065430690245294 0.4441485068603712 0.0355561893896178 0.012187247780468119
0 0.31932686822589845 0.2779257465698144 0.008277239018824871 0.045262308313155766
0 0.6427837992013691 0.2681194511702986 0.008197375926982315 0.027643260694108152
2 0.28741015402167713 0.43481033091202587 0.03249286936679977 0.013236481033091201
0 0.7338961779806047 0.2634382566585956 0.01674843126069595 0.040419693301049234
0 0.3377010838562464 0.2813962873284907 0.010519110096976612 0.05062953995157385
2 0.9213519680547633 0.495181598062954 0.009075869937250429 0.060863599677159
2 0.39325156873930406 0.6729943502824859 0.030262407301768397 0.013292978208232444
2 0.12891614375356533 0.6186279257465699 0.031494580718767824 0.012017756255044391
0 0.2639760410724472 0.2717594834543987 0.008807758128921848 0.02079903147699758
0 0.581061038220194 0.25539144471347863 0.016332002281802625 0.04634382566585957
2 0.17985738733599546 0.2816949152542373 0.01185966913861951 0.049209039548022596
2 0.4127609811751284 0.696497175141243 0.013211637193382772 0.03394673123486683
2 0.5014090131203651 0.16232445520581115 0.6380205362236167 0.020920096852300243
0 0.7726297775242442 0.2702582728006457 0.014164289788933256 0.017861178369652946
0 0.5379235596120936 0.4976674737691687 0.0075356531660011414 0.021953188054882968
2 0.13377067883628066 0.4558676351896691 0.030262407301768397 0.015714285714285712
0 0.5882258984597832 0.4944874899112187 0.007775242441528808 0.02092816787732042
0 0.5275755847119225 0.49553672316384184 0.008043354249857387 0.023075060532687652
2 0.7863719338277239 0.3053833736884584 0.017432972047917855 0.013454398708635998
2 0.5692355961209355 0.4233817594834544 0.02679977181973759 0.015504439063761099
3 0.7305989731888192 0.22224374495560936 0.017883628066172278 0.01284907183212268
2 0.7631317741015402 0.3050040355125101 0.023519680547632628 0.011993543179983858
0 0.0739532230462065 0.2787409200968523 0.0074671990872789504 0.0224455205811138
2 0.31231602966343414 0.49447134786117836 0.010079863091842556 0.07784503631961259
0 0.9526868225898459 0.2717352703793382 0.012829435253850541 0.04904761904761905
2 0.137843696520251 0.18847457627118644 0.013188819167142042 0.01611783696529459
2 0.5617056474614945 0.43862792574656984 0.011545921277809469 0.012558514931396288
1 0.06927552766685681 0.22787732041969327 0.02134626354820308 0.008071025020177562
2 0.3250256702795208 0.18894269572235672 0.021973759269823163 0.013688458434221147
0 0.1495493439817456 0.687909604519774 0.012475755847119225 0.021170298627925747
3 0.20439817455790074 0.23524616626311542 0.010365088419851684 0.014648910411622276
2 0.7725556189389617 0.18750605326876513 0.01725042783799201 0.014213075060532687
2 0.14224757558471193 0.21079096045197743 0.012954934398174559 0.013163841807909603
3 0.6092355961209356 0.21716707021791767 0.01764974329720479 0.012259887005649717
2 0.42785510553337136 0.8793623890234059 0.18632629777524243 0.017005649717514126
2 0.11247575584711922 0.7408474576271186 0.02677695379349686 0.020823244552058112
2 0.5656816885339419 0.4783050847457627 0.02140330861380491 0.013648103309120259
2 0.5761380490587564 0.43762711864406784 0.013126069594980035 0.011065375302663438
