2 0.11050403225806452 0.23325727324586423 0.018608870967741935 0.06828294352538505
2 0.21877419354838706 0.23331431831146607 0.018137096774193548 0.059144324015972624
0 0.498375 0.4162293211637193 0.02040725806451613 0.08974900171135197
2 0.2475766129032258 0.29435824301197944 0.18523387096774194 0.03135767256132344
2 0.10794354838709677 0.5246662863662294 0.016266129032258065 0.06739304050199658
2 0.4633911290322581 0.0903251568739304 0.07222177419354839 0.017438676554478037
8 0.48745161290322586 0.5102167712492869 0.014298387096774194 0.07012549914432402
2 0.40195967741935484 0.14330861380490587 0.015427419354838708 0.05786081003993155
7 0.512475806451613 0.6953508271534512 0.05375806451612903 0.01739874500855676
0 0.4677096774193549 0.4110838562464347 0.028504032258064516 0.09183685111237878
11 0.7530645161290322 0.4823901882487165 0.026116935483870965 0.08986879634911579
15 0.16763306451612903 0.48138049058756416 0.01650806451612903 0.0177124928693668
2 0.552008064516129 0.13367940673131773 0.03861693548387097 0.017181973759269824
0 0.24919354838709679 0.42610382201939534 0.037854838709677416 0.023593839132915004
2 0.5663225806451613 0.1574158585282373 0.015629032258064515 0.01401597261836851
0 0.5938387096774194 0.4165487735310896 0.017318548387096774 0.09233314318311467
3 0.46192338709677416 0.13724472333143184 0.020681451612903225 0.026577296063890476
8 0.6092137096774193 0.5073987450085568 0.016036290322580648 0.07067883628066172
15 0.5279193548387097 0.3063377067883628 0.014745967741935484 0.015476326297775242
2 0.544899193548387 0.1557216200798631 0.025201612903225805 0.014381061038220195
15 0.5538225806451613 0.2316314888762122 0.016411290322580645 0.015185396463205934
2 0.21858870967741936 0.1900969766115231 0.01793548387096774 0.02410724472333143
2 0.21808467741935486 0.27749572162007985 0.015209677419354839 0.020598973188819168
2 0.2527782258064516 0.45731888191671416 0.17800806451612902 0.022059326868225898
0 0.2573951612903226 0.1570564746149458 0.04667741935483871 0.03430119794637764
15 0.4977661290322581 0.19276668568168853 0.015548387096774195 0.0191500285225328
15 0.553108870967742 0.17793496862521394 0.01594758064516129 0.01912150598973189
6 0.6319798387096774 0.10268682258984597 0.018495967741935484 0.012013690815744438
0 0.24375806451612902 0.13561893896177982 0.032120967741935486 0.01586993725042784
