16 0.46170298627925743 0.8293443557582668 0.04462469733656174 0.13704675028506272
2 0.8439709443099274 0.4363397947548461 0.025084745762711864 0.058044469783352336
15 0.7099354317998386 0.28815849486887113 0.036456820016142054 0.027525655644241732
15 0.8460774818401937 0.5099885974914481 0.03414850686037127 0.028979475484606613
15 0.6492009685230025 0.33820980615735463 0.035778853914447135 0.027958950969213227
15 0.7311299435028249 0.5900855188141391 0.0356093623890234 0.028015963511972636
2 0.8979661016949152 0.45032497149372863 0.02532687651331719 0.09137400228050171
1 0.6285310734463276 0.5331470923603192 0.020314769975786927 0.04665906499429875
2 0.7841081517352704 0.4304275940706956 0.02066182405165456 0.04388825541619156
0 0.6225423728813559 0.25446408209806154 0.07747376916868443 0.029806157354618015
0 0.6304923325262308 0.5984264538198404 0.08058918482647295 0.02675598631698974
0 0.6079015334947538 0.3128905359179019 0.05846650524616626 0.017531356898517675
1 0.8027683615819209 0.35319840364880273 0.01933817594834544 0.03899087799315849
