2 0.5666963562753037 0.2471379703534778 0.10306072874493927 0.023745724059293042
0 0.31258299595141703 0.4438312428734322 0.026445344129554654 0.052850627137970355
1 0.6740566801619433 0.5089623717217788 0.07583805668016194 0.025421892816419614
0 0.22735222672064775 0.39096351197263396 0.0420080971659919 0.05477194982896237
0 0.7251012145748987 0.4468187001140251 0.025506072874493926 0.038762827822120864
0 0.7732631578947369 0.43084378563283926 0.02442914979757085 0.03675028506271379
16 0.8385425101214574 0.6881185860889396 0.12349797570850203 0.038021664766248575
0 0.2680242914979757 0.42384834663626 0.02625101214574899 0.06198973774230331
1 0.3800242914979757 0.509418472063854 0.07850202429149798 0.023147092360319272
2 0.6426801619433199 0.28372291904218927 0.048461538461538466 0.02231470923603193
0 0.818161943319838 0.42346066134549604 0.024267206477732794 0.0375484606613455
5 0.7231255060728744 0.23475484606613453 0.12947368421052632 0.027229190421892816
2 0.5531012145748988 0.20787343215507412 0.13249392712550606 0.03710376282782212
5 0.3434655870445344 0.2347776510832383 0.12876113360323888 0.025604332953249712
2 0.5353198380566802 0.18223489167616874 0.17637246963562753 0.0313169897377423
0 0.8642995951417005 0.3828734321550741 0.029838056680161946 0.061374002280501716
2 0.5421781376518219 0.6460319270239453 0.13398380566801618 0.03282782212086659
2 0.5788097165991903 0.6759236031927024 0.07921457489878542 0.029492588369441276
2 0.5238623481781377 0.2817217787913341 0.12080161943319838 0.017440136830102624
2 0.40641295546558703 0.2732383124287343 0.06506072874493926 0.025917901938426455
3 0.5662914979757085 0.34812998859749145 0.055028340080971655 0.01734891676168757
15 0.5051012145748988 0.23941277080957812 0.0525668016194332 0.02312998859749145
