15 0.4500846774193549 0.07314888762122077 0.020173387096774194 0.027090701654306902
2 0.3233790322580645 0.6831488876212207 0.07087500000000001 0.015482030804335425
2 0.3362983870967742 0.7139418140330861 0.10206048387096775 0.02046776953793497
0 0.2657822580645161 0.3947005134055904 0.03566532258064516 0.03150598973188819
2 0.3527217741935484 0.7546320593268682 0.13483467741935484 0.015430690245293782
2 0.3616774193548387 0.7890758699372504 0.15056451612903224 0.014586423274386766
2 0.2261774193548387 0.8738334284084426 0.016536290322580645 0.07783228750713063
15 0.2735927419354839 0.7315630347974901 0.02467741935483871 0.034073017683970336
2 0.5493588709677419 0.8817455790074159 0.017818548387096775 0.08660581859669138
2 0.36159274193548385 0.04824871648602396 0.15770564516129032 0.015755847119224186
0 0.2333467741935484 0.36470051340559045 0.027641129032258065 0.015453508271534511
2 0.323875 0.4704221334854535 0.08661693548387096 0.012595550484883056
0 0.11455645161290323 0.36736451796919567 0.026104838709677416 0.015995436394751854
11 0.8439354838709677 0.4549572162007986 0.05017741935483871 0.13965202509982885
15 0.4523548387096774 0.46658870507701083 0.022427419354838708 0.027501426126640045
0 0.14498790322580646 0.4020650313747861 0.038040322580645165 0.03503707929264119
0 0.21614112903225804 0.424877353108956 0.040677419354838706 0.030000000000000002
1 0.2270806451612903 0.18250998288648032 0.03338306451612903 0.015687393040501995
1 0.4530887096774194 0.10212778094694809 0.05418548387096774 0.018277239018824873
0 0.1648709677419355 0.365812892184826 0.020669354838709676 0.012972047917855105
2 0.24973790322580647 0.8699771819737593 0.013814516129032258 0.06441528807758129
2 0.5502862903225807 0.4571705647461494 0.02348790322580645 0.1120593268682259
2 0.3448266129032258 0.08232743867655447 0.11608467741935484 0.019743297204791784
15 0.24293548387096775 0.6573645179691956 0.02416532258064516 0.05355961209355391
2 0.30301612903225805 0.41409013120365085 0.06204838709677419 0.026354820308043356
1 0.3944274193548387 0.41649172846548776 0.03388306451612903 0.02060467769537935
2 0.3169233870967742 0.1155561893896178 0.07946774193548388 0.014569309754706217
2 0.5529516129032258 0.7937364517969197 0.014685483870967743 0.05228180262407302
0 0.15888306451612902 0.1812835139760411 0.05213709677419355 0.024204221334854534
0 0.1913225806451613 0.40246434683399884 0.018254032258064518 0.01648031945236737
1 0.33752822580645164 0.44586993725042784 0.053008064516129036 0.02069594980034227
0 0.46367338709677425 0.38766685681688534 0.021653225806451615 0.022515687393040502
2 0.5491370967741935 0.36237877923559614 0.017758064516129032 0.0680718767826583
0 0.31213709677419355 0.2269309754706218 0.022919354838709678 0.01628066172276098
11 0.37513709677419355 0.13423274386765546 0.031016129032258064 0.027278950370792927
2 0.37470967741935485 0.11413006274957216 0.035141129032258064 0.014643468339988593
0 0.3394475806451613 0.9482030804335425 0.02106048387096774 0.018351397604107245
0 0.37656048387096774 0.8599258414147176 0.02404032258064516 0.02367940673131774
2 0.2825564516129032 0.5985852823730747 0.08014112903225806 0.024130062749572162
15 0.2959072580645161 0.6271762692527096 0.020205645161290323 0.03010268111808329
3 0.7896370967741936 0.5711009697661152 0.026294354838709674 0.02146035367940673
16 0.8952661290322581 0.7269594980034226 0.08973387096774194 0.04896748431260696
2 0.8993266129032258 0.34897318881916717 0.017294354838709676 0.06580148317170564
15 0.8880806451612904 0.18521391899600684 0.02509274193548387 0.042025099828864806
6 0.5522177419354839 0.6708613804905875 0.043891129032258065 0.022595550484883056
