16 0.8230483870967742 0.677124928693668 0.22505645161290322 0.04688533941814033
15 0.447233870967742 0.26505419281232173 0.051258064516129034 0.05245864232743867
15 0.6439919354838709 0.2583342840844267 0.05168548387096775 0.05077581289218483
1 0.423991935483871 0.5273017683970337 0.0794274193548387 0.021551625784369654
15 0.5693951612903225 0.24278950370792926 0.05136290322580645 0.05066172276098117
2 0.5431532258064516 0.12365088419851682 0.1495967741935484 0.034888762122076436
0 0.2386048387096774 0.46090701654306904 0.03973387096774194 0.07760981175128352
0 0.3313629032258064 0.45703365658870504 0.04364516129032258 0.1026126640045636
10 0.7012177419354839 0.1905590416428979 0.13141129032258064 0.029286936679977185
2 0.44529032258064516 0.2129092983456931 0.11680645161290323 0.03518539646320593
15 0.3275725806451613 0.28014261266400453 0.06356451612903226 0.03914432401597262
0 0.7622096774193549 0.4635253850541928 0.04082258064516129 0.07488876212207644
2 0.5808387096774194 0.1513633770678836 0.06741935483870967 0.018870507701083856
0 0.8108064516129032 0.4631774101540217 0.03906451612903226 0.07574443810610382
0 0.1932016129032258 0.4623844837421563 0.03957258064516129 0.06413576725613235
2 0.6306854838709677 0.5564917284654877 0.1658306451612903 0.023707929264118657
7 0.3701774193548387 0.46019395322304624 0.03128225806451613 0.09819737592698231
2 0.2933306451612903 0.35053051911009697 0.02603225806451613 0.1025841414717627
15 0.6464112903225806 0.06110667427267542 0.16033064516129034 0.0483342840844267
2 0.50775 0.15145464917284654 0.06960483870967742 0.021631488876212208
2 0.5942338709677419 0.524312606959498 0.05412903225806452 0.024021677124928694
3 0.6668387096774193 0.37828294352538505 0.051225806451612906 0.017741015402167715
1 0.4811854838709677 0.4907244723331432 0.10063709677419355 0.021557330290929835
