0 0.6471532258064516 0.4415573302909298 0.02201209677419355 0.06740444951511694
0 0.6737620967741935 0.43894466628636625 0.02319758064516129 0.06449515116942385
15 0.6723629032258065 0.18433542498573874 0.01856048387096774 0.018482601254991442
0 0.7826411290322581 0.45790074158585287 0.015516129032258063 0.03715345122646891
0 0.8079516129032258 0.4641642897889332 0.01757661290322581 0.040724472333143184
7 0.701991935483871 0.7551968054763263 0.04474193548387097 0.016651454649172847
8 0.6595604838709678 0.5094523673702225 0.01239516129032258 0.06380490587564175
2 0.7088870967741935 0.18159155733029092 0.011350806451612903 0.0227780946948089
15 0.6945766129032258 0.2239589275527667 0.014536290322580645 0.021466058185966915
11 0.7045403225806451 0.20214489446662864 0.011318548387096774 0.019064460924130062
15 0.735625 0.15976041072447233 0.011935483870967743 0.02136908157444381
2 0.7383346774193548 0.10933827723901882 0.03542338709677419 0.014803194523673702
2 0.7125604838709678 0.135750142612664 0.016060483870967743 0.012492869366799771
2 0.7315887096774193 0.13531089560752993 0.018201612903225806 0.013371363377067885
2 0.745733870967742 0.13590986879634911 0.007076612903225807 0.012173416999429549
2 0.759483870967742 0.13694808899030234 0.021133064516129032 0.013291500285225329
