15 0.177276 0.698575 0.018533 0.026211
2 0.091861 0.620513 0.02216 0.124786
0 0.305399 0.71453 0.038276 0.026211
0 0.304593 0.518519 0.033844 0.026211
3 0.188961 0.22792 0.017325 0.024501
0 0.305802 0.353276 0.024174 0.025641
2 0.249799 0.309972 0.017728 0.054131
2 0.248993 0.248433 0.018936 0.076353
2 0.247381 0.185755 0.017325 0.053561
2 0.092667 0.247863 0.019742 0.117379
0 0.31386 0.125356 0.056003 0.034758
0 0.303787 0.093447 0.033441 0.025641
3 0.45971 0.169231 0.028203 0.031339
11 0.416197 0.274074 0.038276 0.034188
2 0.452055 0.280912 0.03747 0.022792
2 0.390411 0.190883 0.020951 0.102564
2 0.923449 0.336182 0.014102 0.073504
2 0.905721 0.352707 0.014504 0.043305
2 0.904915 0.316239 0.014504 0.037607
2 0.885173 0.333903 0.014504 0.036467
2 0.88477 0.295726 0.013699 0.048433
15 0.861805 0.345299 0.017728 0.024501
8 0.782836 0.476923 0.060032 0.022792
0 0.70145 0.472365 0.070105 0.030769
0 0.699839 0.425071 0.074537 0.041026
15 0.736906 0.383476 0.014907 0.021083
15 0.736906 0.291738 0.014907 0.021083
15 0.558421 0.406838 0.014907 0.021083
15 0.523368 0.409687 0.014907 0.021083
11 0.578969 0.270655 0.023368 0.062678
15 0.555197 0.275214 0.014907 0.021083
15 0.513699 0.22735 0.014907 0.021083
0 0.688558 0.218803 0.029009 0.021083
0 0.686946 0.176638 0.024577 0.021083
