0 0.813725 0.274106 0.088627 0.046089
0 0.75098 0.294724 0.058039 0.041237
1 0.666667 0.278957 0.098824 0.023651
2 0.543137 0.180716 0.070588 0.026683
2 0.385098 0.248636 0.023529 0.099454
1 0.883529 0.550637 0.087843 0.036992
2 0.737647 0.590055 0.06549 0.099454
2 0.849804 0.477865 0.06549 0.021831
2 0.764706 0.512432 0.109804 0.022438
15 0.594902 0.453002 0.029804 0.041237
0 0.645098 0.421468 0.103137 0.048514
2 0.578824 0.55185 0.076863 0.021225
2 0.579608 0.617344 0.073333 0.024864
7 0.63451 0.707095 0.123922 0.032141
2 0.435686 0.686477 0.273333 0.023651
13 0.367059 0.620982 0.098039 0.026076
2 0.402745 0.55185 0.113333 0.029109
2 0.293725 0.55003 0.101961 0.024864
4 0.178039 0.48211 0.134118 0.034566
2 0.252549 0.244391 0.056078 0.083081
0 0.131765 0.389327 0.063922 0.029715
0 0.154118 0.278351 0.107843 0.053366
4 0.15451 0.215888 0.128627 0.035173
15 0.241176 0.209824 0.034902 0.051546
2 0.334902 0.182535 0.070588 0.019406
2 0.356471 0.115221 0.114118 0.020012
0 0.213725 0.141904 0.050196 0.039418
0 0.190196 0.101273 0.101176 0.047908
