15 0.7412510088781274 0.638757126567845 0.08185633575464084 0.025370581527936146
0 0.5985068603712671 0.4908494868871152 0.0470863599677159 0.01829532497149373
5 0.8095560936238902 0.060444697833523374 0.02221953188054883 0.06232041049030787
5 0.7575060532687651 0.4643956670467503 0.022590799031476996 0.06404218928164196
2 0.593365617433414 0.2550627137970353 0.026392251815980632 0.14423603192702394
2 0.687320419693301 0.09116305587229191 0.09082324455205812 0.02112884834663626
2 0.5977804681194512 0.36789623717217784 0.026311541565778855 0.08401368301026227
2 0.8464648910411622 0.2637856328392246 0.03178369652945924 0.28647662485746866
0 0.5928813559322034 0.45258266818700116 0.11998385794995964 0.020119726339794756
15 0.7148910411622276 0.5018415051311289 0.028264729620661826 0.057759407069555305
16 0.44317998385795 0.8854846066134551 0.03940274414850686 0.1480387685290764
2 0.8010088781275222 0.4313397947548461 0.025238095238095237 0.134036488027366
2 0.6958272800645682 0.5970410490307868 0.024648910411622274 0.11606613454960092
3 0.42600484261501215 0.5738996579247434 0.01943502824858757 0.04394526795895097
2 0.5403389830508475 0.5725541619156215 0.1693543179983858 0.018819840364880273
0 0.5807425343018563 0.049435575826681864 0.036707021791767554 0.02065564424173318
