2 0.43654743861776296 0.562356862745098 0.10288875416792968 0.16836862745098038
0 0.3959139133070627 0.6598901960784314 0.11993331312518946 0.05375686274509804
12 0.2914307365868445 0.3465686274509804 0.12328584419521067 0.019556862745098037
0 0.8717247650803274 0.4879294117647059 0.05782358290391027 0.029588235294117648
7 0.5196605031827827 0.7318313725490196 0.09729008790542588 0.01908235294117647
0 0.848726886935435 0.6966392156862745 0.09250682024856018 0.03359607843137255
0 0.8501000303122158 0.6579764705882353 0.0966232191573204 0.03201176470588235
1 0.7517550772961503 0.46341960784313724 0.08822673537435587 0.029945098039215686
0 0.497647772052137 0.5276941176470588 0.06433161564110336 0.030729411764705884
3 0.7181842982722036 0.5595529411764706 0.058769324037587146 0.03055686274509804
2 0.24212791755077295 0.3248627450980392 0.15720824492270385 0.02803137254901961
15 0.307086996059412 0.6310862745098039 0.028720824492270387 0.032819607843137255
2 0.5738132767505305 0.6860235294117647 0.10716580782055168 0.027262745098039214
3 0.07155198545013641 0.3997372549019608 0.09047287056683845 0.032411764705882355
2 0.6812549257350713 0.7356941176470588 0.1134889360412246 0.025517647058823527
2 0.6644589269475599 0.3707725490196079 0.11472870566838436 0.030411764705882353
2 0.6247590178842073 0.32205098039215685 0.10758411639890876 0.035541176470588236
