2 0.6238651315789474 0.6978021978021978 0.01731907894736842 0.055777906304222094
11 0.37837993421052635 0.25694042799305955 0.05365953947368421 0.0251417004048583
0 0.3199259868421052 0.5792307692307692 0.032598684210526314 0.04391555812608445
1 0.09819901315789474 0.7152747252747252 0.028667763157894738 0.07575477154424522
0 0.30433388157894736 0.795534991324465 0.03033717105263158 0.04289184499710815
1 0.42782072368421054 0.7206766917293232 0.02260690789473684 0.07317524580682475
2 0.6558881578947368 0.6708559861191441 0.01942434210526316 0.0745401966454598
11 0.3798601973684211 0.39578368999421626 0.04984375 0.021353383458646617
0 0.3266611842105263 0.7456737998843261 0.04962993421052632 0.05526315789473684
15 0.4748930921052632 0.7288085598611914 0.031710526315789474 0.02410641989589358
1 0.4289802631578947 0.6411740890688259 0.02352796052631579 0.06646616541353384
2 0.1793092105263158 0.6464488143435512 0.018421052631578946 0.058235974551764026
2 0.5573026315789473 0.7238345864661654 0.06778782894736843 0.01521688837478311
0 0.5868421052631579 0.6553614806246385 0.021274671052631578 0.01862348178137652
16 0.6329358552631579 0.10661075766338925 0.0707483552631579 0.09618854829381145
