2 0.8123489167616875 0.3989061287820016 0.02974344355758267 0.11349107835531419
2 0.63039338654504 0.1925989138867339 0.33941847206385406 0.03235065942591156
0 0.3049543899657925 0.429177657098526 0.030307867730900797 0.1239100077579519
3 0.7762029646522235 0.42672614429790534 0.02887115165336374 0.02861908456167572
2 0.8956613454960092 0.5754072924747867 0.033648802736602056 0.03531419705197828
2 0.7723261117445839 0.308200155159038 0.049800456100342075 0.02508145849495733
0 0.38022234891676165 0.36107059736229635 0.034059293044469786 0.07875872769588828
0 0.38615165336373997 0.4767416602017067 0.029144811858608892 0.09407292474786656
0 0.1384321550741163 0.43914662529092313 0.025724059293044468 0.16359968968192398
2 0.42777080957810715 0.22838634600465477 0.019435575826681872 0.10200155159038013
2 0.6236259977194982 0.9888440651667959 0.17028506271379704 0.014111714507370055
0 0.42051881413911063 0.36663304887509696 0.031408209806157356 0.06724592707525213
2 0.8699885974914482 0.5631419705197828 0.03185290763968073 0.05899922420480993
3 0.7779418472063854 0.3613809154383243 0.02129988597491448 0.024274631497284715
0 0.42427023945267955 0.4519006982156711 0.02185290763968073 0.08921644685802949
