7 0.3102549019607843 0.08072771376591874 0.1291254901960784 0.028295936931473618
15 0.41581568627450977 0.6304426925409339 0.03825882352941177 0.043662825955124315
11 0.6460392156862745 0.6985445724681626 0.13452549019607843 0.07230442692540934
0 0.44726666666666665 0.34987265009096424 0.06569019607843136 0.038211036992116434
15 0.3882470588235294 0.32508793208004855 0.03143137254901961 0.04314736203759855
15 0.25740392156862746 0.20828987265009097 0.03349019607843137 0.03893875075803517
15 0.3208 0.2839296543359612 0.030647058823529413 0.04134020618556701
15 0.4116705882352941 0.20930260764099454 0.032486274509803924 0.03500303214069133
15 0.3864549019607843 0.1707883565797453 0.028823529411764706 0.04465130382049727
2 0.33852941176470586 0.6765009096422073 0.10718039215686274 0.02018799272286234
15 0.39247843137254906 0.5532565191024864 0.02916078431372549 0.03719830200121286
0 0.13933333333333334 0.3247907822922984 0.17599215686274508 0.08145542753183747
1 0.21833333333333332 0.18560946027895694 0.12124705882352942 0.043001819284414794
5 0.24801960784313729 0.47847180109157067 0.12795686274509804 0.02693753790175864
0 0.41468627450980394 0.41213462704669496 0.05633725490196078 0.04642813826561552
2 0.33661176470588233 0.1311340206185567 0.1110627450980392 0.03800485142510612
0 0.7851529411764706 0.29757428744693754 0.06652156862745098 0.02031534263189812
2 0.38701176470588233 0.7139114614918132 0.09725490196078432 0.03314736203759854
0 0.8227882352941177 0.2776470588235294 0.05218431372549019 0.02050939963614312
0 0.2453764705882353 0.4167434808975137 0.18830980392156862 0.08468768950879321
