1 0.418824 0.659794 0.093725 0.054579
15 0.469412 0.58399 0.032549 0.060643
15 0.410196 0.597332 0.038824 0.053972
4 0.357647 0.508793 0.145098 0.032141
0 0.445098 0.415403 0.112157 0.054579
0 0.356078 0.46513 0.116863 0.063675
7 0.431765 0.108551 0.143529 0.038205
15 0.567059 0.168587 0.035294 0.058824
15 0.487451 0.241965 0.033333 0.049727
2 0.492157 0.177683 0.114118 0.054579
2 0.562353 0.369921 0.095294 0.047301
15 0.581961 0.267435 0.036863 0.064281
11 0.635294 0.304427 0.031373 0.130988
2 0.703922 0.501516 0.088627 0.158884
15 0.732549 0.445725 0.036863 0.055791
2 0.857255 0.355973 0.090196 0.05943
11 0.896863 0.449363 0.054118 0.080655
11 0.89451 0.542753 0.03451 0.105518
