2 0.646635 0.697201 0.013221 0.04665
3 0.73738 0.673452 0.033053 0.016964
2 0.754808 0.721798 0.021034 0.053435
11 0.833534 0.363868 0.070312 0.141645
11 0.766827 0.365564 0.069712 0.13486
11 0.70012 0.233249 0.088341 0.132316
11 0.647837 0.34436 0.034856 0.099237
2 0.130409 0.391009 0.021034 0.264631
2 0.33774 0.111959 0.258413 0.031383
2 0.545072 0.390161 0.021034 0.262935
2 0.591346 0.387617 0.021034 0.290925
0 0.506611 0.377439 0.048077 0.024597
2 0.276442 0.586938 0.139423 0.02799
2 0.33113 0.541985 0.028245 0.021204
7 0.158053 0.525021 0.051683 0.021204
7 0.275841 0.552163 0.054087 0.020356
0 0.260216 0.449534 0.036659 0.044105
0 0.34976 0.450382 0.025841 0.019508
0 0.384014 0.450382 0.025841 0.020356
8 0.42488 0.448685 0.051683 0.01866
2 0.474159 0.410517 0.028245 0.013571
2 0.412861 0.408821 0.091346 0.023749
2 0.345553 0.410517 0.048077 0.022901
2 0.278245 0.409669 0.088341 0.019508
2 0.214543 0.408821 0.044471 0.011874
8 0.539062 0.191688 0.053486 0.01866
1 0.495192 0.176421 0.033654 0.016964
2 0.20012 0.139101 0.050481 0.017812
2 0.275841 0.138253 0.096755 0.016115
2 0.35637 0.137405 0.07512 0.019508
2 0.427885 0.135708 0.072716 0.017812
7 0.414062 0.329941 0.057692 0.017812
7 0.280048 0.329941 0.05649 0.01866
8 0.285457 0.195081 0.049279 0.017812
0 0.167067 0.381679 0.039663 0.014419
0 0.069712 0.257846 0.025841 0.015267
