0 0.3401313725490196 0.5960351621703547 0.02722745098039216 0.022882691724765078
2 0.38332745098039217 0.53835101545923 0.023715686274509803 0.13809942406789935
0 0.8890254901960783 0.5941436799030009 0.0284078431372549 0.02403758714762049
2 0.8037921568627451 0.5942831160957865 0.020829411764705884 0.2487026371627766
2 0.8453333333333333 0.5945528948166111 0.023358823529411765 0.26541073052440134
5 0.8962058823529411 0.6159108820854805 0.04333921568627451 0.013907244619581692
2 0.6128137254901961 0.3929827220369809 0.17311764705882352 0.013161564110336466
2 0.48190980392156857 0.39498029705971505 0.03317058823529412 0.012976659593816308
2 0.4509470588235294 0.3735707790239467 0.056913725490196077 0.011885419824189149
2 0.41631960784313726 0.5503789026977872 0.02316078431372549 0.11645347074871173
5 0.4253470588235294 0.6215822976659594 0.04257843137254902 0.013595028796605032
2 0.4757 0.8338951197332525 0.05080588235294118 0.019724158836010912
1 0.5622137254901961 0.5227099120945742 0.043096078431372545 0.013537435586541375
1 0.7648764705882353 0.7664049712033949 0.03933529411764706 0.011685359199757502
2 0.4967803921568627 0.3499787814489239 0.06867450980392158 0.012682631100333436
0 0.2923980392156863 0.5963716277659897 0.02598627450980392 0.011694452864504394
2 0.6981627450980392 0.41702334040618366 0.08185490196078431 0.02190663837526523
15 0.39617843137254904 0.706232191573204 0.017813725490196077 0.023661715671415583
15 0.6124352941176471 0.4332161260988178 0.017270588235294117 0.022212791755077295
15 0.8217294117647058 0.7136223097908456 0.019809803921568628 0.024913610184904515
15 0.3664235294117647 0.7180630494089117 0.01761176470588235 0.02946953622309791
1 0.5022705882352941 0.5261079114883298 0.037605882352941176 0.014658987571991513
2 0.7146705882352942 0.3935101545923007 0.03046274509803922 0.015228857229463474
15 0.7817607843137255 0.7058047893300999 0.01746078431372549 0.02808123673840558
3 0.7531235294117646 0.7953137314337677 0.027745098039215686 0.02147923613216126
1 0.7895333333333333 0.4019399818126705 0.03671372549019608 0.02109427099120946
3 0.5632745098039216 0.7695665353137315 0.037139215686274506 0.022146104880266748
3 0.5126862745098039 0.7697726583813277 0.024066666666666667 0.01842982722036981
15 0.4566588235294118 0.7970688087299183 0.020805882352941178 0.030718399515004546
2 0.5934823529411765 0.5947287056683843 0.018160784313725493 0.24990300090936646
3 0.4282901960784314 0.4392118823886026 0.027974509803921566 0.020642618975447103
11 0.518886274509804 0.429175507729615 0.02331372549019608 0.06201576235222795
2 0.6060196078431372 0.2936980903304031 0.2915549019607843 0.02213094877235526
