1 0.4431762794476035 0.4521607753705815 0.0753127538586515 0.024526795895096924
1 0.6534930950446791 0.45458380843785634 0.06454102355808286 0.021316989737742303
0 0.8383428107229894 0.46563283922462945 0.029488220958570267 0.05208095781071836
16 0.8195857026807474 0.6943614595210947 0.1331519090170593 0.03916191562143671
0 0.779285134037368 0.4691676168757126 0.02411047928513404 0.03812428734321551
0 0.888123476848091 0.450581527936146 0.02999187652315191 0.056043329532497146
0 0.1978472786352559 0.42549600912200686 0.02503655564581641 0.05182440136830103
2 0.5270186839967506 0.24058152793614596 0.1768318440292445 0.018643101482326112
0 0.7270268074735987 0.469908779931585 0.02371242891957758 0.03695553021664766
2 0.5733468724614135 0.29998289623717217 0.07863525588952071 0.019897377423033068
0 0.2942323314378554 0.4704446978335234 0.031307879772542645 0.055843785632839225
2 0.5409098294069862 0.26994868871151656 0.1480991064175467 0.017947548460661347
15 0.4510966693744922 0.2658266818700114 0.0345897644191714 0.03266818700114025
0 0.24510966693744923 0.4565108323831243 0.02255889520714866 0.03565564424173318
3 0.4943785540211211 0.37568415051311294 0.04669374492282697 0.024013683010262257
2 0.4960438667749797 0.21138540478905357 0.22688058489033308 0.024384264538198405
2 0.5531356620633631 0.6485974914481186 0.12494719740048742 0.023523375142531357
2 0.49916328188464665 0.6179589509692133 0.1105442729488221 0.02345496009122007
