5 0.09678225806451614 0.5667958950969213 0.02933064516129032 0.10226339794754846
16 0.5226532258064517 0.38474344355758267 0.04255645161290323 0.14566134549600912
5 0.09979032258064516 0.9165165336374002 0.025879032258064517 0.09996009122006842
0 0.36563709677419354 0.5862599771949829 0.1707983870967742 0.029635119726339792
2 0.11375806451612903 0.783939566704675 0.027556451612903227 0.13010262257696692
0 0.41936290322580644 0.5349657924743444 0.05135483870967742 0.01960091220068415
0 0.4207741935483871 0.4829703534777651 0.055419354838709675 0.02031927023945268
2 0.16479032258064516 0.7402223489167616 0.020733870967741937 0.05671607753705816
2 0.056 0.7448631698973774 0.028193548387096774 0.2087913340935006
1 0.5919596774193548 0.2788597491448119 0.018741935483870965 0.06735461801596351
