2 0.731765 0.70285 0.018039 0.040631
2 0.732549 0.630685 0.019608 0.098241
15 0.657255 0.60279 0.02902 0.023044
2 0.524706 0.777441 0.105098 0.016374
11 0.50902 0.716192 0.027451 0.044876
3 0.699608 0.747119 0.049412 0.032747
3 0.623529 0.61977 0.027451 0.023651
3 0.6 0.598545 0.026667 0.024257
3 0.392157 0.704063 0.032941 0.018799
2 0.352157 0.688902 0.021176 0.090964
2 0.32549 0.677987 0.023529 0.192844
0 0.350588 0.598545 0.021176 0.016374
3 0.562353 0.316555 0.028235 0.01698
15 0.446275 0.522135 0.021961 0.020012
3 0.647843 0.440873 0.028235 0.018193
3 0.658824 0.431777 0.027451 0.019406
1 0.660392 0.523954 0.04549 0.013341
0 0.526275 0.539721 0.036078 0.013341
0 0.527843 0.52638 0.076078 0.014554
2 0.379608 0.471195 0.024314 0.086113
2 0.379608 0.41419 0.022745 0.036386
2 0.323922 0.423287 0.027451 0.181928
2 0.349804 0.378411 0.025882 0.086719
2 0.471373 0.358399 0.111373 0.020012
2 0.353725 0.291086 0.022745 0.087326
2 0.323137 0.238933 0.024314 0.187993
2 0.521569 0.300182 0.048627 0.015161
2 0.378824 0.258338 0.019608 0.024864
2 0.378824 0.217101 0.021176 0.055185
2 0.378824 0.168587 0.019608 0.047908
15 0.444706 0.130382 0.021961 0.019406
3 0.659608 0.235294 0.030588 0.01698
3 0.635294 0.224985 0.029804 0.018193
1 0.651765 0.168587 0.043137 0.015161
1 0.653333 0.126137 0.043137 0.016374
0 0.527059 0.113402 0.076078 0.015767
0 0.526275 0.091571 0.032941 0.015767
