0 0.7078064516129032 0.4823204104903079 0.013846774193548388 0.037297605473204105
15 0.8876209677419356 0.5220866590649943 0.05287096774193548 0.018836944127708095
0 0.43371774193548385 0.4852109464082098 0.01778225806451613 0.04510832383124288
0 0.4668225806451613 0.4844013683010262 0.016451612903225804 0.05571265678449259
2 0.6269032258064516 0.4346693272519954 0.05240322580645162 0.009891676168757127
2 0.5727903225806451 0.35567844925883696 0.1010725806451613 0.012166476624857469
2 0.5364596774193549 0.37449258836944127 0.03593548387096775 0.012075256556442418
11 0.6609516129032258 0.3907753705815279 0.02186290322580645 0.01879133409350057
2 0.6023870967741936 0.4621493728620297 0.03458870967741935 0.01112314709236032
6 0.5946048387096774 0.3755929304446978 0.035508064516129034 0.006835803876852908
