15 0.4023588709677419 0.44876782658300063 0.025778225806451612 0.03103251568739304
15 0.35185887096774193 0.3851283513976041 0.03329032258064516 0.032652595550484886
15 0.2873266129032258 0.3689617798060468 0.02489516129032258 0.03056474614945807
15 0.3760766129032258 0.4723787792355961 0.024818548387096774 0.025727324586423274
2 0.33841129032258066 0.12796349115801484 0.07938306451612903 0.04968054763262978
15 0.2211733870967742 0.21166571591557332 0.028185483870967743 0.03484883057615516
2 0.43871370967741935 0.4487450085567598 0.025661290322580646 0.07956645750142612
0 0.1370483870967742 0.43166571591557334 0.024830645161290323 0.1090530519110097
15 0.23845564516129034 0.29812321734169994 0.028213709677419353 0.02809469480889903
0 0.18657258064516127 0.4434398174557901 0.028012096774193546 0.13404449515116942
