2 0.7451662611516626 0.808067274800456 0.02257096512570965 0.0629418472063854
8 0.7792781832927819 0.2541961231470924 0.07575831305758313 0.016641961231470926
1 0.77338199513382 0.6505017103762828 0.018872668288726684 0.024253135689851768
11 0.720154095701541 0.37182440136830097 0.050267639902676395 0.01435005701254276
15 0.7759448499594485 0.8011117445838085 0.02348742903487429 0.019236031927023948
2 0.47392538523925387 0.7898916761687571 0.01894566098945661 0.047685290763968075
16 0.3099107866991079 0.8783352337514253 0.03651257096512571 0.11237742303306729
7 0.8202838605028385 0.7285860889395668 0.02343876723438767 0.057970353477765114
2 0.7837064071370641 0.29107183580387685 0.02273317112733171 0.04213226909920183
15 0.7240551500405515 0.45278221208665903 0.02500405515004055 0.01863169897377423
2 0.5558475263584752 0.30587229190421894 0.018264395782643956 0.06042189281641962
0 0.5976723438767234 0.5222805017103763 0.037680454176804545 0.012776510832383124
1 0.6465125709651257 0.7030045610034207 0.016618004866180047 0.028369441277080958
2 0.6101135442011354 0.7343443557582668 0.08668288726682886 0.01571835803876853
0 0.5954744525547445 0.26485176738882554 0.04716139497161395 0.014082098061573546
2 0.5531630170316302 0.65230330672748 0.017315490673154906 0.0487400228050171
15 0.4474614760746148 0.2988768529076397 0.022441200324412006 0.01888255416191562
15 0.5309245742092458 0.335478905359179 0.01927818329278183 0.016676168757126568
0 0.5982481751824817 0.24748574686431013 0.042441200324412 0.015302166476624857
2 0.6629440389294403 0.33359749144811857 0.016066504460665043 0.08527366020524516
2 0.657639902676399 0.6294982896237172 0.01686131386861314 0.10272519954389966
15 0.5287996755879968 0.42589509692132266 0.02097323600973236 0.0153363740022805
10 0.8317437145174371 0.5292930444697833 0.02559610705596107 0.046676168757126574
