8 0.8191693548387097 0.06853394181403309 0.18936290322580646 0.02795778665145465
15 0.5504435483870967 0.22468339988590988 0.06298387096774193 0.03292641186537364
15 0.43249193548387094 0.13994865944095836 0.0735241935483871 0.031802624073017684
2 0.5636935483870968 0.11398174557900742 0.17879032258064514 0.028596691386195097
0 0.36266129032258065 0.36215630347974903 0.04045967741935484 0.07428978893325727
15 0.458516129032258 0.29589845978322876 0.04536290322580645 0.05753565316600114
0 0.7248064516129032 0.36006845407872223 0.04103225806451613 0.09428978893325726
15 0.5850887096774193 0.5979749001711352 0.038895161290322576 0.049155733029092985
15 0.611524193548387 0.1625499144324016 0.05845967741935484 0.03211066742726754
2 0.5078467741935484 0.6664517969195665 0.11390322580645162 0.026394751853964633
15 0.6718306451612903 0.30153451226468914 0.04058064516129032 0.0489218482601255
2 0.6235887096774193 0.6656816885339418 0.11451612903225807 0.02425556189389618
7 0.851 0.1501939532230462 0.15383870967741936 0.029132915002852252
0 0.6789758064516128 0.3635025670279521 0.040451612903225805 0.06942954934398174
