2 0.246973 0.194983 0.033898 0.097491
3 0.348668 0.18244 0.037127 0.026226
7 0.31477 0.106613 0.11138 0.022235
15 0.30912 0.132269 0.047619 0.028506
0 0.517353 0.095781 0.049233 0.018814
2 0.447135 0.156784 0.024213 0.061574
2 0.481033 0.160775 0.024213 0.033067
2 0.797417 0.17959 0.033091 0.068985
2 0.798224 0.245154 0.026634 0.068985
15 0.75222 0.201824 0.042776 0.031927
10 0.836965 0.222349 0.032284 0.058153
15 0.716707 0.244584 0.046812 0.030217
7 0.805488 0.311288 0.03067 0.076397
8 0.732849 0.3187 0.102502 0.021665
1 0.31477 0.275371 0.05569 0.019954
15 0.433414 0.266819 0.037934 0.031357
15 0.383374 0.295895 0.039548 0.028506
0 0.504439 0.283922 0.040355 0.021095
0 0.496368 0.310148 0.050847 0.021665
0 0.50686 0.338084 0.049233 0.023945
2 0.173527 0.533067 0.025827 0.064424
3 0.230024 0.509692 0.032284 0.019954
3 0.262308 0.539909 0.025827 0.016534
2 0.208232 0.609464 0.084746 0.021665
11 0.198547 0.582668 0.093624 0.039339
2 0.51816 0.622007 0.200161 0.026796
15 0.833737 0.657355 0.056497 0.030217
2 0.753027 0.477765 0.033091 0.071836
9 0.759483 0.54504 0.029056 0.056442
15 0.733656 0.489738 0.041969 0.029076
15 0.698144 0.488597 0.041162 0.027366
0 0.535916 0.45382 0.038741 0.030217
