0 0.7039313725490196 0.4670203091846014 0.02509607843137255 0.013504092149136102
2 0.6128588235294118 0.27861170051530765 0.05521568627450981 0.013079721127614428
2 0.46065686274509804 0.46657168839042135 0.024649019607843135 0.26014246741436803
0 0.7361 0.4488329796908154 0.024184313725490198 0.0137647772052137
2 0.6220921568627451 0.25004849954531677 0.07170196078431372 0.012452258260078812
1 0.5424549019607843 0.36224310397090026 0.03434705882352941 0.014380115186420126
0 0.5674607843137255 0.46322218854198244 0.02655686274509804 0.013864807517429524
2 0.6056901960784313 0.29876932403758716 0.04541176470588235 0.013628372234010306
3 0.22304509803921568 0.3694483176720218 0.03773725490196079 0.013385874507426492
3 0.26245098039215686 0.28545923006971813 0.03725882352941177 0.014070930585025766
3 0.2755470588235294 0.6176295847226432 0.02999019607843137 0.013725371324643831
2 0.38035098039215687 0.28254319490754776 0.08030196078431373 0.010460745680509245
2 0.3851294117647059 0.30101242800848743 0.07171764705882352 0.013807214307365867
