11 0.29269354838709677 0.1425442099258414 0.027358870967741932 0.04829435253850542
2 0.22602419354838707 0.12436394751853964 0.04902016129032258 0.020313747860810038
11 0.5369314516129032 0.47146035367940675 0.030798387096774193 0.0998687963491158
0 0.2818548387096774 0.41063890473474046 0.024822580645161293 0.08736451796919567
0 0.3349798387096774 0.4138733599543639 0.023540322580645163 0.07295493439817456
15 0.1916491935483871 0.2500057045065602 0.018318548387096775 0.02969195664575014
15 0.33320967741935487 0.14243582430119794 0.0187258064516129 0.02250998288648032
15 0.27353225806451614 0.180718767826583 0.016310483870967743 0.023377067883628064
15 0.2742741935483871 0.14075869937250426 0.018790322580645162 0.01899600684540787
15 0.25775806451612904 0.24942384483742155 0.0156491935483871 0.0273531089560753
0 0.3129677419354839 0.4240730176839703 0.011891129032258065 0.03719338277239019
