0 0.4541000807102502 0.34363740022805017 0.03450363196125908 0.09700684150513113
11 0.785585149313963 0.24228620296465223 0.05884584342211461 0.11112314709236032
0 0.3806698950766747 0.33332953249714936 0.03443906376109766 0.06501710376282782
2 0.6362873284907183 0.1333865450399088 0.14228410008071024 0.032542759407069556
2 0.6610976594027441 0.184903078677309 0.0951412429378531 0.03276510832383124
0 0.8481194511702985 0.3343728620296465 0.03684422921711057 0.08007411630558722
2 0.7153107344632769 0.32902508551881415 0.10648910411622275 0.03
15 0.9435351089588377 0.545091220068415 0.05051654560129137 0.043329532497149374
1 0.9009200968523002 0.581345496009122 0.13933010492332526 0.023911060433295325
2 0.7179015334947538 0.3655986316989738 0.16530266343825667 0.02835803876852908
