2 0.14902745098039216 0.5629957550030321 0.025450980392156864 0.045039417828987266
0 0.38454901960784316 0.26403274711946634 0.04261960784313726 0.026155245603396
0 0.45098823529411763 0.5193329290479078 0.06116078431372549 0.01804123711340206
0 0.45066666666666666 0.6080048514251062 0.06505882352941177 0.02405093996361431
11 0.5353176470588235 0.2828502122498484 0.030627450980392153 0.0862947240751971
2 0.6261098039215686 0.3028320194057004 0.017654901960784314 0.06872043662825955
0 0.5285490196078432 0.1718677986658581 0.02821960784313725 0.032789569436021834
0 0.6549254901960784 0.4730624620982414 0.04391372549019608 0.01695573074590661
15 0.8565333333333333 0.5260764099454215 0.07667450980392157 0.05941782898726501
2 0.6097725490196079 0.2587628865979381 0.07743529411764706 0.021297756215888416
