2 0.5125403225806451 0.09710781517398745 0.1088508064516129 0.022093553907586994
15 0.33980645161290324 0.2196691386195094 0.019362903225806454 0.023645179691956647
2 0.4960120967741935 0.1254535082715345 0.07170564516129033 0.019788933257273246
2 0.5116129032258064 0.32811180832857956 0.08718548387096774 0.017518539646320594
3 0.26491935483870965 0.5023787792355962 0.025556451612903226 0.03702795208214489
7 0.4768306451612903 0.7325213918996006 0.06828225806451613 0.023320022818026243
2 0.5795443548387097 0.32629207073588135 0.043032258064516125 0.019343981745579004
0 0.6091733870967742 0.4681973759269823 0.020350806451612902 0.04949800342270393
2 0.20156048387096775 0.4920536223616657 0.01756451612903226 0.08620650313747862
0 0.39229032258064517 0.452532800912721 0.025076612903225805 0.11240159726183685
2 0.5470120967741935 0.12549343981745578 0.026286290322580643 0.02035367940673132
2 0.4462822580645161 0.32970336565887054 0.03890322580645161 0.01895607529948659
0 0.3593266129032258 0.4731431831146606 0.017891129032258063 0.05021677124928694
8 0.3429193548387097 0.5762293211637194 0.02015322580645161 0.08849971477467199
0 0.6471774193548387 0.46836280661722757 0.01965725806451613 0.04930405019965774
2 0.3642782258064516 0.21011409013120363 0.022173387096774196 0.05293782087849401
2 0.2081935483870968 0.4136109526525955 0.10780241935483872 0.026491728465487734
2 0.32199999999999995 0.44374215630347974 0.02457258064516129 0.125687393040502
15 0.41749193548387104 0.2591500285225328 0.018391129032258063 0.02451226468910439
2 0.45646774193548384 0.1819509412435824 0.05309677419354839 0.018123217341699943
11 0.49051612903225805 0.1926754135767256 0.045213709677419354 0.0974500855675984
2 0.5396370967741936 0.16852253280091273 0.04935483870967742 0.016069594980034227
15 0.5254959677419355 0.1927096406160867 0.014060483870967741 0.023930405019965774
11 0.5717459677419355 0.21338847689674842 0.06974596774193548 0.05205362236166572
2 0.7891532258064515 0.20982316029663434 0.020979838709677418 0.025442099258414147
15 0.7403709677419354 0.24294352538505418 0.015419354838709678 0.024386765544780375
15 0.7823951612903225 0.2622019395322305 0.017475806451612903 0.024831717056474616
15 0.7756370967741936 0.2858014831717056 0.016475806451612902 0.021563034797490017
2 0.763649193548387 0.32113519680547636 0.021923387096774192 0.01962920707358813
