8 0.17479242241031842 0.17554732041049032 0.09010882708585248 0.029783352337514255
7 0.2084280532043531 0.11271379703534777 0.09276098347440548 0.031311288483466364
2 0.19713018943974203 0.41846066134549603 0.03338976219266425 0.35755416191562145
2 0.35594518339379283 0.09986887115165335 0.2064328899637243 0.02475484606613455
2 0.5754695687222894 0.4260889395667047 0.030362756952841595 0.3825541619156214
2 0.3767634018540911 0.13155074116305587 0.15089480048367593 0.022434435575826684
2 0.7589157597742845 0.4325313568985177 0.04139459895203547 0.47189281641961234
2 0.4835792019347037 0.1290877993158495 0.04725513905683192 0.020969213226909922
2 0.6479806529625152 0.4176738882554162 0.03540104796453043 0.4857126567844926
2 0.12922208786779527 0.4396921322690992 0.04071745264006449 0.4714481185860889
8 0.5408343409915356 0.23270809578107185 0.08739218057234986 0.027844925883694416
8 0.714570737605804 0.17737172177879135 0.09193873438129786 0.03539338654503991
