0 0.549042189281642 0.18207174526400646 0.032941847206385405 0.042112051592099964
2 0.5560091220068415 0.8408746473196292 0.24028506271379702 0.023599355098750503
0 0.545188141391106 0.42251511487303506 0.03489167616875713 0.050910923014913345
0 0.5876681870011402 0.4655461507456671 0.0369327251995439 0.06251914550584442
0 0.5995895096921323 0.2090447400241838 0.029737742303306725 0.044961708988311165
2 0.3235176738882554 0.3195243853284966 0.018038768529076397 0.09319226118500605
0 0.5588882554161916 0.3689842805320436 0.07364880273660206 0.05773881499395405
2 0.2967844925883694 0.32203950020153166 0.01813568985176739 0.08608625554212011
0 0.5576396807297606 0.12015719467956469 0.034646522234891675 0.04642885933091495
0 0.541636259977195 0.24407093913744457 0.04938426453819841 0.06290205562273277
0 0.6002736602052452 0.1520193470374849 0.03621436716077537 0.042095929060862555
2 0.3558152793614595 0.2716485288190246 0.018893956670467504 0.07727126158806932
2 0.38389965792474345 0.2750342603788795 0.017075256556442417 0.06941152760983475
2 0.7500114025085519 0.7134139459895203 0.023318129988597492 0.09598145908907699
