2 0.3709336162473477 0.7193607843137254 0.2968899666565626 0.030156862745098042
15 0.5633798120642619 0.48668235294117645 0.029966656562594726 0.03262745098039216
2 0.9123431342831162 0.3378392156862745 0.0713064565019703 0.08041176470588236
15 0.3602000606244316 0.4961058823529412 0.03009396786905123 0.030819607843137257
15 0.14475295544104275 0.49890980392156864 0.03033949681721734 0.03420392156862745
5 0.11230979084571081 0.32930588235294117 0.10430736586844498 0.02315686274509804
15 0.696892997878145 0.3886392156862745 0.03055471354956047 0.0324078431372549
15 0.8596180660806305 0.26998823529411764 0.03009396786905123 0.034007843137254905
15 0.4258290391027584 0.4898941176470588 0.026377690209154286 0.032239215686274504
0 0.10916944528645044 0.27654509803921573 0.08914822673537437 0.03179607843137255
15 0.4197423461655047 0.680086274509804 0.026323128220672933 0.03314901960784314
15 0.549033040315247 0.6539176470588235 0.024765080327371933 0.026949019607843138
15 0.6411639890876023 0.3355607843137255 0.026023037284025462 0.02725098039215686
15 0.5383176720218248 0.5562784313725491 0.027911488329796907 0.030505882352941178
15 0.25977872082449227 0.32295686274509805 0.028866323128220673 0.029823529411764704
0 0.16779630190966957 0.5538392156862745 0.08836617156714155 0.030835294117647058
2 0.4022825098514702 0.6559019607843137 0.1370172779630191 0.016427450980392156
2 0.19627765989693846 0.5853764705882353 0.13626856623219158 0.019380392156862745
2 0.39867232494695365 0.6364196078431372 0.13809336162473476 0.015952941176470586
2 0.5920460745680509 0.6247333333333334 0.20695665353137313 0.02423921568627451
0 0.7264534707487118 0.549356862745098 0.07837829645347075 0.047172549019607844
2 0.40331615641103363 0.3460156862745098 0.11630190966959685 0.08647450980392156
0 0.9872385571385268 0.6609098039215686 0.02341618672324947 0.0960156862745098
7 0.5014004243710215 0.768156862745098 0.10809336162473478 0.018156862745098038
0 0.5886723249469537 0.42364313725490194 0.12746589875719916 0.0525686274509804
0 0.11352834192179448 0.4363686274509804 0.13486511063958775 0.04805490196078432
15 0.912312822067293 0.379035294117647 0.03547438617762959 0.033058823529411765
2 0.8804940891179145 0.22162745098039216 0.17703243407093058 0.05024313725490196
15 0.2016883904213398 0.6662117647058823 0.02896938466201879 0.0334078431372549
2 0.9363231282206729 0.4305568627450981 0.0767323431342831 0.05301960784313725
2 0.5381448923916338 0.6879921568627452 0.18397090027280993 0.031878431372549025
2 0.35098817823582906 0.5905294117647059 0.10383146408002425 0.025305882352941178
10 0.5707093058502577 0.7378980392156863 0.10614125492573508 0.017701960784313724
1 0.26436799030009095 0.2891529411764706 0.09900879054258867 0.018894117647058825
1 0.5152409821157926 0.13160392156862744 0.08442861473173688 0.019149019607843137
1 0.5431827826614125 0.09651764705882353 0.08978478326765686 0.02956470588235294
15 0.7743558654137617 0.3158901960784314 0.02859654440739618 0.030772549019607843
15 0.9882509851470141 0.3856235294117647 0.022567444680206123 0.025537254901960786
2 0.27470445589572595 0.5915764705882353 0.08198848135798728 0.02725098039215686
