6 0.827016 0.107815 0.014113 0.019966
11 0.862097 0.450086 0.03871 0.083856
8 0.478629 0.494581 0.016532 0.089561
0 0.5 0.385054 0.020968 0.108956
0 0.46371 0.389047 0.024194 0.096977
15 0.61129 0.297775 0.020161 0.029093
15 0.562097 0.297205 0.017742 0.027952
15 0.527419 0.239589 0.025403 0.029663
15 0.492742 0.201369 0.021774 0.026241
2 0.588306 0.184256 0.031452 0.022818
15 0.162903 0.484313 0.019355 0.027382
2 0.135887 0.538505 0.020968 0.069595
2 0.10121 0.220194 0.020161 0.064461
2 0.129435 0.268682 0.019355 0.042213
2 0.129839 0.220194 0.019355 0.051911
2 0.129435 0.175128 0.019355 0.042213
0 0.304032 0.601825 0.041935 0.028523
0 0.306048 0.463206 0.046371 0.027952
0 0.307661 0.292641 0.039919 0.031375
0 0.321371 0.144324 0.059274 0.028523
0 0.308468 0.116372 0.036694 0.027382
