2 0.4304838709677419 0.19102681118083287 0.02003225806451613 0.05653166001140901
2 0.5019274193548386 0.14430119794637764 0.08500806451612902 0.021329150028522533
15 0.24960887096774192 0.2281061038220194 0.019685483870967743 0.021768397033656586
0 0.3861612903225806 0.4564403879064461 0.016056451612903228 0.03954363947518539
0 0.35487903225806455 0.4401197946377638 0.020971774193548388 0.09572732458642327
2 0.3333991935483871 0.305373645179692 0.031008064516129034 0.017604107244723333
2 0.2680967741935484 0.30413576725613234 0.025008064516129032 0.015442099258414147
2 0.2946814516129032 0.13498573873359954 0.027004032258064515 0.015139760410724472
2 0.2985201612903226 0.11123217341699944 0.03814112903225807 0.018037649743297204
11 0.44836693548387097 0.1675185396463206 0.01760483870967742 0.06432972047917855
2 0.33162096774193545 0.17178551055333713 0.035189516129032254 0.022007986309184255
2 0.2985282258064516 0.30430690245293784 0.03349596774193548 0.0152937820878494
3 0.4879758064516129 0.2034968625213919 0.02032258064516129 0.03544780376497433
2 0.31968548387096773 0.1347347404449515 0.02413709677419355 0.013827723901882485
15 0.38293951612903226 0.19553337136337706 0.018419354838709677 0.024957216200798632
15 0.34922580645161294 0.26327438676554477 0.01613709677419355 0.02051340559041643
2 0.13886693548387097 0.1752880775812892 0.03770967741935484 0.014438106103822018
15 0.2985766129032258 0.1532686822589846 0.015875 0.020422133485453506
8 0.24485080645161292 0.5255675984027381 0.011625 0.06324586423274386
0 0.22865725806451614 0.43749001711351965 0.022193548387096775 0.09737022247575584
15 0.27181048387096773 0.34598973188819165 0.01714516129032258 0.031066742726754137
15 0.32418951612903224 0.34495721620079867 0.014395161290322582 0.028077581289218483
2 0.3017540322580645 0.17471192241871078 0.021318548387096774 0.018243011979463777
15 0.10826612903225806 0.19818596691386195 0.009963709677419354 0.013747860810039932
15 0.1334475806451613 0.21177980604677696 0.010306451612903226 0.012909298345693097
15 0.13018145161290323 0.22605248146035367 0.009713709677419354 0.012390188248716485
2 0.12222983870967742 0.24590416428978892 0.013133064516129032 0.01670279520821449
6 0.8668427419354838 0.3898630918425556 0.02930241935483871 0.015835710211066743
