0 0.69085 0.445268 0.028617 0.080388
0 0.722289 0.446408 0.025393 0.083808
8 0.709391 0.560433 0.012495 0.09122
7 0.738815 0.63854 0.014913 0.100342
0 0.853285 0.462372 0.012898 0.041619
0 0.883918 0.471494 0.012495 0.041619
15 0.841596 0.120296 0.014913 0.021665
15 0.873438 0.095211 0.013704 0.021095
2 0.802902 0.062714 0.007255 0.016534
2 0.82104 0.063854 0.030633 0.017674
2 0.788795 0.063284 0.01975 0.017104
2 0.770254 0.063854 0.016123 0.015964
2 0.79605 0.033637 0.04474 0.019954
15 0.825474 0.033637 0.013704 0.017104
15 0.766223 0.036488 0.014107 0.026226
15 0.792422 0.086659 0.013301 0.025086
2 0.758162 0.127138 0.011286 0.038769
11 0.753728 0.140251 0.011689 0.021665
15 0.754131 0.165336 0.018138 0.022235
15 0.783958 0.115165 0.012898 0.022235
15 0.769448 0.122007 0.013301 0.022805
15 0.71584 0.118016 0.017735 0.027366
11 0.432084 0.22748 0.137042 0.101482
