2 0.22405929304446978 0.6674758064516129 0.16020524515393386 0.032491935483870964
16 0.8307924743443558 0.671008064516129 0.2320695553021665 0.04184677419354839
15 0.29021094640820977 0.6084838709677419 0.025427594070695555 0.07195161290322581
0 0.6834435575826682 0.4560080645161291 0.019230330672748003 0.07573387096774194
0 0.7549885974914481 0.4556129032258065 0.014777651083238313 0.07225000000000001
15 0.5113055872291904 0.367 0.053603192702394525 0.02604032258064516
0 0.4124800456100342 0.45620161290322586 0.019657924743443557 0.07418548387096774
2 0.5800228050171038 0.2060241935483871 0.07145952109464082 0.017975806451612904
5 0.4996864310148233 0.39252419354838713 0.06649372862029647 0.019548387096774193
3 0.2541619156214367 0.4805645161290322 0.036989737742303304 0.04644354838709678
2 0.5670581527936146 0.2365564516129032 0.04100912200684151 0.019870967741935485
15 0.7334378563283923 0.33389516129032254 0.05640820980615735 0.029637096774193548
2 0.6091277080957811 0.39103225806451614 0.09765108323831242 0.026161290322580643
15 0.5377708095781072 0.24694354838709676 0.026721778791334094 0.07294354838709678
2 0.5482839224629419 0.5019677419354839 0.10863740022805017 0.02367741935483871
2 0.5701197263397948 0.25860483870967743 0.038067274800456095 0.017225806451612903
1 0.5188483466362599 0.5352983870967741 0.04894526795895097 0.01625
0 0.4502508551881414 0.4565564516129032 0.018033067274800457 0.12111290322580645
5 0.6542873432155073 0.36074999999999996 0.06786202964652223 0.019806451612903224
1 0.9201653363740023 0.6276129032258064 0.047063854047890534 0.014258064516129033
2 0.33660205245153935 0.5104193548387096 0.02179019384264538 0.15563709677419355
15 0.575290763968073 0.4515 0.01829532497149373 0.07364516129032257
0 0.43011972633979473 0.4548145161290323 0.012194982896237173 0.045782258064516135
