15 0.626275 0.224985 0.036078 0.046089
0 0.681176 0.383263 0.024314 0.132201
0 0.656471 0.375985 0.019608 0.115221
0 0.411373 0.328078 0.017255 0.078836
1 0.295294 0.421468 0.047451 0.023044
5 0.72549 0.537902 0.075294 0.035173
1 0.604706 0.392359 0.050588 0.026683
11 0.62902 0.476653 0.024706 0.091571
3 0.598824 0.531231 0.020392 0.038205
15 0.599608 0.48393 0.029412 0.04245
15 0.558039 0.442086 0.030196 0.046695
15 0.458039 0.443905 0.038824 0.053366
2 0.561961 0.506367 0.021961 0.030928
15 0.58549 0.59248 0.03098 0.046089
15 0.520784 0.593693 0.027059 0.044269
2 0.554902 0.622802 0.04902 0.028502
2 0.398824 0.662826 0.349412 0.038811
3 0.279216 0.531231 0.037647 0.02547
5 0.162745 0.675561 0.072941 0.030928
10 0.192941 0.61128 0.060784 0.031534
2 0.220784 0.588235 0.078824 0.035779
2 0.210196 0.548211 0.064706 0.033354
15 0.209412 0.648878 0.02902 0.041237
15 0.269804 0.571862 0.029412 0.045482
15 0.212941 0.514857 0.02902 0.039418
2 0.134902 0.497878 0.021176 0.070346
0 0.161569 0.366283 0.024706 0.080049
0 0.131765 0.355973 0.025882 0.079442
15 0.158039 0.493026 0.025882 0.049121
15 0.206275 0.454821 0.028627 0.044876
15 0.187059 0.294724 0.031765 0.047301
2 0.261961 0.226198 0.037647 0.038205
2 0.292157 0.189812 0.069412 0.040024
