2 0.6837496210973022 0.3026901960784314 0.09513185813882995 0.014666666666666666
5 0.4240618369202789 0.394078431372549 0.07199151257956957 0.016462745098039213
15 0.4596605031827827 0.3249686274509804 0.026468626856623215 0.029760784313725492
0 0.5290754774173992 0.3865529411764706 0.038590481964231586 0.027054901960784312
15 0.4064443770839648 0.4461450980392157 0.026608063049408912 0.028580392156862745
7 0.3525431949075477 0.24949803921568628 0.07158532888754168 0.019070588235294117
15 0.17709305850257653 0.22152156862745098 0.023652622006668688 0.030647058823529413
0 0.43188845104577145 0.5254313725490196 0.06323431342831161 0.02564313725490196
15 0.2163776902091543 0.5703607843137255 0.02969081539860564 0.04044313725490196
2 0.27461958169142164 0.2698980392156863 0.09621703546529252 0.022980392156862747
15 0.5295907850863898 0.31658039215686273 0.028481357987268866 0.028615686274509805
0 0.46168535919975745 0.4690078431372549 0.04121855107608366 0.023894117647058823
15 0.1732403758714762 0.32358039215686274 0.026059411943013033 0.028
2 0.6682631100333434 0.2692509803921569 0.11605941194301303 0.011988235294117647
15 0.3285298575325856 0.5705686274509804 0.02748408608669294 0.036941176470588234
2 0.19070021218551075 0.4659176470588235 0.07342528038799635 0.014407843137254902
7 0.19222188541982418 0.249078431372549 0.07283116095786603 0.01572941176470588
2 0.911639890876023 0.519278431372549 0.038881479236132166 0.07628627450980392
2 0.1397362837223401 0.3222039215686274 0.03381630797211276 0.07376078431372549
2 0.24934525613822373 0.7777333333333334 0.13176417096089724 0.015070588235294117
2 0.27338284328584417 0.21969019607843138 0.1682146104880267 0.016749019607843137
15 0.1711276144286147 0.4141058823529412 0.025486511063958776 0.026509803921568625
0 0.4917581085177326 0.40901960784313723 0.04280387996362534 0.020058823529411764
0 0.9318884510457714 0.3699529411764706 0.04860866929372538 0.023894117647058823
15 0.37186420127311304 0.2200313725490196 0.027787208244922704 0.03640392156862745
2 0.7321855107608366 0.2878274509803922 0.18571082146104878 0.011823529411764705
0 0.4380327371930888 0.263721568627451 0.041276144286147315 0.021537254901960786
2 0.2350742649287663 0.7583960784313726 0.09485601697484086 0.014513725490196078
2 0.196374658987572 0.27192941176470586 0.07447105183388907 0.014074509803921569
15 0.6912306759624128 0.5079647058823529 0.022449227038496514 0.026066666666666665
15 0.6893604122461351 0.5359058823529411 0.024513488936041227 0.02736078431372549
5 0.11997878144892392 0.4125921568627451 0.07398908760230373 0.023866666666666668
0 0.9298908760230373 0.6150274509803921 0.04956350409214913 0.023705882352941177
12 0.9401606547438618 0.4276313725490196 0.06377993331312519 0.014341176470588236
2 0.454959078508639 0.24316470588235295 0.09668687481054866 0.015780392156862746
5 0.4032706880872992 0.4228901960784313 0.07057593210063656 0.01956078431372549
5 0.08799030009093664 0.33163529411764703 0.06365262200666869 0.022356862745098037
15 0.4510457714458927 0.41864313725490193 0.020160654743861778 0.0272
12 0.9405456198848137 0.6729607843137255 0.06365262200666869 0.020121568627450983
