11 0.3880524193548387 0.16497432972047918 0.018088709677419355 0.06364517969195664
8 0.17996370967741934 0.5219794637763834 0.014709677419354838 0.06638904734740445
15 0.3184556451612903 0.19344552196235026 0.019879032258064516 0.020176839703365656
3 0.43129838709677415 0.2013006274957216 0.021725806451612904 0.031089560752994867
15 0.20958467741935483 0.31737592698231604 0.01869758064516129 0.02304620650313748
2 0.3670685483870968 0.18531660011409015 0.01870564516129032 0.05495721620079863
2 0.44277016129032254 0.14155162578436964 0.08507661290322581 0.02168282943525385
15 0.2622016129032258 0.3167598402738163 0.019028225806451613 0.024426697090701655
0 0.3212862903225806 0.46030804335424985 0.016858870967741937 0.04913291500285225
15 0.28531048387096775 0.25992013690815746 0.019721774193548387 0.02121505989731888
2 0.23525 0.1088248716486024 0.03746774193548387 0.019406731317741018
15 0.18461290322580645 0.22585852823730748 0.02016935483870968 0.0217969195664575
2 0.25651209677419357 0.1325099828864803 0.028209677419354835 0.016742726754135767
2 0.2286209677419355 0.13091842555618938 0.023439516129032258 0.017837992013690816
15 0.23482661290322582 0.14976041072447233 0.015548387096774195 0.01855675984027382
0 0.16455645161290325 0.4358014831717057 0.025064516129032256 0.10171705647461494
0 0.2889798387096774 0.43635482030804335 0.023963709677419356 0.10282373074729036
2 0.23701612903225805 0.17102681118083285 0.023338709677419356 0.016086708499714775
2 0.2670524193548387 0.1653223046206503 0.036681451612903225 0.027495721620079863
6 0.8438306451612902 0.38794637763833434 0.03306451612903226 0.017033656588705075
