15 0.381025 0.80549 0.024856 0.032157
2 0.670203 0.720784 0.088815 0.031765
2 0.628069 0.693333 0.072143 0.029412
12 0.887542 0.676863 0.095787 0.017647
0 0.880267 0.60549 0.084268 0.032941
12 0.882995 0.559216 0.084571 0.014902
12 0.882389 0.542745 0.083662 0.015294
12 0.88451 0.46 0.095787 0.016078
0 0.875114 0.401569 0.085784 0.030588
13 0.863595 0.314118 0.058199 0.014902
0 0.866626 0.285882 0.063049 0.017255
0 0.868142 0.261961 0.070324 0.01451
15 0.808124 0.234902 0.030009 0.016078
2 0.601091 0.190588 0.103365 0.031765
2 0.653531 0.160392 0.20582 0.031373
0 0.481055 0.225882 0.031828 0.014902
2 0.591998 0.373333 0.120036 0.02902
2 0.461958 0.395294 0.068202 0.086667
2 0.408609 0.243529 0.046681 0.050588
15 0.37375 0.237255 0.020309 0.037255
5 0.311913 0.245882 0.09518 0.019216
2 0.275538 0.737255 0.078509 0.030588
2 0.273416 0.696863 0.064868 0.030588
2 0.297969 0.654902 0.078509 0.028235
2 0.412852 0.641569 0.056987 0.044706
2 0.354956 0.588235 0.034556 0.080784
2 0.390118 0.566667 0.040315 0.088627
2 0.389815 0.476471 0.036678 0.099216
15 0.375265 0.511373 0.021522 0.030588
2 0.332222 0.522745 0.055774 0.061569
2 0.300091 0.460784 0.069415 0.030196
2 0.282813 0.419608 0.069415 0.03098
4 0.174295 0.310588 0.111852 0.018039
15 0.198545 0.335294 0.025159 0.032549
0 0.16793 0.447843 0.091846 0.031373
0 0.114883 0.361961 0.094574 0.032549
0 0.067596 0.294902 0.086693 0.036078
15 0.161867 0.236078 0.023947 0.035294
2 0.265838 0.195686 0.068809 0.030196
3 0.193998 0.202745 0.029403 0.016863
7 0.307972 0.155686 0.108215 0.018431
7 0.189148 0.156078 0.108215 0.019608
2 0.282207 0.092549 0.10973 0.032157
