2 0.681452 0.597832 0.031855 0.029093
2 0.570161 0.377068 0.022177 0.283514
2 0.534677 0.432402 0.021774 0.152881
2 0.533871 0.295493 0.023387 0.117513
2 0.327016 0.649173 0.257661 0.030234
2 0.483065 0.597832 0.054839 0.033657
2 0.3125 0.598403 0.228629 0.031945
2 0.414919 0.552196 0.066129 0.024529
2 0.458871 0.412436 0.033065 0.027382
2 0.45 0.384484 0.016532 0.031945
2 0.436694 0.440958 0.027016 0.048488
3 0.76371 0.293212 0.031855 0.033086
3 0.69879 0.204221 0.022581 0.031945
3 0.221774 0.463206 0.029032 0.038791
3 0.484677 0.39247 0.027823 0.043354
3 0.427016 0.305191 0.022581 0.031945
3 0.261694 0.353109 0.031048 0.03822
3 0.460484 0.20308 0.026613 0.042213
