2 0.197421 0.291334 0.014504 0.031927
11 0.355359 0.494299 0.234488 0.025086
2 0.540693 0.549031 0.023368 0.059863
3 0.564867 0.534778 0.014504 0.022805
1 0.514102 0.612885 0.013699 0.027366
2 0.638195 0.607754 0.092667 0.015964
2 0.584206 0.621437 0.073328 0.009692
15 0.619662 0.600342 0.021757 0.017104
15 0.614021 0.578107 0.024174 0.015964
15 0.561644 0.565564 0.024174 0.015964
3 0.599517 0.539339 0.016922 0.014253
3 0.647059 0.540479 0.016922 0.014253
3 0.680097 0.530787 0.014504 0.025086
2 0.828364 0.270239 0.036261 0.011973
0 0.949234 0.288483 0.012087 0.020525
0 0.931507 0.288483 0.011281 0.019954
0 0.914585 0.299886 0.017728 0.039339
0 0.897663 0.289624 0.012893 0.018244
0 0.880741 0.299316 0.017728 0.029647
3 0.846092 0.311288 0.018533 0.013113
2 0.817083 0.310718 0.038678 0.009692
2 0.825947 0.45382 0.036261 0.011403
2 0.81386 0.489738 0.024174 0.011973
2 0.789686 0.489738 0.024174 0.011403
0 0.88477 0.466933 0.012087 0.020525
2 0.845286 0.398518 0.041096 0.010262
2 0.802579 0.403079 0.049154 0.010262
2 0.803384 0.389966 0.042707 0.010262
2 0.843674 0.332383 0.044319 0.011403
15 0.842063 0.360319 0.027397 0.017674
8 0.69299 0.338655 0.016922 0.037628
0 0.675262 0.289054 0.012893 0.019954
0 0.692184 0.283352 0.011281 0.018814
0 0.71394 0.287913 0.011281 0.019954
0 0.732474 0.282212 0.012087 0.019384
0 0.762288 0.287343 0.016116 0.022235
15 0.795326 0.234322 0.022562 0.018814
15 0.742143 0.202395 0.023368 0.014823
10 0.764706 0.18187 0.041902 0.011973
2 0.780016 0.172748 0.075745 0.010832
15 0.833199 0.121437 0.024174 0.020525
2 0.827558 0.09122 0.038678 0.011973
2 0.8195 0.063854 0.027397 0.010832
2 0.791297 0.062714 0.029009 0.011403
7 0.731668 0.072976 0.053989 0.011403
15 0.797744 0.086089 0.021757 0.018814
15 0.767123 0.08951 0.020951 0.020525
15 0.69863 0.111745 0.024174 0.015393
11 0.459307 0.104903 0.209508 0.076397
11 0.248187 0.108894 0.214343 0.072976
0 0.398066 0.250855 0.018533 0.015964
0 0.373892 0.241733 0.01531 0.019384
0 0.331185 0.240023 0.016922 0.015964
