2 0.310081 0.195094 0.028629 0.031375
0 0.332258 0.194524 0.01129 0.05077
15 0.3625 0.216771 0.018548 0.027382
15 0.339516 0.285796 0.017339 0.023959
2 0.438306 0.717627 0.020161 0.055904
3 0.503226 0.722191 0.018548 0.033657
2 0.495968 0.6332 0.054032 0.02567
11 0.451613 0.650314 0.034274 0.074729
8 0.241935 0.598973 0.013306 0.066172
0 0.374597 0.480319 0.010081 0.039932
0 0.347581 0.480319 0.012097 0.03822
0 0.229032 0.479749 0.010081 0.03822
15 0.244355 0.250998 0.015323 0.020536
0 0.255242 0.196805 0.010887 0.036509
15 0.293952 0.174558 0.014113 0.02567
2 0.311694 0.134056 0.021371 0.023388
2 0.289113 0.133485 0.019355 0.026241
2 0.295161 0.096406 0.030242 0.022248
