1 0.340982940698619 0.39734321550741164 0.07363119415109667 0.024486887115165338
1 0.648025995125914 0.3977309007981756 0.06878960194963445 0.0253078677309008
0 0.7598700243704305 0.4157354618015964 0.026441917140536148 0.03953249714937286
0 0.709731925264013 0.4259122006841505 0.027181153533712428 0.0376054732041049
0 0.28021933387489845 0.4145895096921323 0.030560519902518277 0.061322690992018244
0 0.23525588952071488 0.42059863169897377 0.023834281072298943 0.03602622576966932
2 0.36574329813160034 0.2205473204104903 0.07184402924451665 0.024230330672748004
2 0.575174654752234 0.29632269099201825 0.107855402112104 0.018266818700114023
16 0.7921202274573518 0.7503762827822121 0.14940698619008935 0.04501140250855188
2 0.5166531275385865 0.21083238312428734 0.15619821283509341 0.022348916761687574
0 0.8120227457351746 0.41976054732041046 0.033176279447603575 0.05694412770809578
0 0.84731925264013 0.3821493728620296 0.03773354995938262 0.06673888255416191
0 0.18683184402924452 0.4132953249714937 0.021722177091795285 0.03927023945267959
2 0.5519333874898457 0.6111630558722919 0.07888708367181153 0.021619156214367163
2 0.5362875710804224 0.23798745724059295 0.11194151096669376 0.019868871151653363
2 0.49588952071486603 0.18456100342075257 0.19578391551584076 0.022884834663625998
1 0.4816815597075549 0.30712086659064997 0.053143785540211215 0.02459521094640821
2 0.5360519902518278 0.578945267958951 0.06667749796913079 0.023865450399087797
2 0.19295694557270512 0.39264538198403653 0.02314378554021121 0.2643842645381984
15 0.4583346872461414 0.2414139110604333 0.037668562144597885 0.03462371721778791
