16 0.3606814516129032 0.8810439247005134 0.17981048387096774 0.0606845407872219
0 0.16045967741935485 0.43501426126640047 0.01681048387096774 0.046908157444381066
2 0.2854072580645161 0.38489446662863663 0.10771370967741935 0.02026811180832858
2 0.30598387096774193 0.18005704506560183 0.14978629032258065 0.019275527666856817
0 0.1222983870967742 0.4353280091272105 0.020963709677419357 0.061277809469480894
11 0.5581774193548387 0.5029492298916144 0.04979032258064516 0.1416999429549344
15 0.447383064516129 0.25070165430690244 0.0637983870967742 0.032196235025670275
0 0.06266129032258065 0.43958927552766686 0.028576612903225808 0.1527210496292071
2 0.22639112903225808 0.6267027952082145 0.0825 0.029686252139189958
7 0.4175120967741936 0.19305191100969768 0.08037096774193549 0.02482030804335425
6 0.4513104838709677 0.4384084426697091 0.016826612903225804 0.0878037649743297
0 0.8326935483870967 0.5279749001711351 0.07045161290322581 0.0189218482601255
15 0.15587096774193548 0.26571591557330293 0.06839516129032258 0.029492298916143755
15 0.21902016129032256 0.1510838562464347 0.028266129032258062 0.0872561323445522
2 0.19590322580645161 0.2220878494010268 0.07663306451612904 0.022606959498003423
5 0.08945564516129031 0.45790644609241304 0.019629032258064515 0.10776953793496862
