15 0.3230846774193548 0.21253280091272106 0.027133064516129034 0.03675984027381631
11 0.21483467741935483 0.31815173987450085 0.019419354838709674 0.05827723901882487
11 0.37506048387096774 0.2924586423274386 0.019205645161290325 0.07478608100399316
15 0.14751209677419355 0.279874500855676 0.02756048387096774 0.027307472903593838
2 0.28804032258064516 0.17788933257273246 0.059875000000000005 0.01984597832287507
2 0.2669717741935484 0.23916714204221334 0.05345564516129032 0.015282373074729036
15 0.2528508064516129 0.20535653166001142 0.023963709677419356 0.026240730176839703
0 0.15439112903225805 0.3933998859098688 0.018620967741935484 0.11519110096976612
15 0.18379032258064518 0.3215288077581289 0.02766935483870968 0.026223616657159155
0 0.12103225806451613 0.38456360524814603 0.022258064516129033 0.11674272675413577
2 0.3164153225806452 0.25600114090131204 0.04302822580645161 0.012104962920707358
15 0.34665322580645164 0.2938562464346834 0.029241935483870968 0.022926411865373645
11 0.23887499999999998 0.3092527096406161 0.023504032258064515 0.04148887621220765
