16 0.30142279708973324 0.40204675028506276 0.04071139854486661 0.0726738882554162
15 0.8524818108326596 0.22448688711516535 0.030250606305578014 0.022725199543899656
11 0.48093775262732413 0.6932896237172178 0.0306143896523848 0.05980045610034208
2 0.9265885206143897 0.2562998859749145 0.025505254648342766 0.041653363740022806
2 0.391535974130962 0.5652964652223489 0.059983831851253035 0.05102622576966933
2 0.31814066289409865 0.6954446978335234 0.023500404203718673 0.07189281641961232
15 0.6797898140662894 0.31027366020524516 0.029975747776879547 0.026111744583808435
1 0.8201293451899757 0.3008779931584949 0.019741309620048504 0.03740592930444698
2 0.8846160064672595 0.24035347776510832 0.02301535974130962 0.0626738882554162
0 0.6987227162489895 0.1670638540478905 0.08111560226354082 0.017474344355758266
0 0.6522554567502021 0.37773090079817556 0.04776071139854487 0.015655644241733182
1 0.6586661277283751 0.21433865450399087 0.015254648342764755 0.033962371721778795
15 0.7029587712206952 0.22051881413911062 0.03063055780113177 0.022240592930444697
2 0.8404850444624091 0.26032497149372863 0.01924009700889248 0.03449828962371722
0 0.6309215844785773 0.33021094640820986 0.059951495553759095 0.01855188141391106
2 0.3608569118835893 0.548751425313569 0.05055780113177041 0.03877993158494868
2 0.5251333872271625 0.637594070695553 0.0340501212611156 0.04024515393386545
