0 0.655593220338983 0.5241391106043329 0.041186440677966105 0.022451539338654507
0 0.6529620661824052 0.4319840364880274 0.04182405165456013 0.0222690992018244
2 0.5556255044390638 0.8877594070695554 0.08113801452784504 0.018415051311288483
15 0.7886602098466505 0.8924914481185862 0.020088781275221953 0.017371721778791333
15 0.31798224374495565 0.38081527936145954 0.016279257465698145 0.014714937286202963
15 0.7713317191283292 0.7003591790193843 0.01989507667473769 0.01878563283922463
15 0.5132041969330104 0.1775370581527936 0.020871670702179178 0.016641961231470926
15 0.7727118644067796 0.855872291904219 0.02146085552865214 0.021100342075256556
3 0.1103954802259887 0.37278791334093503 0.022074253430185636 0.00903078677309008
2 0.8685552865213882 0.7662998859749144 0.02744955609362389 0.3156328392246294
15 0.2635270379338176 0.09129418472063854 0.014390637610976593 0.01403078677309008
2 0.8077158999192897 0.15116875712656783 0.019475383373688458 0.0892702394526796
2 0.8400403551251009 0.275193842645382 0.023793381759483454 0.15710946408209805
2 0.8389426957223568 0.15103762827822123 0.01937853107344633 0.08676168757126568
15 0.5198062953995157 0.8836944127708096 0.016739305891848265 0.016185860889395668
2 0.5462873284907184 0.3820809578107183 0.08259887005649717 0.0162884834663626
2 0.08138014527845036 0.1291448118586089 0.013389830508474577 0.04346636259977195
15 0.8165294592413236 0.6025142531356898 0.019757869249394672 0.017708095781071836
15 0.48218724778046806 0.8548175598631699 0.01532687651331719 0.014401368301026226
2 0.8411945117029863 0.8287172177879133 0.02596448748991122 0.1599144811858609
2 0.84317998385795 0.6757810718358038 0.02238902340597256 0.14060433295324973
2 0.863688458434221 0.2204047890535918 0.023478611783696528 0.2689794754846066
2 0.35121872477804683 0.38670467502850625 0.013672316384180792 0.04959521094640821
15 0.7704519774011299 0.40604332953249717 0.021267150928167878 0.020684150513112884
2 0.8619854721549637 0.48397377423033067 0.025213882163034704 0.26273660205245153
2 0.6896933010492332 0.8199429874572406 0.14523002421307507 0.0187115165336374
2 0.5472154963680388 0.16015963511972636 0.08206618240516546 0.015610034207525655
15 0.31914447134786117 0.4052736602052452 0.0158999192897498 0.014942987457240594
2 0.33456820016142047 0.3847776510832383 0.01261501210653753 0.04756556442417332
0 0.2117998385794996 0.07169897377423033 0.06584342211460856 0.013740022805017104
0 0.644503631961259 0.1376453819840365 0.06852300242130752 0.018848346636259977
2 0.4553753026634383 0.1409122006841505 0.017086359967715903 0.049937286202964656
15 0.7648345439870864 0.2634435575826682 0.01775625504439064 0.017930444697833524
2 0.24670702179176757 0.3981128848346636 0.014156577885391444 0.04133409350057012
0 0.18908797417271994 0.09346066134549601 0.022122679580306698 0.011408209806157355
2 0.8406133979015334 0.09871721778791334 0.014923325262308312 0.026185860889395667
15 0.4830992736077481 0.8228392246294185 0.019959644874899114 0.02
0 0.6447941888619855 0.23371721778791335 0.067409200968523 0.021174458380843787
11 0.20313962873284908 0.4543671607753706 0.1053268765133172 0.019903078677309005
2 0.46054882970137206 0.3596636259977195 0.022889426957223565 0.04344925883694412
11 0.5599031476997579 0.8485290763968073 0.061138014527845036 0.08007981755986318
1 0.2997820823244552 0.3433808437856328 0.012510088781275222 0.03434435575826682
2 0.8069733656174335 0.8186088939566705 0.02146085552865214 0.1575769669327252
0 0.6499031476997579 0.6726225769669327 0.06807909604519774 0.021522234891676168
2 0.4619047619047619 0.8217046750285063 0.01573042776432607 0.03535917901938427
1 0.2841081517352704 0.12212656784492588 0.01307506053268765 0.023415051311288484
15 0.7708878127522195 0.5400684150513113 0.018587570621468926 0.016237172177879133
15 0.787909604519774 0.8444412770809578 0.01838579499596449 0.016334093500570124
2 0.8455690072639226 0.915 0.015391444713478612 0.024150513112884835
15 0.22508474576271187 0.5738597491448119 0.018910411622276028 0.01612314709236032
15 0.28918482647296206 0.44626567844925885 0.017457627118644067 0.014988597491448118
2 0.2599192897497982 0.396157354618016 0.017538337368845844 0.04525655644241733
2 0.907772397094431 0.6460433295324972 0.059007263922518156 0.5562200684150513
1 0.29553672316384183 0.1656328392246294 0.011622276029055691 0.01653363740022805
15 0.5179741727199354 0.7960205245153934 0.0196045197740113 0.018854047890535918
15 0.5396529459241324 0.8720068415051311 0.01987086359967716 0.017120866590649944
15 0.12163034705407585 0.14723489167616877 0.0178046811945117 0.014213226909920182
2 0.10104923325262309 0.09233181299885974 0.016214689265536722 0.03842645381984037
0 0.23214689265536723 0.3388540478905359 0.07040355125100888 0.017805017103762828
0 0.2095722356739306 0.4322234891676169 0.021307506053268765 0.00750285062713797
15 0.7633091202582728 0.1619612314709236 0.019475383373688458 0.016966932725199543
2 0.19728813559322034 0.5487571265678449 0.049523809523809526 0.013152793614595211
2 0.5613478611783697 0.8023603192702394 0.06253430185633575 0.01428164196123147
8 0.7793462469733656 0.24316989737742303 0.03066989507667474 0.00944127708095781
2 0.1002905569007264 0.14489167616875712 0.01261501210653753 0.01829532497149373
8 0.7838579499596449 0.6810091220068415 0.032744148506860374 0.010114025085518813
10 0.11947538337368846 0.09582668187001141 0.01288135593220339 0.01564994298745724
7 0.14236481033091203 0.09372291904218927 0.013333333333333332 0.021995438996579245
15 0.2008232445520581 0.560381984036488 0.02549636803874092 0.014578107183580389
6 0.17774011299435027 0.35194982896237176 0.02211460855528652 0.012548460661345497
2 0.4635754640839387 0.8735917901938426 0.019192897497982246 0.04674458380843785
15 0.5385310734463277 0.819327251995439 0.01751412429378531 0.015228050171037628
15 0.2522841000807102 0.10274800456100341 0.014891041162227602 0.014578107183580389
15 0.21729620661824053 0.562217787913341 0.02112994350282486 0.014361459521094641
2 0.6544390637610977 0.34663055872291904 0.012324455205811137 0.023762827822120865
2 0.3428490718321227 0.4282269099201825 0.01341404358353511 0.027041049030786773
15 0.4752542372881356 0.1393443557582668 0.01596448748991122 0.01539338654503991
8 0.7778127522195319 0.1467103762827822 0.03561743341404359 0.012594070695553022
15 0.4764245359160613 0.36334093500570125 0.01638418079096045 0.018266818700114023
2 0.6683050847457627 0.3574401368301027 0.010815173527037935 0.03189851767388826
15 0.5188135593220339 0.3961345496009122 0.019556093623890235 0.014885974914481185
1 0.10828087167070218 0.40911060433295326 0.011783696529459242 0.016396807297605474
2 0.8242050040355126 0.8844982896237172 0.014205004035512512 0.02887685290763968
0 0.22155770782889425 0.4729361459521094 0.07041162227602905 0.01322690992018244
8 0.11385794995964486 0.3441163055872292 0.03066989507667474 0.009139110604332954
15 0.12878934624697336 0.10663055872291904 0.011614205004035512 0.00992588369441277
15 0.2753914447134786 0.37443557582668185 0.013769168684422921 0.013637400228050172
8 0.48924939467312345 0.16615165336374002 0.02811945117029863 0.011379703534777652
15 0.5223648103309121 0.37542759407069554 0.024083938660209848 0.015114025085518816
15 0.12669895076674736 0.12313568985176739 0.01583535108958838 0.012993158494868871
15 0.5315173527037933 0.15309007981755984 0.020371267150928168 0.010923603192702394
0 0.20861178369652947 0.44966932725199543 0.021880548829701373 0.007194982896237172
0 0.20861178369652947 0.441539338654504 0.020371267150928168 0.006396807297605473
10 0.3066908797417272 0.42315279361459524 0.012074253430185634 0.019720638540478907
3 0.28138014527845034 0.13537058152793616 0.02430185633575464 0.00766248574686431
