0 0.38744963738920224 0.13055270655270657 0.0777276390008058 0.03364672364672364
2 0.6996615632554392 0.09835897435897437 0.05262691377921032 0.030267806267806268
15 0.156116035455278 0.514997150997151 0.02151490733279613 0.02127635327635328
15 0.7691941982272361 0.12217094017094017 0.022691377921031427 0.021002849002849003
2 0.10254230459307011 0.23867236467236466 0.021071716357775987 0.08675783475783476
0 0.3741579371474617 0.5130940170940171 0.0441941982272361 0.025777777777777778
0 0.3701007252215955 0.09501994301994302 0.03939161966156325 0.02298575498575499
0 0.37466156325543915 0.31850712250712254 0.034431909750201446 0.02202279202279202
0 0.3762973408541499 0.4798917378917379 0.04955278001611604 0.020564102564102568
2 0.12645850120870267 0.17941310541310543 0.01587832393231265 0.04254131054131054
2 0.12382755842062851 0.23778347578347578 0.016240934730056406 0.0673048433048433
2 0.13805398871877517 0.5924672364672364 0.027046736502820305 0.08954415954415955
1 0.6427558420628525 0.17405128205128204 0.038984689766317485 0.015783475783475782
3 0.15122884770346495 0.22313960113960116 0.017026591458501206 0.02237037037037037
15 0.7297904915390814 0.2117264957264957 0.017622884770346497 0.019829059829059827
0 0.7815068493150685 0.3967977207977208 0.026986301369863016 0.10896866096866098
15 0.7468090249798549 0.1645014245014245 0.01856970185334408 0.02015384615384615
0 0.749174053182917 0.4012991452991453 0.029556809024979855 0.12532193732193733
8 0.8041861402095085 0.5278518518518518 0.01991136180499597 0.08016524216524216
1 0.12445205479452054 0.3057549857549858 0.014194198227236098 0.03418803418803419
