11 0.3046876259572753 0.14042759407069555 0.026311970979443773 0.05543899657924743
7 0.296223297057638 0.09986887115165335 0.08837565497783152 0.03032497149372862
2 0.4109955663039097 0.08132839224629419 0.1410197501007658 0.016898517673888256
2 0.40781942765014106 0.14878563283922464 0.06324465941152761 0.016431014823261116
8 0.286049979846836 0.25956100342075256 0.08479645304312777 0.02807297605473204
2 0.4595042321644498 0.1477765108323831 0.03542523176138654 0.011641961231470925
2 0.654155582426441 0.41780501710376283 0.025856509471987105 0.4525199543899658
2 0.5646876259572753 0.4253933865450399 0.023422007255139057 0.44803306727480047
2 0.2467069729947602 0.409806157354618 0.013647722692462717 0.31574686431014826
8 0.621273679967755 0.17916761687571264 0.0843409915356711 0.02831242873432155
