2 0.2240274414850686 0.38514546491728463 0.026674737691686844 0.11828294352538506
2 0.46220338983050846 0.696531660011409 0.017497982243744957 0.11525955504848831
0 0.435407586763519 0.24608670849971476 0.02376916868442292 0.03658870507701084
2 0.43666666666666665 0.7469880205362236 0.016666666666666666 0.0562749572162008
0 0.47045197740112993 0.30251568739304047 0.02135593220338983 0.04035367940673131
2 0.4881033091202583 0.41880205362236167 0.018038740920096854 0.03915573302909298
2 0.4345843422114609 0.6564575014261266 0.013930589184826474 0.06334284084426697
0 0.4891525423728813 0.30642327438676553 0.02055690072639225 0.040598973188819165
0 0.4116464891041162 0.2459440958357102 0.022130750605326877 0.034746149458071876
0 0.4882243744955609 0.477718197375927 0.020782889426957222 0.03549914432401597
2 0.44305891848264733 0.7030062749572161 0.015157384987893463 0.05581289218482601
0 0.4346166263115416 0.45773531089560754 0.023357546408393867 0.03612093553907587
0 0.48575464083938663 0.35670279520821446 0.022429378531073445 0.04041072447233315
0 0.5105246166263115 0.2625841414717627 0.01910411622276029 0.03224187107815174
0 0.5044309927360775 0.356999429549344 0.019814366424535917 0.037820878494010265
0 0.41072639225181595 0.458625213918996 0.023034705407586762 0.035419281232173416
0 0.48744148506860374 0.26563034797490015 0.020912025827280065 0.033861950941243585
0 0.35019370460048427 0.5670849971477467 0.022001614205004037 0.03473474044495151
2 0.42539144471347856 0.4015972618368511 0.022106537530266344 0.07063890473474044
0 0.3415577078288943 0.7978608100399316 0.020839386602098466 0.03497432972047918
2 0.36919289749798223 0.6793610952652596 0.014616626311541566 0.05494010268111808
2 0.2775060532687651 0.35742156303479744 0.021081517352703794 0.06353679406731318
2 0.24480225988700566 0.3830405019965773 0.02135593220338983 0.11945236737022248
0 0.46848264729620664 0.481654306902453 0.020621468926553674 0.032207644038790645
0 0.32878934624697337 0.5674614945807188 0.018038740920096854 0.030593268682258985
2 0.2942776432606941 0.3571192241871078 0.024277643260694107 0.060268111808328584
2 0.2847699757869249 0.4264289788933257 0.020379338175948346 0.0548031945236737
0 0.32306698950766743 0.7979235596120936 0.021977401129943504 0.037484312606959495
0 0.2921872477804681 0.5915059897318883 0.02129943502824859 0.024312606959498002
2 0.38123486682808716 0.7100855675984027 0.01479418886198547 0.06763833428408442
2 0.2520581113801453 0.428157444381061 0.01731234866828087 0.04965202509982887
2 0.2694027441485069 0.4259098687963491 0.021606133979015334 0.05600684540787222
0 0.3856093623890234 0.28752424415288075 0.021533494753833735 0.029652025099828862
2 0.4063034705407587 0.4039931545921278 0.022276029055690073 0.05876212207644039
