15 0.34488709677419355 0.38896748431260697 0.026572580645161294 0.030598973188819167
15 0.2831370967741935 0.3715972618368511 0.02531451612903226 0.02934968625213919
15 0.39849193548387096 0.45362806617227613 0.02547983870967742 0.03151169423844837
15 0.3732701612903226 0.4772618368511124 0.023455645161290322 0.035208214489446665
15 0.21662096774193548 0.21737022247575585 0.025995967741935484 0.03276098117512835
2 0.3323427419354839 0.13515116942384484 0.07895967741935483 0.04741015402167712
2 0.43628225806451615 0.45675413576725615 0.025056451612903225 0.07878494010268113
15 0.2354556451612903 0.3021677124928694 0.02403225806451613 0.030656018254420995
0 0.13326612903225807 0.43119224187107813 0.028633064516129035 0.1175470621791215
0 0.18173790322580644 0.44031945236737025 0.027899193548387095 0.12495151169423845
