7 0.05800456100342075 0.4456780402449694 0.07336374002280502 0.022178477690288714
7 0.7858608893956671 0.39716535433070865 0.0756157354618016 0.02731408573928259
0 0.05702964652223489 0.416159230096238 0.044960091220068416 0.03965004374453193
2 0.35730330672748006 0.08833770778652668 0.31516533637400224 0.03508311461067367
2 0.20144241733181298 0.450997375328084 0.07624287343215506 0.03863517060367454
0 0.2808323831242873 0.6469991251093613 0.047662485746864304 0.03731408573928259
0 0.8855131128848347 0.36615923009623796 0.050524515393386545 0.04048118985126859
3 0.7350342075256556 0.598066491688539 0.04542189281641961 0.018136482939632548
0 0.8379931584948688 0.4350131233595801 0.04447548460661346 0.03615048118985127
11 0.7429190421892816 0.2594838145231846 0.039572405929304444 0.08186351706036744
5 0.4516419612314709 0.4885389326334208 0.07294754846066134 0.024461942257217848
2 0.19524515393386543 0.35328083989501313 0.06608323831242874 0.03985126859142607
0 0.10992588369441277 0.4138932633420822 0.04009692132269099 0.01990376202974628
2 0.2576453819840365 0.15811023622047243 0.11393386545039909 0.016404199475065617
2 0.5546066134549601 0.08493438320209974 0.0798460661345496 0.035599300087489065
15 0.4292816419612315 0.23648293963254594 0.02774230330672748 0.030551181102362206
5 0.9342873432155074 0.4431496062992126 0.07037058152793615 0.023140857392825898
0 0.9423831242873433 0.41233595800524936 0.054583808437856325 0.03909011373578303
2 0.30743443557582667 0.12626421697287837 0.04934435575826682 0.016071741032370954
2 0.5746351197263397 0.13074365704286964 0.07559293044469784 0.03059492563429571
2 0.1945496009122007 0.1825109361329834 0.05700114025085519 0.01663167104111986
2 0.6588711516533637 0.15189851268591426 0.11272519954389966 0.021548556430446193
2 0.50172748004561 0.442082239720035 0.3224401368301026 0.027611548556430447
2 0.7044583808437855 0.4855555555555556 0.08218928164196122 0.032169728783902014
5 0.10679019384264539 0.6013298337707786 0.07360889395667047 0.02521434820647419
2 0.3050684150513113 0.7224059492563429 0.19906499429874575 0.03803149606299212
2 0.7124743443557583 0.44969378827646544 0.06261117445838084 0.01921259842519685
2 0.36099201824401367 0.12696412948381453 0.05986887115165337 0.030979877515310582
2 0.46754846066134553 0.03937007874015748 0.5388198403648803 0.025730533683289588
3 0.4513169897377423 0.6621609798775153 0.054042189281641964 0.02236220472440945
7 0.2888198403648803 0.6759142607174103 0.06834093500570125 0.024654418197725285
15 0.7966704675028505 0.5312073490813648 0.03047320410490308 0.026036745406824147
2 0.6864481185860889 0.1978565179352581 0.06195553021664767 0.019632545931758533
0 0.11363169897377423 0.572668416447944 0.05143671607753706 0.035424321959755034
2 0.6984891676168757 0.35174978127734036 0.08826111744583809 0.015826771653543306
0 0.3653078677309008 0.3818110236220473 0.04864880273660205 0.042458442694663166
1 0.8072576966932725 0.5953893263342082 0.050210946408209806 0.018013998250218724
0 0.7874344355758267 0.36595800524934385 0.049840364880273665 0.038661417322834644
15 0.7534891676168757 0.5188101487314086 0.021915621436716076 0.023928258967629047
0 0.4557981755986317 0.4557305336832896 0.05509692132269099 0.04034995625546806
3 0.36690421892816416 0.16334208223972002 0.02065564424173318 0.027340332458442695
5 0.8858323831242874 0.39750656167979004 0.06989737742303306 0.02795275590551181
15 0.2910376282782212 0.21076115485564306 0.01969783352337514 0.01805774278215223
15 0.555381984036488 0.24387576552930884 0.025370581527936146 0.027926509186351707
3 0.40565564424173317 0.1862292213473316 0.03848346636259977 0.022125984251968503
2 0.5474116305587229 0.6406649168853893 0.09439566704675029 0.02131233595800525
3 0.3030387685290764 0.3326159230096238 0.03794754846066135 0.021907261592300963
3 0.5460889395667047 0.18986001749781276 0.050895096921322686 0.025730533683289588
11 0.1708722919042189 0.22921259842519687 0.02846066134549601 0.05547681539807524
15 0.18485176738882556 0.20600174978127736 0.027713797035347775 0.022922134733158354
15 0.6441448118586088 0.6000349956255469 0.019064994298745724 0.02720909886264217
3 0.4405302166476625 0.1824584426946632 0.039823261117445836 0.026132983377077867
