15 0.26129 0.541928 0.020565 0.029093
2 0.209274 0.616087 0.057258 0.029663
0 0.128629 0.642327 0.014919 0.042784
0 0.275806 0.637193 0.014919 0.061609
11 0.876613 0.495151 0.025 0.067884
11 0.714919 0.494581 0.02379 0.066743
6 0.744355 0.140901 0.014113 0.019966
7 0.50121 0.639475 0.050403 0.017684
8 0.454435 0.521962 0.012903 0.065602
0 0.469355 0.440958 0.019355 0.106674
0 0.43871 0.434683 0.02621 0.106104
0 0.618145 0.461495 0.017339 0.041072
0 0.587903 0.460924 0.017339 0.045636
11 0.568145 0.272105 0.073387 0.039932
15 0.563306 0.374216 0.015726 0.0251
15 0.51371 0.371934 0.015323 0.023388
15 0.48871 0.325157 0.017339 0.024529
15 0.614516 0.280662 0.015323 0.023959
15 0.535484 0.261837 0.016532 0.022818
15 0.462097 0.285225 0.020161 0.027952
2 0.560081 0.237878 0.021371 0.017114
2 0.53629 0.237878 0.018145 0.017114
2 0.550806 0.20308 0.016129 0.017114
2 0.531452 0.20251 0.020968 0.018254
2 0.537097 0.169424 0.037097 0.019395
3 0.474194 0.148317 0.022984 0.032516
15 0.428629 0.108956 0.012903 0.021677
15 0.412903 0.122647 0.0125 0.018254
2 0.459677 0.087279 0.058065 0.018254
2 0.379032 0.15231 0.0125 0.03765
11 0.382258 0.111238 0.024194 0.051341
0 0.278226 0.268112 0.021371 0.051911
0 0.126613 0.289789 0.022177 0.082145
0 0.095968 0.306902 0.021371 0.045066
2 0.239919 0.247005 0.021371 0.030234
2 0.208468 0.243582 0.040726 0.032516
2 0.177823 0.245864 0.021371 0.030234
2 0.207661 0.095265 0.055645 0.034227
