16 0.9317210802095929 0.6694013683010263 0.08061668681983071 0.04942417331812999
15 0.31401451027811367 0.16736031927023945 0.025058444175735592 0.028899657924743444
0 0.2531438935912938 0.12354047890535917 0.0539782345828295 0.016539338654503993
3 0.23757355904877064 0.1997605473204105 0.015723498589278517 0.027297605473204107
15 0.15520354695687222 0.15145381984036488 0.023039097138250704 0.027251995438996576
3 0.27020153164046756 0.20588939566704675 0.01415558242644095 0.030627137970353477
5 0.09017734784361145 0.15743443557582668 0.04810157194679565 0.019144811858608893
8 0.25059250302297464 0.1425199543899658 0.050661023780733574 0.015210946408209806
1 0.14821846029826682 0.21748574686431016 0.011459089076985087 0.031185860889395668
1 0.2311970979443773 0.528557582668187 0.011072148327287383 0.032873432155074114
2 0.35350665054413544 0.5468700114025086 0.015288190245868602 0.06191562143671608
0 0.7142079806529625 0.44291904218928163 0.04618702136235389 0.036094640820980614
15 0.31847239016525597 0.5813283922462942 0.020395002015316407 0.046676168757126574
1 0.1454937525191455 0.5468586088939567 0.011672712615880694 0.03293044469783352
2 0.21910923014913342 0.19001140250855186 0.01558645707376058 0.047075256556442416
1 0.2884079000403063 0.2091733181299886 0.012708585247883918 0.032702394526795894
2 0.12750906892382105 0.36780501710376284 0.021987101975010075 0.38388255416191563
2 0.6914308746473197 0.29354047890535917 0.05082224909310762 0.030627137970353477
2 0.6915356711003627 0.3199828962371722 0.07667472793228536 0.0132212086659065
