2 0.3241891482267354 0.5175137254901961 0.10909366474689298 0.18911764705882353
0 0.3657684146711125 0.6707764705882353 0.13201273113064566 0.05334117647058824
0 0.8398726886935435 0.6674666666666667 0.10427402243103971 0.027701960784313726
0 0.8394149742346165 0.7031882352941177 0.10673537435586541 0.03166666666666667
3 0.0694786298878448 0.40019607843137256 0.08486511063958777 0.031976470588235294
2 0.5757381024552894 0.698356862745098 0.09914216429220976 0.02666666666666667
3 0.7201000303122158 0.566956862745098 0.052258260078811763 0.02916862745098039
0 0.5053167626553501 0.5274352941176471 0.0665050015156108 0.029384313725490198
0 0.8596180660806305 0.4887882352941177 0.057853895119733253 0.03132941176470588
2 0.6211215519854502 0.315521568627451 0.09198545013640497 0.023862745098039217
12 0.27433464686268566 0.335478431372549 0.12326159442255229 0.02307450980392157
7 0.5324977265838133 0.7428941176470588 0.10119127008184298 0.01795686274509804
2 0.6731797514398303 0.7479607843137255 0.11186420127311307 0.029301960784313724
15 0.2675719915125796 0.6457607843137255 0.02655956350409215 0.030270588235294115
2 0.6568293422249166 0.37014901960784313 0.09439527129433162 0.02867450980392157
2 0.23048196423158535 0.3150470588235294 0.1442922097605335 0.03141176470588235
1 0.7356168535919976 0.45629803921568624 0.0906395877538648 0.03243137254901961
13 0.8266989996968779 0.6372588235294118 0.07395877538648075 0.012968627450980392
