2 0.627608870967742 0.6753394181403308 0.17223387096774193 0.021112378779235594
2 0.6564879032258064 0.587033656588705 0.02091935483870968 0.04923559612093554
3 0.5624596774193549 0.5785681688533942 0.026048387096774192 0.02787792355961209
2 0.6228870967741935 0.44013120365088415 0.5589395161290323 0.023211637193382772
2 0.22110080645161292 0.6641814033086137 0.17023387096774195 0.017718197375926982
2 0.11083870967741935 0.5431032515687393 0.02647177419354839 0.11660011409013121
3 0.6948951612903226 0.5797946377638334 0.025221774193548385 0.024295493439817458
2 0.9226612903225806 0.5204278379920136 0.01665322580645161 0.055681688533941814
3 0.1727701612903226 0.4498516828294353 0.01867741935483871 0.04328009127210496
2 0.9034596774193548 0.4768225898459783 0.01908064516129032 0.018060467769537934
15 0.5254879032258065 0.48572732458642326 0.01708467741935484 0.030176839703365658
2 0.32660080645161293 0.5084597832287507 0.014455645161290323 0.05611523103251569
2 0.35285887096774193 0.46523103251568737 0.021842741935483873 0.019018824871648604
