11 0.3944078947368421 0.3985425101214575 0.052310855263157895 0.02183342972816657
11 0.39609374999999997 0.26362637362637364 0.055246710526315794 0.026512434933487566
0 0.34010690789473685 0.5906477732793523 0.03257401315789474 0.05423944476576056
2 0.6501644736842106 0.6980682475419318 0.0178125 0.054823597455176405
1 0.12028782894736843 0.7217871602082129 0.027171052631578946 0.08487565066512436
0 0.33297697368421053 0.7976055523423944 0.028873355263157895 0.05077501445922499
2 0.6780016447368421 0.6701388085598612 0.02011513157894737 0.0754655870445344
1 0.4517763157894737 0.7233487565066513 0.021891447368421052 0.07025448235974552
0 0.3561924342105263 0.7491208791208791 0.05379111842105263 0.05993637941006362
2 0.5931990131578948 0.6115558126084443 0.04887335526315789 0.022972816657027183
15 0.5016282894736842 0.7292076344707923 0.029004934210526318 0.022325043377674957
0 0.6112417763157895 0.6636495083863505 0.02921875 0.034117987275882014
1 0.45016447368421053 0.6341584731058415 0.023692434210526313 0.04572585309427415
2 0.5826151315789474 0.725506072874494 0.0750904605263158 0.017125506072874493
2 0.20703125 0.6532967032967033 0.024087171052631577 0.06429728166570271
3 0.12211348684210527 0.6212087912087911 0.02868421052631579 0.02700983227299017
16 0.6493996710526315 0.11129554655870445 0.05997532894736843 0.09144013880855986
