10 0.693392 0.62735 0.057212 0.024501
8 0.881144 0.481481 0.019339 0.0849
0 0.90411 0.410826 0.026994 0.051852
0 0.861402 0.388604 0.027397 0.1151
2 0.651491 0.45812 0.028203 0.021083
2 0.605963 0.45755 0.059226 0.022222
0 0.519742 0.402279 0.021354 0.051852
15 0.817889 0.192023 0.024174 0.035897
2 0.613215 0.157265 0.030218 0.022222
2 0.587429 0.157835 0.021757 0.024501
15 0.697019 0.274644 0.030218 0.032479
15 0.566479 0.192593 0.024577 0.037037
2 0.698227 0.124217 0.242546 0.040456
2 0.329573 0.62792 0.212732 0.049573
2 0.2917 0.454131 0.094279 0.025071
15 0.23328 0.596011 0.025786 0.034758
15 0.175665 0.40057 0.022562 0.030199
15 0.152297 0.398291 0.020548 0.02849
2 0.122885 0.389744 0.031829 0.069516
3 0.184529 0.45698 0.03062 0.036467
3 0.185737 0.335613 0.026994 0.039886
