2 0.4199516129032258 0.49606389047347405 0.08876209677419354 0.038397033656588704
2 0.7493508064516129 0.6442327438676554 0.21516532258064516 0.04294352538505419
3 0.35309274193548384 0.5581003993154592 0.03230645161290323 0.032304620650313746
2 0.41027016129032257 0.1333656588705077 0.10650806451612903 0.026754135767256132
8 0.25058467741935486 0.5302966343411295 0.019685483870967743 0.0848374215630348
10 0.4181491935483871 0.6682658300057045 0.060653225806451605 0.023223046206503138
3 0.879141129032258 0.47654306902452936 0.030258064516129033 0.038282943525385055
2 0.7844314516129033 0.42239589275527667 0.022245967741935484 0.11453508271534513
2 0.3447822580645161 0.5058813462635482 0.056 0.02587564175698802
2 0.3934314516129032 0.17432401597261835 0.06523790322580644 0.023223046206503138
0 0.5315806451612903 0.44251568739304054 0.02145967741935484 0.04839132915002852
15 0.22118548387096773 0.2674786081003993 0.024971774193548388 0.025527666856816886
2 0.44525403225806454 0.2168568168853394 0.03451209677419355 0.0227438676554478
3 0.8708225806451613 0.38285795778665144 0.029758064516129033 0.0375812892184826
2 0.44485887096774196 0.17352538505419282 0.03351612903225806 0.021962350256702796
15 0.2647258064516129 0.3001711351968055 0.021258064516129032 0.023998859098687965
0 0.272866935483871 0.41752424415288075 0.020370967741935486 0.138499714774672
2 0.40648790322580647 0.21730747290359384 0.029923387096774192 0.021500285225328007
15 0.5014838709677419 0.26888191671420425 0.025463709677419354 0.027113519680547635
15 0.8265483870967743 0.44094124358243014 0.018782258064516128 0.020929834569309753
15 0.4707459677419355 0.3897033656588705 0.02134274193548387 0.029606389047347404
3 0.4072137096774193 0.3071534512264689 0.023 0.024135767256132347
0 0.23056854838709676 0.419155733029093 0.018939516129032257 0.1266400456360525
2 0.40608064516129033 0.24231032515687392 0.031032258064516125 0.01946377638334284
15 0.8066814516129032 0.4376953793496862 0.018818548387096776 0.02341129492298916
15 0.8437217741935483 0.5875470621791216 0.017455645161290324 0.03083285795778665
0 0.1817983870967742 0.41893896177980605 0.02350806451612903 0.09734740444951512
15 0.36824193548387096 0.35329720479178556 0.016431451612903224 0.02977752424415288
