0 0.3313588709677419 0.42572732458642326 0.022487903225806453 0.09660011409013121
2 0.4812137096774194 0.13199657729606387 0.07824596774193548 0.02247005134055904
2 0.27438306451612904 0.10130062749572162 0.03594354838709678 0.017900741585852822
11 0.4316935483870967 0.1536908157444381 0.02052822580645161 0.06634911580148317
0 0.35885080645161294 0.44302909298345694 0.018133064516129033 0.041540216771249285
2 0.41345161290322574 0.1768568168853394 0.01644758064516129 0.05193953223046206
2 0.27588709677419354 0.15090131203650883 0.024866935483870967 0.016468910439247007
2 0.24361693548387095 0.28760410724472335 0.024612903225806452 0.01778094694808899
3 0.472491935483871 0.18989731888191672 0.02038709677419355 0.038311466058185965
15 0.09994354838709678 0.19232743867655447 0.00891532258064516 0.016776953793496863
15 0.22543145161290323 0.21164289788933258 0.018004032258064514 0.01919566457501426
2 0.30921370967741935 0.28665145464917285 0.03308064516129033 0.018442669709070166
2 0.12243548387096774 0.2404278379920137 0.03391935483870968 0.01492869366799772
2 0.307991935483871 0.14620650313747863 0.03422177419354839 0.01982316029663434
2 0.27499596774193547 0.28654306902452936 0.035124999999999997 0.015173987450085568
15 0.3255201612903226 0.23864803194523676 0.016189516129032258 0.02006274957216201
2 0.2668991935483871 0.12511123787792355 0.02929032258064516 0.016873930405019964
2 0.2937217741935484 0.12549914432401596 0.0242741935483871 0.015521962350256704
2 0.13066129032258064 0.16917855105533372 0.043032258064516125 0.014586423274386766
15 0.12502822580645162 0.20361095265259554 0.009475806451612903 0.015339418140330862
15 0.1223508064516129 0.2187221905305191 0.008524193548387097 0.013736451796919565
15 0.35667338709677415 0.17799201369081574 0.013568548387096773 0.017301768397033655
15 0.27484274193548386 0.19379920136908158 0.014314516129032258 0.021899600684540787
8 0.22098790322580644 0.5112321734169994 0.01220967741935484 0.06407872219053051
0 0.20383064516129032 0.41951511694238447 0.022173387096774196 0.10183685111237878
