2 0.4521290322580645 0.5081973759269823 0.02633870967741935 0.06296063890473474
11 0.25979032258064516 0.5318824871648602 0.05041129032258064 0.0712721049629207
15 0.2617096774193548 0.09897318881916714 0.038588709677419356 0.032430119794637766
10 0.48533064516129026 0.44642327438676555 0.07396774193548387 0.02003993154592128
10 0.24761290322580648 0.251437535653166 0.023685483870967743 0.05682258984597832
0 0.3761290322580645 0.39663434112949225 0.060096774193548384 0.01435253850541928
2 0.313991935483871 0.5138163148887621 0.019201612903225806 0.04589845978322875
2 0.4989596774193549 0.24717626925270964 0.020088709677419356 0.10784940102681118
11 0.2952661290322581 0.16422703936109526 0.05225806451612903 0.02667997718197376
0 0.38163709677419355 0.4174158585282373 0.04085483870967742 0.014883057615516258
2 0.5164758064516128 0.37959498003422704 0.019508064516129034 0.06347974900171136
2 0.4718790322580645 0.14593268682258984 0.01745967741935484 0.06242441528807759
2 0.3918548387096774 0.44003993154592125 0.10482258064516128 0.018009127210496294
0 0.37686290322580646 0.08900741585852824 0.09441935483870968 0.015151169423844837
15 0.2805483870967742 0.19120365088419852 0.041185483870967744 0.03234455219623503
0 0.379508064516129 0.2310439247005134 0.03461290322580645 0.01314318311466058
15 0.3696048387096774 0.4901426126640046 0.03870967741935484 0.024905875641756985
2 0.22949999999999998 0.2458528237307473 0.017669354838709676 0.27254991443240156
2 0.4989032258064516 0.15788362806617226 0.01917741935483871 0.08774671990872789
15 0.4155887096774194 0.31357672561323446 0.04084677419354839 0.027769537934968624
2 0.4159516129032258 0.17697661152310326 0.016862903225806452 0.05385054192812322
8 0.560508064516129 0.09746719908727895 0.10128225806451613 0.02139189960068454
15 0.387 0.4704620650313748 0.04478225806451613 0.03073588134626355
1 0.4767338709677419 0.06755276668568169 0.016903225806451615 0.038648031945236735
5 0.17049999999999998 0.0627096406160867 0.0652016129032258 0.019378208784940103
16 0.8831935483870968 0.6583057615516258 0.12913709677419355 0.05638334284084427
2 0.2761935483870968 0.37287507130633196 0.017612903225806453 0.03723901882487165
2 0.29181451612903225 0.11822019395322306 0.018524193548387097 0.03956645750142613
3 0.49509677419354836 0.5486366229321163 0.02988709677419355 0.01579007415858528
3 0.49270161290322584 0.5640787221905306 0.03467741935483871 0.014175698802053624
