2 0.6772392267418446 0.13781009409751924 0.14677003624647603 0.015258055317935558
2 0.6779520741039066 0.20494724836042202 0.050579943616592835 0.011673795266609638
4 0.5752013693113169 0.20639007698887937 0.04343536045106725 0.011280296549757629
2 0.6060430930326218 0.4968890789848873 0.06225332259363672 0.010980895352152837
2 0.7479077728554169 0.5026946107784431 0.05722311719693919 0.011844881665240947
2 0.7006947241240435 0.1763159395494725 0.0930487313733387 0.011394354148845168
5 0.31050745066451874 0.44068719703450243 0.024695932339911398 0.0276732249786142
0 0.5395670559806685 0.4734160250926718 0.014740233588401128 0.07375534644995724
2 0.7271949254933548 0.33386370116909037 0.04121828433346758 0.013592814371257485
16 0.09928715263793798 0.2555260906757913 0.07948650825614177 0.028879384088964927
0 0.8511196133709222 0.47412033076703736 0.011065243656866694 0.029552323923581408
0 0.7908920660491341 0.47362703165098374 0.013890455094643577 0.06778157969774737
0 0.5163330648409182 0.47382948388936413 0.011818364881192105 0.035340747077274026
2 0.626828433346758 0.6732620473339036 0.007660088602496979 0.028993441688052467
0 0.8784132098268224 0.4733219275734246 0.01107732581554571 0.026179070430567438
0 0.49511075312122427 0.4738608497291132 0.012376157873540072 0.03280581693755347
2 0.7610269834877165 0.5932506415739949 0.043167539267015706 0.011411462788708299
0 0.8273882400322192 0.4742543484459652 0.011945227547321788 0.025352152837182777
2 0.5860451067257351 0.44606501283147987 0.022551349174385824 0.008588537211291703
0 0.6772271445831656 0.24040205303678358 0.0181614981876762 0.007351012261191902
15 0.7758356826419655 0.5370829769033362 0.026677406363270234 0.016638152266894784
1 0.7186830447039871 0.22354719133162249 0.023213854208618608 0.008408896492728827
4 0.7814055577929924 0.20623895067008838 0.04078332662102296 0.011277445109780439
4 0.7789971808296415 0.17883661248930707 0.04321989528795812 0.013361847733105219
2 0.6467519130084575 0.33772169945822644 0.04526379379782521 0.01095808383233533
2 0.7245227547321789 0.3513287710293698 0.046621022956101495 0.011209010550327917
2 0.6422513089005236 0.26036213287710297 0.009583165525573903 0.028357570573139437
15 0.5866069271043093 0.4090076988879384 0.029222714458316555 0.015785571713715425
0 0.7143556182037857 0.6269575135443398 0.01654853000402739 0.010804106073567151
15 0.7555879983890456 0.29634160250926717 0.014244865082561417 0.05033361847733105
1 0.6362021747885622 0.2246079270031366 0.022764800644381796 0.00923011120615911
6 0.3711377366089408 0.235642999714856 0.040146999597261375 0.0168063872255489
15 0.765344341522352 0.42161391502708867 0.013846153846153847 0.019164528086683775
1 0.587315747080145 0.5993470202452238 0.023393072895690696 0.010641573994867409
11 0.6772311719693919 0.6967693185058454 0.07300040273862263 0.032015968063872254
2 0.6149214659685863 0.6722440832620473 0.008757551349174386 0.02900199600798403
4 0.8194804671768022 0.35315654405474767 0.040640354409987915 0.009766181921870544
2 0.7079379782521144 0.3080410607356715 0.03997382198952879 0.016726546906187623
3 0.6415747080144986 0.35357000285143997 0.012005638340716874 0.015711434274308527
3 0.7074184454289166 0.3593413173652695 0.01112162706403544 0.012207014542343884
