0 0.48380952380952386 0.2467940673131774 0.022502017756255044 0.03502567027952082
2 0.46125100887812753 0.6876839703365659 0.01747376916868442 0.11283513976041074
2 0.4336400322841001 0.6437079292641187 0.013664245359160613 0.06227039361095265
2 0.48611783696529454 0.4051511694238448 0.01940274414850686 0.040598973188819165
0 0.3367393058918483 0.5547746719908728 0.042227602905569005 0.03633770678836281
2 0.26541565778853915 0.41501426126640045 0.020088781275221953 0.05674272675413577
2 0.22455205811138015 0.368094694808899 0.031202582728006453 0.11608670849971478
0 0.4777481840193704 0.46665145464917285 0.0338498789346247 0.03519110096976611
0 0.4173527037933818 0.22409583571021105 0.04115415657788539 0.03572162007986309
0 0.47811138014527843 0.28851112378779237 0.038797417271993546 0.03878494010268112
2 0.4419209039548022 0.6904164289788933 0.014874899112187248 0.058225898459783224
2 0.24385794995964485 0.41322304620650313 0.015367231638418079 0.05337706788362806
0 0.491864406779661 0.20108956075299486 0.03662631154156578 0.03430119794637764
2 0.43565778853914444 0.732281802624073 0.016311541565778853 0.06318311466058187
2 0.28009685230024217 0.3419623502567028 0.03573849878934625 0.06232173416999429
2 0.40527037933817595 0.31808899030233884 0.02 0.05929834569309755
2 0.36664245359160613 0.6700741585852824 0.014334140435835353 0.0606845407872219
0 0.2883212267958031 0.581123787792356 0.022728006456820018 0.03171135196805477
0 0.41873284907183206 0.44540787221905304 0.04067796610169491 0.02832857957786651
2 0.40975786924939467 0.387062179121506 0.04426957223567393 0.06045636052481461
0 0.4232122679580307 0.26107244723331435 0.01974172719935432 0.020718767826583
0 0.49050847457627117 0.34753565316600116 0.04067796610169491 0.033822019395322304
0 0.33020177562550446 0.7887164860239588 0.04306698950766747 0.03171135196805477
