15 0.5942459677419355 0.18488305761551627 0.030463709677419355 0.08600114090131203
11 0.38571774193548386 0.41119224187107817 0.0272741935483871 0.0806160867084997
11 0.22863306451612903 0.35889903023388475 0.05535080645161291 0.04302909298345693
11 0.23683870967741935 0.16965772960638906 0.06489516129032258 0.03374215630347975
0 0.16729435483870966 0.3868282943525385 0.03458870967741935 0.03679406731317741
11 0.17198790322580645 0.1679349686252139 0.05893145161290323 0.033274386765544776
2 0.5559556451612904 0.07606389047347405 0.08523387096774193 0.022224757558471194
0 0.6044435483870968 0.4471933827723902 0.01700806451612903 0.045858528237307475
15 0.5113467741935485 0.2134284084426697 0.06843951612903225 0.0399030233884769
11 0.3758064516129032 0.4868225898459783 0.026233870967741938 0.07871078151739874
0 0.46841129032258066 0.44802624073017683 0.020879032258064516 0.04864232743867655
0 0.10777016129032257 0.22175128351397605 0.05025403225806451 0.019652025099828867
15 0.5563024193548387 0.1648088990302339 0.03021370967741936 0.09041642897889332
0 0.5065 0.4500912721049629 0.0272258064516129 0.14678265830005705
2 0.5689395161290323 0.11033656588705076 0.060556451612903225 0.02181403308613805
