3 0.910081 0.67085 0.029435 0.027952
2 0.814113 0.678266 0.016935 0.086708
2 0.885081 0.613234 0.069758 0.0251
7 0.422581 0.179692 0.06129 0.022818
11 0.482661 0.647461 0.037097 0.032516
15 0.483871 0.622362 0.01371 0.019395
8 0.42379 0.508842 0.014516 0.079293
0 0.597984 0.423845 0.016532 0.045066
0 0.568952 0.425556 0.016935 0.047347
0 0.53629 0.397604 0.020565 0.116942
0 0.406452 0.399315 0.025403 0.120365
15 0.591935 0.230462 0.016532 0.024529
15 0.531048 0.273816 0.016532 0.022818
15 0.475403 0.219624 0.016935 0.021107
15 0.432258 0.236167 0.016935 0.023388
2 0.505242 0.197946 0.029435 0.022818
2 0.480242 0.197946 0.02379 0.019395
2 0.500806 0.158015 0.030645 0.017684
2 0.472984 0.158585 0.025403 0.023388
2 0.482661 0.120365 0.039919 0.030804
15 0.199597 0.513976 0.020565 0.029093
0 0.175403 0.662293 0.020968 0.055334
0 0.144758 0.67028 0.022177 0.049059
2 0.243548 0.426697 0.054435 0.031375
2 0.274597 0.281803 0.024597 0.019395
2 0.243952 0.280662 0.037097 0.021107
2 0.214113 0.281232 0.023387 0.016543
0 0.302419 0.273246 0.025403 0.078152
0 0.173387 0.26526 0.024194 0.080434
0 0.144758 0.288648 0.024597 0.047347
2 0.245968 0.102681 0.053629 0.033657
