2 0.741015 0.705645 0.023959 0.168145
2 0.751284 0.201613 0.034227 0.136694
2 0.944096 0.329839 0.032516 0.236694
2 0.904735 0.320565 0.032516 0.218952
2 0.845408 0.26129 0.066743 0.106452
2 0.790074 0.23871 0.023959 0.052419
11 0.737022 0.349194 0.112949 0.030242
0 0.625214 0.339919 0.039932 0.016129
1 0.62008 0.38629 0.021677 0.053629
2 0.750143 0.41129 0.032516 0.065323
15 0.763833 0.456048 0.041643 0.035081
15 0.706218 0.637097 0.045636 0.028226
0 0.602966 0.466129 0.047918 0.016532
15 0.653736 0.454435 0.034797 0.029839
15 0.664575 0.504435 0.03822 0.027823
0 0.624073 0.530242 0.054193 0.016935
0 0.501997 0.497581 0.107245 0.020161
15 0.414147 0.487097 0.038791 0.033065
2 0.345123 0.299194 0.038791 0.175
2 0.386195 0.33629 0.030234 0.072581
15 0.413577 0.343145 0.046777 0.062097
15 0.414718 0.312903 0.047918 0.027823
15 0.741015 0.32379 0.041643 0.028629
15 0.664005 0.325403 0.037079 0.032661
15 0.651455 0.293145 0.03822 0.026613
15 0.616657 0.279032 0.042213 0.027419
0 0.497433 0.171371 0.051341 0.018548
15 0.673702 0.168952 0.039361 0.029839
5 0.528808 0.12621 0.079863 0.017742
0 0.630348 0.143952 0.053052 0.018952
0 0.507701 0.093548 0.112379 0.020968
15 0.717056 0.083468 0.047918 0.029435
0 0.634341 0.059677 0.057616 0.025806
