11 0.8373372549019608 0.6076955730745907 0.029054901960784314 0.07347483323226198
11 0.8262078431372549 0.32069132807762285 0.01991372549019608 0.04918132201334142
11 0.3417529411764706 0.7159551243177683 0.030862745098039216 0.01572468162522741
0 0.8661450980392157 0.41166767738023047 0.017905882352941174 0.012540933899332928
2 0.7845411764705882 0.257513644633111 0.04713333333333333 0.013244390539721042
0 0.7339960784313726 0.43514857489387504 0.029458823529411766 0.021631291691934507
5 0.8473607843137255 0.471710127349909 0.038462745098039215 0.014517889630078837
2 0.578756862745098 0.46591873862947236 0.0248 0.03108550636749545
5 0.7345607843137255 0.4539842328684051 0.037733333333333334 0.015961188599151
0 0.8483333333333334 0.4516312916919345 0.029156862745098037 0.023347483323226198
0 0.8892039215686274 0.4252577319587629 0.024501960784313725 0.024687689508793208
