2 0.5024596774193548 0.13132269099201824 0.12263709677419354 0.011185860889395667
2 0.8467096774193549 0.21194982896237172 0.015556451612903225 0.09262827822120867
11 0.44275806451612904 0.29471493728620296 0.06965322580645161 0.02261117445838084
2 0.513758064516129 0.14975484606613457 0.1045241935483871 0.01314139110604333
11 0.5609677419354839 0.29515963511972637 0.07384677419354838 0.02170467502850627
2 0.7604677419354838 0.14675598631698974 0.10850806451612904 0.011636259977194982
2 0.58275 0.20866020524515394 0.014104838709677417 0.05457810718358039
2 0.6073709677419354 0.21359179019384264 0.019064516129032257 0.0754903078677309
11 0.5368629032258064 0.19731470923603192 0.03618548387096774 0.020935005701254276
11 0.6262903225806452 0.20933295324971496 0.07787096774193548 0.13196123147092362
