8 0.6837943548387097 0.5056930975470622 0.017774193548387097 0.07401597261836851
0 0.6401048387096774 0.40858528237307473 0.026673387096774196 0.10741585852823732
7 0.5357258064516128 0.19073588134626357 0.058608870967741936 0.01895037079292641
11 0.7697338709677419 0.46880205362236166 0.025008064516129032 0.06844266970907016
0 0.3143467741935484 0.2599600684540787 0.06449596774193547 0.03181973759269823
2 0.7844475806451613 0.09580148317170564 0.08655645161290322 0.02163719338277239
2 0.12117741935483871 0.5415402167712493 0.021012096774193547 0.05783799201369082
15 0.19158870967741934 0.5915345122646891 0.017237903225806452 0.01775812892184826
15 0.6645362903225807 0.22342840844266973 0.020366935483870967 0.021534512264689103
8 0.5334596774193548 0.503405590416429 0.017124999999999998 0.07383342840844268
15 0.5631129032258064 0.3330062749572162 0.016411290322580645 0.021061038220193954
0 0.2977258064516129 0.1072219053051911 0.03169354838709677 0.020376497432972047
0 0.2981451612903226 0.13439817455790073 0.0318991935483871 0.02024529378208785
15 0.6063709677419354 0.3348374215630348 0.018076612903225805 0.022059326868225898
0 0.5176048387096774 0.40468339988590984 0.024512096774193547 0.10945807187678265
0 0.30343951612903225 0.47123217341699947 0.040028225806451614 0.022977752424415288
2 0.22531451612903225 0.20083285795778666 0.016620967741935482 0.04114090131203651
2 0.7066008064516128 0.14278950370792926 0.018504032258064518 0.05658300057045065
15 0.5810604838709678 0.17130062749572164 0.019858870967741936 0.020638904734740445
0 0.30839919354838713 0.6051625784369652 0.042733870967741935 0.020553337136337706
15 0.5363024193548387 0.23112949229891616 0.01802016129032258 0.020228180262407303
11 0.7288911290322581 0.11848260125499144 0.025346774193548388 0.06894466628636622
2 0.5849516129032258 0.12091842555618938 0.031270161290322576 0.02072447233314318
2 0.12843951612903226 0.19804905875641757 0.018225806451612904 0.0562749572162008
3 0.7764112903225806 0.15908727895037078 0.022036290322580646 0.036993725042783795
0 0.670858870967742 0.40760981175128347 0.028475806451612906 0.11406160867084997
15 0.6344233870967741 0.27048488305761553 0.018806451612903227 0.02031945236737022
2 0.22577419354838707 0.23952082144894465 0.017169354838709676 0.02498003422703936
2 0.5793024193548387 0.14944095835710214 0.02440725806451613 0.017358813462635483
2 0.22566935483870967 0.1595778665145465 0.015221774193548388 0.025590416428978892
2 0.602975806451613 0.15010268111808328 0.022741935483870965 0.01703936109526526
