10 0.8065772960638905 0.584508064516129 0.09200228180262407 0.02113709677419355
2 0.13041072447233315 0.3705282258064516 0.035801483171705645 0.13364919354838709
15 0.5929606389047347 0.5820766129032258 0.02989161437535653 0.03884274193548387
2 0.21828864803194525 0.23934274193548388 0.11915573302909298 0.018016129032258063
2 0.6038904734740445 0.33554435483870965 0.09070735881346263 0.020556451612903225
15 0.6911294922989161 0.5579314516129033 0.03148317170564746 0.035217741935483875
0 0.7885510553337136 0.3734637096774194 0.02986309184255562 0.05610483870967741
0 0.9252652595550485 0.3768870967741935 0.02845407872219053 0.05803629032258065
0 0.4575356531660011 0.3758911290322581 0.027706788362806618 0.05696370967741936
15 0.6004620650313748 0.2391008064516129 0.031215059897318882 0.035068548387096776
0 0.864284084426697 0.37818145161290323 0.02053622361665716 0.05594354838709678
15 0.7510838562464347 0.4861290322580645 0.028436965202509983 0.03553629032258064
15 0.9080433542498574 0.2969516129032258 0.04136337706788363 0.026661290322580647
0 0.4285795778665145 0.37806048387096775 0.020325156873930408 0.06577822580645161
2 0.5864175698802053 0.16341532258064514 0.11189389617798061 0.02580241935483871
2 0.6958471192241871 0.1408548387096774 0.12444951511694238 0.023258064516129034
0 0.5247689674843126 0.3767983870967742 0.02961779806046777 0.060197580645161286
15 0.5698402738163149 0.2836975806451613 0.04316029663434113 0.020899193548387096
15 0.7146092413006275 0.24119354838709675 0.026845407872219056 0.02932661290322581
2 0.6134227039361095 0.358758064516129 0.11956075299486595 0.020935483870967744
2 0.6727609811751283 0.5250201612903226 0.09131203650884198 0.02223790322580645
15 0.7228066172276097 0.20759274193548388 0.02742156303479749 0.03113306451612903
2 0.64437535653166 0.6136693548387098 0.08181403308613804 0.030846774193548386
8 0.8873645179691957 0.4906935483870968 0.13658870507701085 0.02466532258064516
15 0.2910439247005134 0.2648548387096774 0.026132344552196235 0.03347983870967742
15 0.20849401026811182 0.2647258064516129 0.027290359383913294 0.032987903225806456
2 0.6700285225328009 0.6446209677419356 0.13399315459212777 0.02635483870967742
0 0.13893325727324587 0.44698790322580645 0.09852253280091272 0.021467741935483873
15 0.7668397033656589 0.45064919354838706 0.046126640045636054 0.027153225806451613
15 0.5050998288648032 0.291 0.042538505419281225 0.020608870967741937
3 0.8038961779806046 0.24418548387096775 0.03851112378779236 0.01978225806451613
15 0.6308328579577867 0.39442338709677416 0.03783799201369081 0.02831451612903226
15 0.4813690815744438 0.4931935483870967 0.05174557900741585 0.02313306451612903
2 0.7074557900741586 0.621141129032258 0.05638334284084427 0.025387096774193547
2 0.7479920136908158 0.1655443548387097 0.11564175698802054 0.024625
3 0.48350827153451226 0.5201169354838711 0.042139189960068456 0.019028225806451613
7 0.3567940673131774 0.3030443548387097 0.10950370792926413 0.018907258064516128
15 0.8384255561893896 0.4509354838709677 0.04623502567027952 0.021810483870967744
