11 0.2520072771376592 0.2540078431372549 0.04127956337174044 0.06940392156862744
2 0.19098847786537296 0.5877098039215687 0.08593693147362039 0.01884705882352941
0 0.295785324439054 0.39298823529411764 0.01577319587628866 0.04756078431372549
15 0.18810794420861127 0.5230274509803922 0.03154639175257732 0.029372549019607844
15 0.1177744087325652 0.5332470588235294 0.031649484536082476 0.03167843137254902
0 0.2696846573681019 0.3935058823529412 0.018350515463917527 0.08364705882352942
15 0.15565191024863553 0.1883843137254902 0.024821103699211644 0.030039215686274507
0 0.059539114614918134 0.39235294117647057 0.016488781079442086 0.047850980392156864
2 0.15468162522741055 0.46669803921568626 0.05340812613705276 0.013003921568627449
2 0.168253486961795 0.2995450980392157 0.05387507580351728 0.01688627450980392
16 0.7470285021224984 0.635513725490196 0.0654214675560946 0.038054901960784315
2 0.20861127956337175 0.18901960784313726 0.0653123104912068 0.0180078431372549
0 0.0838993329290479 0.399278431372549 0.016228016979987873 0.053866666666666674
