11 0.4246634421604192 0.2607867730900798 0.13825070536074163 0.08087229190421892
0 0.6839137444578799 0.46953819840364885 0.02954856912535268 0.08289053591790194
15 0.7611850060459492 0.06804446978335234 0.026743248690044335 0.025148232611174458
0 0.7164490124949617 0.46748574686431016 0.028347440548166063 0.08029646522234891
15 0.8683998387746876 0.12759407069555304 0.017347843611446995 0.019572405929304447
15 0.7120918984280532 0.15401938426453818 0.0216968964127368 0.02419612314709236
0 0.8771543732365981 0.49442987457240595 0.016723095525997583 0.04001140250855188
0 0.8457436517533252 0.4901539338654504 0.018867392180572352 0.04344925883694412
15 0.7866545747682386 0.12106613454960091 0.019564691656590083 0.022012542759407068
15 0.8339097138250705 0.15543899657924742 0.017787182587666265 0.02220068415051311
2 0.7633857315598549 0.09753705815279362 0.01629584844820637 0.01805017103762828
8 0.7030794034663442 0.5817958950969213 0.01747682386134623 0.09300456100342075
7 0.7328375654977832 0.6629076396807297 0.01569931479242241 0.1012884834663626
2 0.8157879887142282 0.09713226909920182 0.031975010076582024 0.01710376282782212
15 0.7790769850866587 0.1478164196123147 0.017037484885126967 0.019709236031927025
15 0.7418460298266828 0.19878563283922465 0.019419588875453447 0.01967502850627138
2 0.787037484885127 0.060741163055872294 0.023881499395405077 0.017616875712656785
15 0.7602942361950826 0.15533067274800455 0.011874244256348247 0.019920182440136828
11 0.7475775896815801 0.17388825541619157 0.010733575171301893 0.023101482326111745
15 0.8191898428053205 0.06758836944127708 0.016017734784361144 0.023437856328392247
