15 0.29970923603192706 0.6448231966053748 0.020684150513112884 0.02072135785007072
15 0.3004104903078677 0.9048727015558699 0.021163055872291902 0.019462517680339464
11 0.2803591790193843 0.2465134370579915 0.019435575826681872 0.035035360678925036
2 0.7961345496009122 0.37089108910891094 0.05295895096921323 0.013995756718528995
15 0.4500228050171038 0.25626591230551626 0.020416191562143672 0.018295615275813297
2 0.36526225769669324 0.1817114568599717 0.04407639680729761 0.009646393210749647
0 0.5251710376282782 0.4855516265912306 0.026060433295324974 0.015968882602545968
2 0.647976054732041 0.7964992927864215 0.06498289623717218 0.012383309759547384
15 0.8354047890535917 0.18420792079207923 0.023671607753705817 0.021987270155586987
0 0.14303876852907638 0.5024469589816125 0.03119156214367161 0.018797736916548798
15 0.5746750285062714 0.8179278642149929 0.017799315849486887 0.018882602545968883
2 0.7409179019384264 0.15502828854314005 0.10449828962371721 0.00954031117397454
2 0.5339224629418472 0.8923267326732673 0.13093500570125427 0.013076379066478076
15 0.6876510832383125 0.6141654879773691 0.021174458380843787 0.020678925035360677
2 0.6794640820980615 0.8295756718528996 0.06046750285062714 0.011923620933521924
11 0.8187856328392247 0.2477722772277228 0.016191562143671605 0.03103960396039604
2 0.3393158494868871 0.14886845827439887 0.04479475484606613 0.009674681753889674
5 0.8469612314709236 0.259978783592645 0.03741163055872292 0.012263083451202262
15 0.30442987457240595 0.29453323903818956 0.02022234891676169 0.020777934936350776
0 0.7017331812998859 0.48445544554455444 0.024384264538198405 0.01041018387553041
0 0.4134321550741163 0.5210325318246111 0.026493728620296465 0.012072135785007073
0 0.11448688711516533 0.45857850070721357 0.033665906499429875 0.013635077793493636
15 0.49246294184720635 0.8172913719943423 0.0216248574686431 0.019016973125884018
0 0.7559464082098062 0.4846817538896747 0.026978335233751427 0.010728429985855728
15 0.6458380843785633 0.8464427157001414 0.020746864310148234 0.01850777934936351
2 0.5670410490307868 0.08915134370579915 0.46637970353477765 0.019335219236209334
15 0.1602508551881414 0.2419024045261669 0.021066134549600914 0.0184016973125884
2 0.3529703534777651 0.8512517680339463 0.07578107183580388 0.01301980198019802
0 0.20034207525655642 0.5208132956152758 0.03730900798175599 0.011612446958981613
2 0.3900855188141391 0.14924328147100424 0.06289623717217788 0.010473833097595473
2 0.7601596351197263 0.8283521923620933 0.0637115165336374 0.013422913719943422
15 0.850872291904219 0.24180339462517683 0.018289623717217787 0.01927157001414427
15 0.35088939566704674 0.09049504950495049 0.01920752565564424 0.01830975954738331
15 0.129903078677309 0.1928712871287129 0.028916761687571266 0.026294200848656295
2 0.3213397947548461 0.5662234794908062 0.0738084378563284 0.01181046676096181
11 0.3306898517673888 0.32133663366336634 0.02284492588369441 0.04084158415841584
2 0.4312713797035348 0.14787835926449788 0.03315849486887115 0.010530410183875532
0 0.24368871151653365 0.5196605374823197 0.028261117445838084 0.014717114568599716
3 0.6983238312428733 0.2652758132956153 0.016470923603192703 0.027524752475247525
0 0.8441790193842645 0.5278571428571428 0.030199543899657923 0.015000000000000001
2 0.731630558722919 0.8669306930693069 0.13282212086659065 0.013132956152758134
0 0.17646522234891676 0.44100424328147103 0.031168757126567845 0.013748231966053749
2 0.393751425313569 0.8934016973125883 0.1546066134549601 0.01567185289957567
2 0.6979532497149373 0.8928147100424328 0.19333523375142533 0.012022630834512023
12 0.27789053591790197 0.47964639321074964 0.040376282782212086 0.011796322489391796
7 0.15563283922462942 0.26041725601131543 0.033597491448118584 0.012206506364922208
15 0.45978905359179023 0.8483026874115983 0.019492588369441274 0.01854314002828854
0 0.5253705815279361 0.8645827439886846 0.05006271379703535 0.01260961810466761
3 0.5611858608893957 0.527977369165488 0.022474344355758267 0.017949080622347947
0 0.2248916761687571 0.45770862800565776 0.03510832383124287 0.012765205091937766
15 0.8108551881413911 0.12463224893917962 0.02805017103762828 0.018033946251768036
0 0.27758836944127707 0.46466053748231967 0.02574686431014823 0.019504950495049505
1 0.49437856328392243 0.4579490806223479 0.04145952109464082 0.010622347949080622
2 0.6945838084378563 0.9042079207920791 0.20662485746864312 0.02274398868458274
0 0.8733808437856329 0.4586350777934936 0.031567844925883694 0.013182461103253183
11 0.6877366020524516 0.29813295615275814 0.020940706955530214 0.05272277227722772
15 0.17954960091220068 0.45533946251768037 0.01718928164196123 0.01744695898161245
5 0.17533067274800454 0.4692927864214993 0.033751425313568985 0.015120226308345119
1 0.6247605473204104 0.4566973125884017 0.04125427594070696 0.012404526166902404
15 0.806345496009122 0.22156294200848659 0.015627137970353477 0.020544554455445545
7 0.8318129988597491 0.19907355021216408 0.03718928164196123 0.0158981612446959
15 0.30237742303306725 0.22795615275813294 0.021562143671607754 0.021711456859971712
5 0.5575655644241734 0.5431471004243281 0.03437856328392246 0.012404526166902404
2 0.3795724059293044 0.871909476661952 0.12407639680729761 0.015509193776520509
2 0.4173945267958951 0.851937765205092 0.04907069555302166 0.012015558698727015
15 0.415672748004561 0.8170509193776521 0.028751425313568984 0.019773691654879775
10 0.45521094640820986 0.8657001414427157 0.02718928164196123 0.015509193776520509
10 0.48630558722919043 0.8337199434229138 0.03688141391106043 0.015120226308345119
10 0.5802223489167617 0.832942008486563 0.031567844925883694 0.012793493635077794
10 0.6458551881413911 0.8645403111739746 0.03594070695553021 0.012404526166902404
1 0.2836259977194983 0.745905233380481 0.043443557582668185 0.013182461103253183
