2 0.934085414987913 0.3881652421652422 0.013223207091055601 0.04766951566951567
15 0.7549435938759065 0.6138062678062678 0.01618855761482675 0.018045584045584047
2 0.9325261885576149 0.1947008547008547 0.012755842062852539 0.04793162393162394
15 0.7754431909750202 0.6149743589743589 0.016091861402095085 0.019720797720797722
15 0.754218372280419 0.22807407407407407 0.01217566478646253 0.013663817663817664
15 0.7554391619661563 0.3453162393162393 0.01378726833199033 0.013658119658119658
15 0.7562610797743755 0.15537321937321938 0.01329975825946817 0.011880341880341882
2 0.9342344883158743 0.5658860398860399 0.01307413376309428 0.0374017094017094
2 0.7401087832393232 0.16 0.011176470588235293 0.01626780626780627
15 0.7520829975825947 0.5396353276353276 0.014504431909750202 0.01613105413105413
2 0.7250846091861403 0.19382905982905985 0.010330378726833199 0.03247863247863248
2 0.7220628525382756 0.22768091168091167 0.010145044319097503 0.021327635327635326
3 0.7534689766317485 0.19291737891737892 0.011929895245769541 0.013293447293447292
15 0.8186422240128928 0.2290826210826211 0.014717969379532635 0.01396011396011396
0 0.8463376309427881 0.14585185185185184 0.03290088638195004 0.015367521367521366
15 0.9186543110394843 0.5303190883190884 0.012860596293311845 0.015527065527065526
15 0.7368614020950847 0.18663247863247864 0.009387590652699436 0.014056980056980058
15 0.7370024174053182 0.2038119658119658 0.00910958904109589 0.014056980056980058
0 0.8390128928283641 0.6307692307692307 0.019879129734085416 0.018353276353276354
