0 0.3994354838709678 0.45175128351397603 0.028802419354838713 0.11328009127210498
0 0.6544556451612903 0.44915002852253283 0.023185483870967742 0.09887050770108385
2 0.5496008064516129 0.1940730176839703 0.08133467741935484 0.01896748431260696
5 0.45103225806451613 0.40775812892184826 0.06808467741935484 0.020250998288648032
0 0.35323790322580645 0.45472333143183113 0.02196774193548387 0.10062179121505989
5 0.6264112903225807 0.3634112949229891 0.06589112903225806 0.019783228750713065
2 0.5816733870967742 0.41298916143753567 0.06833467741935484 0.02010838562464347
0 0.6178266129032258 0.27205362236166575 0.011979838709677419 0.03381631488876212
2 0.5169879032258065 0.23452937820878494 0.02244758064516129 0.025293782087849402
0 0.4901572580645161 0.3128351397604107 0.01188709677419355 0.03709640616086709
2 0.5761612903225807 0.652875071306332 0.0237741935483871 0.01780376497432972
6 0.6095524193548387 0.6259212778094695 0.011536290322580646 0.02225898459783229
0 0.483866935483871 0.6427381631488877 0.013286290322580647 0.028191671420422136
0 0.2029516129032258 0.3944495151169424 0.02691935483870968 0.04698802053622362
