16 0.9127782258064516 0.6498916143753565 0.08153629032258065 0.044683399885909865
15 0.3457217741935484 0.15133485453508272 0.028766129032258066 0.030889903023388475
8 0.23256854838709676 0.1313006274957216 0.04984677419354839 0.01831146605818597
0 0.22881048387096775 0.11397033656588705 0.04971370967741936 0.014968625213918995
15 0.13172177419354839 0.6264175698802054 0.025850806451612904 0.0283342840844267
15 0.14294354838709677 0.1578379920136908 0.024866935483870967 0.026788362806617227
2 0.07914516129032258 0.38278950370792925 0.014370967741935484 0.43383913291500287
1 0.09921370967741935 0.5714147176269253 0.012004032258064515 0.02876212207644039
2 0.23199193548387098 0.6614318311466059 0.05105645161290323 0.019680547632629778
2 0.28100806451612903 0.5994865944095836 0.01384274193548387 0.05188248716486024
1 0.16958870967741935 0.2106845407872219 0.012387096774193548 0.03302338847689675
1 0.17459274193548388 0.5809298345693098 0.009141129032258066 0.030895607529948656
3 0.2390725806451613 0.17533941814033085 0.015620967741935485 0.024535082715345123
0 0.7148225806451612 0.3651226468910439 0.052798387096774195 0.04318881916714204
15 0.7324314516129032 0.3103251568739304 0.02371774193548387 0.027558471192241873
3 0.223616935483871 0.1761380490587564 0.014459677419354838 0.02606959498003423
11 0.7586491935483871 0.32265259555048487 0.026419354838709677 0.02035367940673132
2 0.7459193548387097 0.57562464346834 0.052096774193548384 0.01786651454649173
5 0.11238709677419356 0.6588191671420423 0.048125 0.0191500285225328
2 0.18971774193548388 0.1862749572162008 0.013225806451612901 0.06777524244152881
10 0.09010483870967742 0.39122076440387904 0.011963709677419356 0.0524187107815174
