3 0.777016 0.157444 0.020161 0.041072
2 0.768145 0.094695 0.056048 0.022248
11 0.730242 0.119795 0.021774 0.073018
2 0.709677 0.142042 0.0125 0.066172
11 0.770161 0.46777 0.027419 0.082145
6 0.642742 0.653736 0.018548 0.026241
8 0.684677 0.504849 0.013306 0.073588
8 0.533871 0.504849 0.014113 0.073588
0 0.669355 0.40445 0.021774 0.116942
0 0.63871 0.409584 0.022984 0.111808
0 0.516532 0.40559 0.021774 0.115231
7 0.535484 0.191101 0.054435 0.021107
15 0.633468 0.272675 0.017339 0.022818
15 0.604839 0.333714 0.014919 0.026241
15 0.563306 0.332573 0.015726 0.026241
15 0.535887 0.230462 0.017742 0.022818
15 0.664113 0.221335 0.016532 0.023959
15 0.583468 0.171706 0.015323 0.023388
2 0.602016 0.148888 0.02379 0.017684
2 0.580242 0.148888 0.020968 0.015402
2 0.585081 0.122647 0.029032 0.0251
15 0.191532 0.591557 0.021371 0.030234
2 0.118952 0.541928 0.021371 0.064461
0 0.305242 0.606959 0.041935 0.034797
0 0.304435 0.474044 0.031452 0.030234
2 0.225403 0.238448 0.016532 0.033657
2 0.223387 0.199087 0.018548 0.046777
2 0.22621 0.160867 0.017339 0.031945
2 0.128226 0.199087 0.018145 0.059897
0 0.31371 0.258414 0.064113 0.031945
0 0.298387 0.129492 0.031855 0.023959
0 0.299194 0.103252 0.035887 0.023959
