1 0.697405929304447 0.1823216444981862 0.01795895096921323 0.04370012091898428
8 0.5378563283922463 0.06503829101168884 0.05976054732041049 0.015372833534864974
1 0.6571208665906499 0.43284965739621123 0.016476624857468643 0.046553808948004836
2 0.45770809578107186 0.44681983071342196 0.02080957810718358 0.06559048770656993
3 0.4619042189281642 0.1877509068923821 0.01573546180159635 0.04176944780330512
2 0.8170410490307868 0.31018540910923015 0.021088939566704677 0.32044740024183793
3 0.626927023945268 0.16260781942765015 0.02280501710376283 0.01592099959693672
2 0.5341676168757127 0.16947601773478438 0.01993728620296465 0.035888754534461914
7 0.8111972633979475 0.09941152760983474 0.018101482326111744 0.04670294236195083
2 0.6129418472063853 0.1263280935106812 0.08590079817559862 0.015042321644498187
11 0.7661060433295325 0.3771825876662636 0.037850627137970355 0.023297057638049172
0 0.6829247434435576 0.4891777509068924 0.03370581527936146 0.01184602982668279
0 0.6426567844925883 0.0981459089076985 0.08610034207525656 0.0247118097541314
15 0.5142645381984037 0.12693671906489318 0.031083238312428735 0.0222652156388553
2 0.7875370581527936 0.4690890769850866 0.01998859749144812 0.041979040709391374
0 0.6001425313568985 0.10145908907698509 0.05299885974914481 0.014727932285368802
0 0.6222748004561004 0.05310761789600967 0.11424743443557582 0.02587666263603386
