0 0.34496774193548385 0.44402738163148886 0.02425806451612903 0.09744438106103821
2 0.5046129032258064 0.11079292641186538 0.08420161290322581 0.02498003422703936
2 0.2899112903225807 0.09762122076440388 0.03780241935483871 0.01828864803194524
11 0.4519354838709677 0.13257273245864232 0.022681451612903226 0.06055333713633771
3 0.49409677419354836 0.16804905875641757 0.02104032258064516 0.03586993725042784
0 0.3776088709677419 0.4598117512835139 0.01959274193548387 0.042293211637193386
2 0.4298225806451613 0.15423274386765545 0.019685483870967743 0.055288077581289216
2 0.3232741935483871 0.29489446662863666 0.031120967741935488 0.016240730176839704
15 0.3708467741935484 0.18564175698802055 0.01828225806451613 0.021534512264689103
2 0.3256290322580645 0.15908727895037078 0.0372741935483871 0.021876782658300058
2 0.2898346774193548 0.29666286366229316 0.03381048387096774 0.014945807187678265
8 0.23979032258064514 0.5313918996006846 0.014568548387096775 0.06670849971477467
2 0.3070967741935484 0.1233314318311466 0.02084274193548387 0.016240730176839704
15 0.3157661290322581 0.3463320022818026 0.015274193548387098 0.022298916143753567
15 0.24350806451612902 0.22053051911009697 0.01941532258064516 0.022698231602966343
2 0.26149193548387095 0.29610382201939534 0.02452016129032258 0.015675984027381632
15 0.2659798387096774 0.34634341129492296 0.01575 0.02158585282373075
15 0.28826209677419357 0.14213918996006844 0.016080645161290322 0.019509412435824304
0 0.2231693548387097 0.44064460924130067 0.020947580645161293 0.09544780376497433
2 0.2827459677419355 0.12301197946377637 0.027754032258064516 0.01714774671990873
15 0.3364758064516129 0.2535653166001141 0.015254032258064515 0.02252709640616087
2 0.2934516129032258 0.16108385624643468 0.026923387096774193 0.016155162578436966
2 0.12418951612903226 0.25209925841414715 0.012439516129032258 0.01611523103251569
2 0.1404556451612903 0.18107815173987452 0.04116532258064516 0.016252139189960067
15 0.11023790322580644 0.20465487735310894 0.01053225806451613 0.013622361665715914
15 0.13561693548387097 0.21662293211637193 0.00992741935483871 0.01334284084426697
15 0.1314475806451613 0.2321334854535083 0.010786290322580645 0.012521391899600684
6 0.873274193548387 0.3903023388476897 0.014266129032258065 0.013485453508271536
