7 0.193695 0.581176 0.070021 0.02
15 0.217339 0.54902 0.02425 0.03098
2 0.258866 0.592157 0.066384 0.021176
7 0.324644 0.582353 0.073052 0.02
15 0.351622 0.531373 0.026372 0.032549
15 0.300091 0.552549 0.022128 0.034902
2 0.383146 0.414118 0.039103 0.045882
2 0.471052 0.371765 0.020309 0.034902
2 0.446499 0.425098 0.017884 0.085098
15 0.812064 0.476471 0.032131 0.021176
2 0.342225 0.251765 0.037284 0.047843
2 0.343741 0.167451 0.039709 0.056078
5 0.38739 0.148627 0.058806 0.021569
15 0.347984 0.143137 0.02334 0.036078
3 0.352531 0.103137 0.023947 0.013725
0 0.398606 0.07451 0.04274 0.027451
4 0.146105 0.306275 0.074568 0.020392
15 0.188542 0.261961 0.024856 0.028235
0 0.101849 0.238824 0.043043 0.025882
0 0.064262 0.211765 0.040012 0.031765
15 0.135496 0.142745 0.021825 0.032157
2 0.198545 0.125098 0.060928 0.016471
2 0.217035 0.094902 0.093059 0.016863
2 0.259776 0.064706 0.103365 0.015294
