0 0.3520967741935484 0.4533713633770679 0.015475806451612905 0.04386765544780377
2 0.21103225806451614 0.4584597832287507 0.022983870967741935 0.0776782658300057
0 0.5294838709677419 0.4533200228180262 0.015435483870967742 0.04771819737592699
3 0.3097741935483871 0.46021677124928695 0.02749193548387097 0.016337706788362806
15 0.7699032258064515 0.4343924700513406 0.01725 0.047124928693667995
0 0.38633870967741935 0.44958927552766687 0.015379032258064517 0.054517969195664574
2 0.7885161290322581 0.5851739874500855 0.1147741935483871 0.014415288077581289
2 0.6137903225806451 0.5878551055333714 0.24844354838709676 0.015442099258414147
2 0.8027983870967742 0.45304050199657725 0.08842741935483872 0.013793496862521392
2 0.7794677419354838 0.5093553907586994 0.038596774193548386 0.013861950941243583
15 0.27904032258064515 0.5659897318881917 0.0237741935483871 0.04079863091842555
0 0.7081370967741936 0.46404449515116947 0.014 0.025008556759840275
2 0.1804516129032258 0.5429035938391329 0.22263709677419355 0.01715915573302909
15 0.5763225806451613 0.4177752424415288 0.05561290322580645 0.018060467769537934
5 0.3618225806451613 0.3772047917855106 0.06930645161290322 0.011494580718767826
0 0.8660403225806452 0.44687963491158017 0.013709677419354839 0.050308043354249855
5 0.9040322580645161 0.378687963491158 0.06501612903225806 0.013131774101540216
1 0.8676693548387098 0.5338676554478038 0.04166935483870968 0.009429549343981746
1 0.4051209677419355 0.5341129492298916 0.0437258064516129 0.01100969766115231
16 0.4014032258064516 0.6303650884198516 0.20466129032258065 0.018539646320593267
15 0.7686774193548387 0.5407986309184255 0.02320967741935484 0.04104392470051341
2 0.6349516129032259 0.37525955504848835 0.4144596774193548 0.019543639475185396
15 0.6708709677419354 0.41180832857957783 0.06410483870967741 0.017592698231602966
