0 0.780956862745098 0.3437295330503335 0.09066666666666666 0.03277137659187386
12 0.2453764705882353 0.204815039417829 0.12025098039215686 0.019508793208004853
2 0.2328 0.363262583383869 0.09083921568627451 0.09660400242571256
11 0.46231764705882356 0.1700970285021225 0.10207843137254903 0.06782898726500909
7 0.6219490196078431 0.13523347483323225 0.1194470588235294 0.029866585809581566
0 0.835843137254902 0.3049423893268648 0.05030980392156863 0.03497271073377805
0 0.5020823529411764 0.5552759248029109 0.05913725490196079 0.03822316555488175
1 0.6070039215686274 0.37186173438447545 0.06646666666666667 0.018489993935718617
0 0.24378039215686273 0.1512431776834445 0.08781176470588235 0.015700424499696785
2 0.7293803921568628 0.6141843541540327 0.11912941176470587 0.03847786537295331
