11 0.865726 0.454079 0.029032 0.083856
6 0.826613 0.106674 0.014919 0.021107
8 0.477823 0.492869 0.018548 0.086708
15 0.611694 0.298346 0.018548 0.026241
15 0.562097 0.297775 0.018548 0.026241
15 0.528226 0.238448 0.018548 0.026241
15 0.493145 0.198517 0.018548 0.026241
2 0.588306 0.182544 0.030242 0.027952
0 0.5 0.383913 0.018548 0.112379
0 0.46371 0.381631 0.022581 0.095836
15 0.164113 0.483742 0.018548 0.026241
0 0.306048 0.603537 0.0375 0.027382
0 0.308065 0.459213 0.048387 0.030234
2 0.135887 0.539076 0.019758 0.067884
2 0.129839 0.266971 0.014113 0.05077
2 0.130242 0.219053 0.013306 0.047347
2 0.130645 0.171135 0.013306 0.0502
2 0.102823 0.219624 0.013306 0.066172
0 0.307661 0.292071 0.035484 0.019966
0 0.316935 0.141472 0.059274 0.029093
0 0.308065 0.11352 0.03871 0.029093
