16 0.836630558722919 0.5324435483870968 0.17322120866590648 0.05291935483870968
2 0.3378677309007982 0.7030000000000001 0.20972063854047893 0.020620967741935486
5 0.5452508551881414 0.07948387096774194 0.05649372862029647 0.02195967741935484
2 0.3894412770809578 0.6513548387096774 0.10854047890535917 0.021870967741935483
2 0.2625541619156214 0.1427983870967742 0.05618015963511973 0.019008064516129033
11 0.19601482326111744 0.3849677419354839 0.03202964652223489 0.041403225806451616
2 0.3598859749144812 0.0592016129032258 0.254521094640821 0.023306451612903224
2 0.2994697833523375 0.18135483870967742 0.02783352337514253 0.021233870967741934
2 0.36199543899657927 0.7608145161290323 0.26481185860889395 0.01975
0 0.15554161915621437 0.4969758064516129 0.018443557582668187 0.057790322580645155
0 0.5724572405929305 0.4556532258064516 0.015535917901938427 0.03687096774193548
0 0.36952109464082095 0.48508870967741935 0.017075256556442417 0.03692741935483871
1 0.5448745724059293 0.6489596774193549 0.05666476624857469 0.01935483870967742
15 0.13161915621436718 0.2999112903225806 0.033973774230330676 0.039
0 0.39853477765108325 0.4980806451612903 0.017286202964652223 0.03176612903225807
3 0.20169897377423032 0.26343548387096777 0.03420752565564424 0.01735483870967742
15 0.5194526795895097 0.29385483870967744 0.033340935005701254 0.041483870967741934
2 0.27151653363740025 0.22333064516129034 0.105 0.019056451612903227
10 0.1716533637400228 0.07897580645161291 0.05566134549600912 0.020370967741935486
11 0.37197833523375146 0.3016209677419355 0.02609464082098062 0.05273387096774194
15 0.21789623717217788 0.12008064516129033 0.02928164196123147 0.050749999999999997
11 0.18897947548460664 0.3427741935483871 0.02660775370581528 0.0462016129032258
2 0.35718928164196123 0.10196774193548387 0.2523660205245154 0.020790322580645164
10 0.16769669327251996 0.2299032258064516 0.07886545039908781 0.021338709677419354
15 0.49644811858608895 0.14046774193548386 0.027867730900798176 0.04713709677419355
2 0.3173831242873432 0.2261290322580645 0.04851767388825541 0.01360483870967742
0 0.5250399087799316 0.470508064516129 0.016738882554161914 0.0968467741935484
0 0.10618015963511973 0.4712096774193548 0.016881413911060433 0.0969758064516129
1 0.8805074116305588 0.5968790322580645 0.0709806157354618 0.024330645161290323
15 0.3458323831242874 0.26899193548387096 0.029464082098061572 0.055435483870967736
15 0.20390535917901936 0.3238145161290322 0.02668757126567845 0.05426612903225807
