1 0.36109666937449225 0.3927251995438997 0.07871649065800163 0.024612314709236034
0 0.2510804224207961 0.4138540478905359 0.03170593013809911 0.059646522234891676
0 0.7891389114541023 0.42706385404789055 0.0242323314378554 0.03896807297605473
0 0.2061332250203087 0.39761687571265675 0.024151096669374494 0.037200684150513114
0 0.9307229894394802 0.36982896237172175 0.03516653127538587 0.06746294184720639
2 0.6062875710804224 0.29585518814139106 0.08585702680747359 0.01880273660205245
2 0.5811941510966694 0.6036887115165336 0.13255077173030055 0.021083238312428733
0 0.8367587327376117 0.40232041049030787 0.024427294882209585 0.0368757126567845
0 0.8888058489033306 0.4108380843785633 0.02991876523151909 0.05609464082098062
1 0.7072542648253453 0.39308437856328393 0.06982940698619008 0.02461801596351197
2 0.5670105605199025 0.2371664766248575 0.16480909829406987 0.021733181299885974
2 0.5349553208773354 0.18250285062713797 0.23674248578391552 0.024173318129988595
16 0.7929325751421609 0.7495438996579248 0.13221770917952883 0.04400798175598632
0 0.15842404549147035 0.4093842645381984 0.023590576766856212 0.043397947548460665
2 0.4032900081234768 0.21826681870011402 0.11528838342810722 0.02468643101482326
2 0.5527538586515028 0.20891106043329533 0.18932575142160846 0.020057012542759406
3 0.4989926888708367 0.3012827822120867 0.06457351746547522 0.02226339794754846
15 0.4746060113728676 0.24300456100342077 0.03809098294069862 0.0272690992018244
2 0.5237449228269699 0.575290763968073 0.1135093419983753 0.023523375142531357
