8 0.6810483870967742 0.5139589275527667 0.016963709677419354 0.07306332002281804
7 0.5393508064516128 0.18217912150598975 0.056943548387096775 0.020901312036508843
0 0.3106814516129032 0.25602966343411293 0.058701612903225814 0.030889903023388475
2 0.12495967741935483 0.184968625213919 0.019681451612903227 0.05847689674843126
15 0.17905645161290323 0.5763205932686822 0.019302419354838708 0.019988590986879634
15 0.5638427419354839 0.3260867084997148 0.016475806451612902 0.021232173416999428
0 0.2965241935483871 0.5985738733599544 0.04359274193548387 0.022835139760410725
15 0.6077983870967741 0.32916143753565313 0.016088709677419353 0.020901312036508843
0 0.6673104838709678 0.4160467769537935 0.023879032258064516 0.10612664004563604
15 0.6662298387096774 0.21941814033086138 0.020217741935483872 0.020610382201939535
2 0.11233870967741937 0.5257045065601825 0.019737903225806454 0.05280091272104963
2 0.7843427419354839 0.10763833428408442 0.07883870967741936 0.022424415288077582
11 0.7330443548387097 0.12556759840273818 0.02546774193548387 0.06717626925270964
15 0.5397540322580645 0.2224529378208785 0.01975806451612903 0.020878494010268114
0 0.3010806451612903 0.10114660581859669 0.03325403225806452 0.02167712492869367
2 0.22744354838709674 0.19227039361095266 0.017096774193548388 0.04403879064460924
0 0.29563709677419353 0.46523673702224755 0.040870967741935486 0.02517969195664575
2 0.7114556451612903 0.1472675413576726 0.018907258064516128 0.06277239018824872
0 0.30100806451612905 0.12692527096406162 0.032983870967741934 0.019960068454078723
0 0.6412540322580645 0.4176839703365659 0.024544354838709675 0.1098003422703936
2 0.5883830645161291 0.1153907586993725 0.03122983870967742 0.018910439247005133
11 0.7594354838709678 0.4819452367370223 0.023455645161290322 0.07581289218482602
3 0.7786975806451614 0.16882487164860238 0.021419354838709676 0.03612093553907587
15 0.6348104838709677 0.26822019395322305 0.016705645161290323 0.017683970336565887
8 0.5309193548387097 0.5039418140330861 0.018500000000000003 0.07492298916143754
15 0.589625 0.16466628636622935 0.019850806451612902 0.01827153451226469
2 0.5847459677419355 0.14258414147176268 0.023056451612903227 0.018174557900741586
0 0.5163629032258065 0.4067313177410154 0.021596774193548388 0.1087564175698802
2 0.6053629032258064 0.14411294922989162 0.021008064516129032 0.018516828294352538
15 0.22790725806451614 0.14982316029663434 0.015794354838709678 0.02035367940673132
2 0.22676209677419354 0.22815744438106103 0.01639516129032258 0.02881346263548203
6 0.6360403225806452 0.6608556759840274 0.013052419354838708 0.012818026240730177
