0 0.3758991935483871 0.14871648602395893 0.08160887096774193 0.03600684540787222
2 0.08422177419354838 0.2654592127780947 0.02095967741935484 0.08969766115231033
2 0.11060080645161291 0.26201369081574444 0.02031048387096774 0.06986309184255562
0 0.36678225806451614 0.11313177410154021 0.04146774193548387 0.02257843696520251
2 0.6251975806451613 0.08492869366799771 0.05766129032258065 0.028465487735310893
15 0.14759677419354839 0.541968054763263 0.019891129032258065 0.019800342270393612
0 0.7154879032258065 0.40348545350827153 0.02945564516129032 0.10367370222475757
0 0.3764233870967742 0.5404848830576156 0.0515 0.02865373645179692
2 0.11092741935483871 0.32190530519110094 0.017931451612903226 0.03006845407872219
0 0.3700766129032258 0.34328009127210496 0.03810887096774194 0.024289788933257273
15 0.7011290322580644 0.11145464917284655 0.022568548387096772 0.022886480319452365
0 0.37143548387096775 0.5068339988590987 0.05472983870967742 0.023023388476896747
15 0.5938749999999999 0.21362236166571594 0.01938709677419355 0.02338277239018825
2 0.11801612903225807 0.624500855675984 0.03751209677419355 0.09092413006274956
15 0.6594798387096774 0.2139589275527667 0.018661290322580647 0.025510553337136338
2 0.11146774193548387 0.2081403308613805 0.019915322580645163 0.03034227039361095
15 0.6782903225806451 0.15329720479178552 0.014435483870967741 0.018243011979463777
1 0.5746169354838709 0.16528807758128922 0.027798387096774194 0.014272675413576725
0 0.681241935483871 0.40862521391899603 0.02541532258064516 0.10387906446092413
