2 0.081176 0.420861 0.066275 0.115828
2 0.176078 0.506974 0.079216 0.037599
15 0.117255 0.394785 0.026667 0.047908
11 0.254118 0.432383 0.047451 0.061249
11 0.25451 0.358399 0.032941 0.090964
1 0.69098 0.680412 0.073333 0.037599
4 0.867843 0.514857 0.118431 0.029715
15 0.721961 0.619163 0.028235 0.046089
0 0.864706 0.479078 0.101176 0.044876
0 0.690196 0.483323 0.089412 0.041237
15 0.812549 0.325652 0.031373 0.051546
11 0.840784 0.308672 0.026667 0.10188
15 0.868235 0.27168 0.031373 0.04245
15 0.798431 0.268041 0.025882 0.048514
15 0.72902 0.26319 0.025882 0.043663
2 0.799216 0.232262 0.080392 0.036386
2 0.739216 0.202547 0.101569 0.038811
7 0.689412 0.160703 0.117647 0.035779
