3 0.73892 0.207192 0.018533 0.039954
3 0.788074 0.422374 0.03062 0.045091
1 0.513296 0.924087 0.022562 0.067922
16 0.446414 0.84532 0.04996 0.186644
2 0.294118 0.36758 0.026591 0.260845
2 0.327156 0.335616 0.028203 0.197489
2 0.360999 0.358447 0.028203 0.142694
1 0.365028 0.515411 0.024174 0.042808
0 0.508461 0.539954 0.086221 0.023973
0 0.550363 0.569635 0.04029 0.016553
15 0.677679 0.54395 0.044319 0.030251
11 0.680097 0.34532 0.089444 0.034817
15 0.726027 0.363014 0.04029 0.02911
5 0.825141 0.547374 0.027397 0.063927
15 0.849315 0.493151 0.039484 0.034247
2 0.930701 0.359018 0.028203 0.242009
2 0.880741 0.35274 0.020951 0.226598
15 0.86382 0.223744 0.035455 0.02968
5 0.827558 0.189498 0.021757 0.064498
2 0.834811 0.274543 0.025786 0.07363
2 0.793715 0.264269 0.021757 0.056507
2 0.750201 0.274543 0.020951 0.025685
2 0.706688 0.242009 0.02498 0.041096
11 0.640612 0.208904 0.081386 0.027397
15 0.678485 0.184932 0.045125 0.027397
15 0.631749 0.187785 0.042707 0.021689
15 0.588235 0.183219 0.037873 0.025685
0 0.435133 0.162671 0.034649 0.024543
0 0.438356 0.134132 0.034649 0.024543
0 0.452055 0.397831 0.034649 0.024543
0 0.531829 0.305936 0.034649 0.024543
