1 0.7545490196078432 0.3242449969678593 0.17678039215686275 0.05439053972104305
2 0.5760470588235295 0.3129472407519709 0.15710980392156862 0.04795633717404488
7 0.702278431372549 0.2573438447543966 0.13961176470588235 0.03430563978168587
8 0.49634901960784317 0.636403881140085 0.13678039215686275 0.03286840509399636
1 0.7376705882352941 0.7404366282595513 0.15101568627450979 0.05026682838083687
2 0.6794470588235294 0.5653062462098242 0.07230980392156862 0.12531837477258945
15 0.1743450980392157 0.7524681625227411 0.02496470588235294 0.046701030927835056
0 0.5081372549019608 0.59961188599151 0.09421960784313725 0.04731958762886598
0 0.5286745098039215 0.41779866585809583 0.08938823529411764 0.04234081261370527
7 0.5538392156862745 0.25342025469981805 0.14213333333333333 0.034869617950272894
