1 0.25658202337767033 0.2668643101482326 0.05297863764611044 0.01685860889395667
0 0.2909512293430069 0.362690992018244 0.016856106408706165 0.07007981755986317
2 0.1893994357114067 0.13001710376282782 0.10216041918581217 0.025553021664766248
1 0.15444175735590487 0.30539908779931585 0.055695284159613064 0.017548460661345498
5 0.11078194276501412 0.09602622576966933 0.0849496170898831 0.029977194982896235
4 0.19446997178557035 0.599127708095781 0.08157194679564692 0.030370581527936147
1 0.24760983474405485 0.16396237172177877 0.03740830310358726 0.02241163055872292
1 0.15886336154776298 0.16557012542759408 0.04711003627569528 0.02163055872291904
0 0.10428859330914954 0.36196693272519953 0.017424425634824665 0.0690193842645382
5 0.3018299072954454 0.09636830102622577 0.0828657799274486 0.029794754846066134
15 0.863031035872632 0.3833979475484607 0.05991535671100363 0.052537058152793616
