8 0.790726 0.610953 0.035081 0.013691
15 0.822581 0.495151 0.011694 0.017684
15 0.68629 0.56931 0.016532 0.022818
15 0.665323 0.59441 0.0125 0.019966
15 0.664113 0.55676 0.010887 0.015402
15 0.660081 0.511694 0.013306 0.018825
15 0.828629 0.302339 0.014516 0.016543
3 0.655242 0.148317 0.009677 0.013691
2 0.620968 0.167712 0.01129 0.032516
2 0.625403 0.137479 0.009677 0.032516
15 0.634274 0.159156 0.009677 0.013691
15 0.644355 0.145465 0.009677 0.013691
15 0.66371 0.198517 0.012097 0.015402
15 0.696774 0.176269 0.01129 0.015402
15 0.714919 0.15174 0.0125 0.018254
15 0.699194 0.12721 0.012097 0.017684
15 0.665726 0.120365 0.011694 0.017114
