2 0.552633064516129 0.7329492298916144 0.057209677419354836 0.027815173987450086
2 0.1717016129032258 0.5496349115801483 0.1351774193548387 0.027832287507130633
8 0.3026895161290322 0.440844266970907 0.014254032258064517 0.0610781517398745
2 0.5268185483870967 0.15049629207073587 0.2361048387096774 0.02702224757558471
2 0.44436290322580646 0.43904164289788933 0.07336290322580645 0.019104392470051343
2 0.5378145161290322 0.43723901882487165 0.07861693548387097 0.016645750142612666
2 0.5269475806451612 0.18897318881916714 0.23246370967741936 0.020479178551055334
2 0.5993467741935484 0.43587564175698806 0.047895161290322584 0.016314888762122077
7 0.684241935483871 0.20681118083285796 0.051959677419354845 0.019098687963491155
3 0.5097258064516128 0.6403080433542498 0.026568548387096776 0.031095265259555048
0 0.3250443548387097 0.3926183685111238 0.01706451612903226 0.04216200798630918
15 0.11497983870967741 0.5354078722190531 0.018741935483870965 0.02316600114090131
15 0.39888709677419354 0.34608100399315456 0.01674193548387097 0.021551625784369654
0 0.5131209677419355 0.3627153451226469 0.014169354838709678 0.03523103251568739
8 0.3673306451612903 0.439343981745579 0.014322580645161292 0.06340559041642899
8 0.6964475806451613 0.4303251568739304 0.013641129032258064 0.06148317170564746
15 0.6670241935483872 0.30764403879064456 0.019540322580645163 0.02030804335424986
8 0.7299838709677419 0.4303936109526526 0.01613709677419355 0.06426697090701654
2 0.3931209677419355 0.1881688533941814 0.03763709677419355 0.018596691386195095
0 0.6233266129032258 0.7171534512264689 0.022495967741935484 0.0938904734740445
0 0.5181129032258065 0.3599030233884769 0.01368548387096774 0.03415288077581289
15 0.3162701612903226 0.2518938961779806 0.017120967741935483 0.020165430690245293
0 0.3492983870967742 0.3776497432972048 0.02031451612903226 0.11638904734740445
2 0.6460645161290323 0.4314546491728466 0.0450241935483871 0.05782087849401027
0 0.45557661290322576 0.3593953223046206 0.014326612903225807 0.04294922989161438
0 0.4548185483870968 0.7204962920707358 0.022294354838709677 0.08952652595550485
15 0.5036854838709678 0.6885282373074729 0.018278225806451612 0.0198687963491158
15 0.600516129032258 0.6758071876782659 0.01836290322580645 0.020376497432972047
10 0.3629032258064516 0.21596691386195094 0.0533991935483871 0.01715915573302909
8 0.6963709677419355 0.43002852253280094 0.01625 0.062350256702795204
3 0.8329475806451613 0.6818482601254992 0.024403225806451614 0.024711922418710782
2 0.1742298387096774 0.15002281802624073 0.01628225806451613 0.061979463776383345
15 0.43794354838709676 0.3101083856246435 0.016314516129032258 0.021768397033656586
0 0.6778991935483871 0.37 0.022233870967741935 0.0961152310325157
3 0.08801612903225807 0.41714774671990873 0.027298387096774193 0.04086138049058756
3 0.08843951612903227 0.35365658870507705 0.026778225806451613 0.03870507701083856
15 0.12346370967741935 0.39213348545350823 0.013495967741935483 0.017992013690815743
15 0.1395524193548387 0.3929720479178551 0.015153225806451611 0.01823160296634341
15 0.20047983870967742 0.13666286366229322 0.018375 0.021112378779235594
15 0.2587822580645161 0.13738163148887622 0.01865725806451613 0.02049629207073588
15 0.2329354838709677 0.15988020536223616 0.012387096774193548 0.016583000570450656
15 0.22715725806451614 0.13141471762692528 0.010431451612903226 0.01831146605818597
15 0.23775403225806452 0.12003422703936109 0.010120967741935485 0.014563605248146035
2 0.23184274193548388 0.09972618368511123 0.02166532258064516 0.022253280091272105
3 0.19713709677419353 0.19357102110667426 0.025637096774193548 0.01520250998288648
3 0.2679274193548387 0.19318881916714206 0.02439516129032258 0.013354249857387337
2 0.49107258064516124 0.4384027381631489 0.016560483870967743 0.018642327438676554
11 0.40551612903225803 0.27693667997718197 0.04193145161290322 0.03908727895037079
15 0.5554516129032258 0.30973759269823165 0.018862903225806454 0.021973759269823163
15 0.6432862903225806 0.3424928693667998 0.01504032258064516 0.024962920707358813
15 0.7048266129032258 0.3058014831717057 0.01573790322580645 0.022755276668568167
0 0.7118951612903226 0.3688191671420422 0.02171774193548387 0.10069594980034227
0 0.28675 0.3696063890473474 0.023528225806451614 0.08337136337706788
15 0.5334435483870968 0.7089788933257273 0.01602016129032258 0.022230462065031376
6 0.8549032258064515 0.1759498003422704 0.036875 0.015921277809469482
