2 0.5821214713430283 0.1591935483870968 0.08711149130310807 0.018411290322580643
2 0.4312147134302823 0.1503951612903226 0.08323068149415454 0.016862903225806452
0 0.7901767892785857 0.4937822580645161 0.027134302822925577 0.03554032258064516
2 0.4175819788993442 0.18029032258064517 0.05214428286284574 0.016383064516129035
11 0.10918733960650129 0.24992741935483873 0.09398061020815511 0.046669354838709674
2 0.5974992871400057 0.19041935483870967 0.05346164813230682 0.01767338709677419
15 0.5769831765041346 0.30682661290322577 0.0469546621043627 0.01614516129032258
0 0.12023666951810665 0.47488306451612905 0.0273025377815797 0.02830241935483871
0 0.683601368691189 0.44749193548387095 0.01230966638152267 0.03827016129032258
0 0.26898488736812093 0.2421048387096774 0.04637867122897063 0.015391129032258066
1 0.4197718848018249 0.35704032258064516 0.02673510122611919 0.011818548387096773
2 0.6329854576561164 0.18515725806451613 0.021129170230966637 0.017298387096774195
0 0.3291103507271172 0.4475927419354839 0.011793555745651553 0.0402258064516129
2 0.3834274308525806 0.1802459677419355 0.018771029369831764 0.015870967741935485
11 0.5578100940975192 0.24512096774193548 0.022278300541773596 0.048451612903225805
0 0.6679783290561734 0.4464072580645161 0.012355289421157684 0.04218145161290322
11 0.1833418876532649 0.23156854838709676 0.04946678072426575 0.022100806451612904
0 0.34488451668092385 0.4453104838709677 0.01355004277159966 0.06616935483870967
15 0.4255916737952666 0.3310201612903226 0.017080125463358995 0.019568548387096776
0 0.36108925007128595 0.44652822580645163 0.01219275734245794 0.039129032258064515
0 0.6513031080695751 0.44676209677419354 0.018209295694325636 0.1155040322580645
11 0.6525377815796977 0.29466935483870965 0.016911890504704877 0.042774193548387095
8 0.7179070430567436 0.24058064516129032 0.056424294268605645 0.021850806451612904
1 0.6010978043912176 0.25968548387096774 0.026891930424864558 0.012008064516129032
11 0.42842885657256913 0.29336290322580644 0.014299971485600228 0.04434677419354839
6 0.23312802965497578 0.19416129032258064 0.026783575705731397 0.010733870967741936
10 0.6713173652694611 0.6665846774193549 0.04411462788708298 0.016205645161290323
0 0.48331052181351586 0.4474717741935484 0.015218135158254919 0.12014112903225806
1 0.48333903621328766 0.33806451612903227 0.04858568577131451 0.01180241935483871
0 0.4550499001996008 0.4520725806451613 0.017667522098659825 0.11370564516129032
0 0.5260735671514115 0.4005887096774194 0.012520672939834615 0.04466129032258065
2 0.40876817792985454 0.39815725806451613 0.044479612204163105 0.014346774193548387
11 0.37339891645280865 0.25274193548387097 0.017798688337610495 0.05138709677419355
15 0.4672112917023097 0.2897056451612903 0.04523809523809524 0.02359677419354839
2 0.3980553179355575 0.3353266129032258 0.030775591673795268 0.01415725806451613
15 0.5571314513829484 0.11535887096774193 0.09381237524950099 0.02621774193548387
2 0.5793783860849729 0.21603629032258065 0.015203877958368977 0.013633064516129034
0 0.6322184203022526 0.44648790322580645 0.01112346735101226 0.04876612903225806
2 0.4043598517251212 0.20371370967741934 0.013718277730253779 0.016254032258064516
3 0.4277216994582264 0.6119233870967742 0.01594525235243798 0.024120967741935485
3 0.42475335044197315 0.6373548387096775 0.014462503564299971 0.02359677419354839
3 0.3847077274023382 0.6601653225806452 0.012976903336184772 0.022024193548387097
1 0.5437810094097519 0.6758951612903226 0.03596806387225549 0.013633064516129034
