16 0.44930589184826475 0.8452565564424173 0.04577885391444713 0.18334093500570126
15 0.8634463276836157 0.22582668187001143 0.03533494753833737 0.02831242873432155
2 0.7929055690072639 0.2636031927023945 0.022195318805488296 0.05399657924743443
11 0.6787812752219532 0.34401938426453815 0.09282485875706215 0.036009122006841504
15 0.5871267150928168 0.187018244013683 0.03415657788539145 0.02757126567844926
11 0.6435593220338983 0.20969213226909922 0.07836158192090396 0.026887115165336373
5 0.8267150928167877 0.18883124287343214 0.02434221146085553 0.06604903078677309
2 0.8374495560936238 0.27249144811858605 0.024221146085552866 0.07543329532497149
2 0.36029055690072637 0.35602622576966936 0.026836158192090395 0.14363169897377423
2 0.298410008071025 0.3652793614595211 0.025189669087974174 0.25694982896237173
0 0.4538579499596449 0.39594070695553024 0.03730427764326069 0.02513683010262258
2 0.3258999192897498 0.32820410490307866 0.03123486682808717 0.19304446978335235
5 0.827223567393059 0.5457354618015964 0.02420500403551251 0.06660775370581527
2 0.9341404358353511 0.35808437856328396 0.028829701372074253 0.24826681870011402
2 0.8909281678773203 0.3522177879133409 0.03715092816787732 0.2270581527936146
0 0.5088539144471348 0.5439053591790194 0.07948345439870864 0.023950969213226907
15 0.6765778853914447 0.5438141391106044 0.036900726392251816 0.026681870011402507
15 0.850863599677159 0.49035347776510835 0.037497982243744954 0.033352337514253136
0 0.5340839386602099 0.30828392246294184 0.036674737691686846 0.02419612314709236
0 0.43979822437449556 0.1354903078677309 0.03413236481033091 0.02054161915621437
15 0.6293866020984664 0.18608893956670466 0.03946731234866828 0.024332953249714937
1 0.37026634382566587 0.5176795895096922 0.020024213075060533 0.03839224629418472
3 0.7407344632768361 0.20396237172177878 0.019515738498789344 0.03594070695553021
0 0.4460694108151735 0.15860319270239454 0.05340597255851493 0.01821550741163056
15 0.6745843422114608 0.1890193842645382 0.03656174334140436 0.02419612314709236
0 0.5499354317998386 0.5696864310148233 0.03655367231638418 0.01838084378563284
2 0.7063034705407587 0.2393386545039909 0.025875706214689268 0.04643101482326112
15 0.7235189669087975 0.3522805017103763 0.042768361581920905 0.04247434435575827
1 0.7877078288942696 0.20339224629418473 0.01956416464891041 0.04046750285062714
3 0.7888539144471348 0.4191904218928164 0.02686037126715093 0.037782212086659064
2 0.7457627118644068 0.27405359179019384 0.02040355125100888 0.03402508551881414
