0 0.6875231948366276 0.37797374429223746 0.04851149657119807 0.04111301369863014
16 0.8812747075433642 0.7043550228310502 0.15604275917708754 0.03583904109589041
5 0.43424364663170634 0.20817922374429224 0.05282775312626059 0.01648972602739726
15 0.34106091165792657 0.4234817351598174 0.023666801129487696 0.02514840182648402
15 0.11563937071399759 0.26503995433789956 0.023219039935457847 0.02764269406392694
15 0.6603428801936264 0.2833390410958904 0.022775312626058895 0.026261415525114153
15 0.31983461073013314 0.49446347031963467 0.022327551432029046 0.0320662100456621
15 0.16591367486889874 0.27184931506849314 0.02261799112545381 0.02862442922374429
2 0.24783783783783783 0.5158961187214612 0.05336425978217023 0.012819634703196348
0 0.33136748688987494 0.3397203196347032 0.03398144413069786 0.039474885844748855
2 0.5202662363856394 0.4685216894977169 0.16334005647438485 0.021050228310502284
2 0.4044211375554659 0.16467465753424657 0.401686163775716 0.037579908675799086
2 0.4241024606696248 0.6108732876712328 0.34935054457442516 0.03543949771689498
0 0.37493344090359015 0.34034817351598173 0.03664380798709157 0.03843036529680365
2 0.21800726099233564 0.20538242009132418 0.05985074626865672 0.029520547945205478
0 0.6447559499798305 0.3453881278538813 0.04417910447761194 0.030884703196347032
0 0.10134328358208955 0.3527454337899543 0.04370713997579669 0.0403310502283105
2 0.3973739411052844 0.47939497716894974 0.08122226704316256 0.02797945205479452
0 0.07563130294473579 0.3991495433789954 0.03954417103670835 0.03518835616438356
15 0.3889632916498588 0.42933219178082194 0.02101653892698669 0.02164383561643836
5 0.5469907220653489 0.255513698630137 0.05385235982250908 0.01785958904109589
2 0.5073578055667608 0.5033961187214612 0.1836506655909641 0.01910958904109589
0 0.2857966922146027 0.3901312785388128 0.04105687777329568 0.03264840182648402
2 0.9311940298507462 0.36480593607305933 0.03860427591770876 0.1153310502283105
5 0.2955264219443324 0.6519920091324201 0.051565147236789025 0.01812785388127854
1 0.4732997176280758 0.24828196347031964 0.039685356998789834 0.01849885844748858
0 0.1638644614764018 0.33793378995433787 0.045260185558693024 0.03166095890410959
2 0.45354578459056066 0.545222602739726 0.29211375554659136 0.016444063926940637
2 0.443170633319887 0.5736472602739726 0.3117749092375958 0.028299086757990866
0 0.13701492537313434 0.3917294520547945 0.03393303751512707 0.030913242009132418
5 0.14767648245260184 0.1756392694063927 0.051629689390883415 0.01773972602739726
15 0.24411052843888664 0.3418550228310502 0.024041952400161357 0.030616438356164385
1 0.21789027833803953 0.6117408675799086 0.03841064945542558 0.01742009132420091
0 0.2173215006050827 0.35146689497716893 0.023840258168616377 0.016455479452054795
2 0.5012908430818879 0.526244292237443 0.19497377974989916 0.015319634703196347
3 0.17530052440500202 0.4814383561643836 0.030960064542154095 0.014640410958904108
1 0.22229931423961277 0.24932648401826485 0.06398951189995966 0.013573059360730595
1 0.568511496571198 0.4116666666666667 0.03225090762404195 0.013864155251141552
2 0.8358370310609117 0.24152397260273972 0.06626462283178701 0.032751141552511416
