2 0.43174193548387096 0.22107244723331432 0.1283709677419355 0.037706788362806616
0 0.4650161290322581 0.39924130062749574 0.043266129032258065 0.0841528807758129
0 0.10212903225806452 0.37258984597832284 0.04183870967741936 0.06775242441528807
2 0.25418548387096773 0.32426697090701656 0.028508064516129035 0.11598402738163148
2 0.4358387096774194 0.31852253280091275 0.029588709677419354 0.1030747290359384
2 0.27395967741935484 0.22034227039361096 0.13371774193548389 0.036206503137478606
2 0.35161290322580646 0.18501996577296062 0.10745967741935483 0.039138619509412435
2 0.5326129032258065 0.3752310325156874 0.03039516129032258 0.10799201369081575
0 0.14774193548387096 0.37994865944095835 0.03930645161290323 0.08216771249286936
15 0.8141451612903225 0.13109526525955506 0.0634758064516129 0.05585852823730748
2 0.7601451612903226 0.45323445521962347 0.2897983870967742 0.040370792926411866
0 0.20296774193548386 0.3894751853964632 0.046354838709677416 0.0900969766115231
