7 0.308541810642709 0.232884834663626 0.13553559087767797 0.024794754846066136
7 0.5598548721492743 0.2322576966932725 0.13355908776779543 0.0246636259977195
15 0.7564270905321354 0.3142816419612315 0.04412577747062889 0.04439566704675029
15 0.5946786454733932 0.4301539338654504 0.0403317208016586 0.03701254275940707
15 0.2984450587422253 0.1876339794754846 0.045632342778161715 0.04755986316989738
2 0.3790186592950933 0.7011174458380843 0.11419488597097444 0.02193842645381984
15 0.288914996544575 0.31433295324971494 0.039785763648928815 0.040364880273660204
15 0.5653835521769178 0.1881641961231471 0.04380787836903939 0.04484036488027366
0 0.8339944713199723 0.40124287343215503 0.0729440221147201 0.028831242873432156
15 0.6893572909467864 0.40798745724059293 0.04194194885970974 0.04119156214367161
2 0.43346924671734627 0.19069555302166477 0.21938493434692466 0.021014823261117446
0 0.7541326883206635 0.42749144811858614 0.07451969592259848 0.03286773090079818
15 0.5119488597097442 0.5223888255416191 0.04151347615756738 0.044692132269099204
15 0.8990117484450587 0.30725769669327246 0.050421561852107805 0.0451254275940707
2 0.2308638562543193 0.31843215507411626 0.05919143054595716 0.08547320410490307
2 0.4083828610919143 0.7373717217787913 0.17326192121630962 0.020820980615735462
15 0.3522252937111265 0.5231527936145952 0.04722183828610919 0.04442417331812999
15 0.29060815480304075 0.40765678449258835 0.04034554250172771 0.036602052451539344
2 0.3167519004837595 0.4414253135689852 0.11523151347615758 0.019492588369441274
3 0.2615411195577056 0.6827879133409349 0.045183137525915684 0.016083238312428735
4 0.7527712508638562 0.46586659064994296 0.13812024879060125 0.024549600912200684
5 0.16856254319281272 0.3242018244013683 0.10850725639253628 0.024047890535917903
0 0.9016171389080858 0.36558152793614596 0.07167242570836213 0.03411060433295325
4 0.6482100898410504 0.5222690992018244 0.13984796129923982 0.02396807297605473
2 0.4348790601243953 0.263563283922463 0.11592950932964755 0.03348346636259977
4 0.17856945404284727 0.39734321550741164 0.13228749136143744 0.022194982896237173
0 0.6423151347615756 0.49755416191562146 0.10407049067035246 0.03111174458380844
2 0.31573600552868003 0.26175598631698976 0.12101589495507949 0.018939566704675028
