2 0.7472038678485092 0.1373960113960114 0.2366116035455278 0.022632478632478633
8 0.10280419016921837 0.6501196581196581 0.009077356970185335 0.04622792022792022
2 0.3580862207896857 0.1208034188034188 0.11400886381950041 0.019168091168091168
2 0.23833199033037872 0.12047293447293447 0.12274375503626107 0.020222222222222225
0 0.38201450443190976 0.5914757834757834 0.01909750201450443 0.0792934472934473
2 0.4965954875100725 0.6339259259259259 0.05654311039484287 0.015572649572649571
0 0.13294117647058823 0.3069002849002849 0.011676067687348912 0.03676353276353276
8 0.4309871071716358 0.6452364672364673 0.010765511684125704 0.047994301994302
11 0.7061039484286865 0.49723646723646725 0.02890008058017728 0.051424501424501425
2 0.2929331184528606 0.08885470085470085 0.2334528605962933 0.02264957264957265
0 0.736027397260274 0.5947749287749288 0.02018130539887188 0.06086609686609686
0 0.8823086220789685 0.3074358974358974 0.012087026591458501 0.03932763532763533
2 0.5774093473005641 0.43324216524216524 0.23004431909750203 0.02133903133903134
15 0.4028162771958098 0.474011396011396 0.013827558420628525 0.017487179487179486
15 0.6080096696212731 0.17818233618233617 0.019637389202256245 0.017458689458689457
2 0.6704633360193392 0.5548774928774929 0.03558420628525383 0.016148148148148148
0 0.5809629331184529 0.3033618233618233 0.014613215149073329 0.04752136752136753
0 0.1531184528605963 0.31072934472934477 0.010519742143432716 0.02969230769230769
8 0.39449234488315876 0.6678746438746438 0.010157131345688962 0.047846153846153844
0 0.4197743755036262 0.5907122507122508 0.013883964544721999 0.0785925925925926
0 0.43419419822723615 0.3064672364672365 0.010713134568896051 0.042638176638176636
0 0.5992747784045125 0.31003418803418803 0.013424657534246575 0.038364672364672364
15 0.3421756647864625 0.5313390313390314 0.016031426269137793 0.018324786324786322
10 0.43487107171635775 0.49841595441595443 0.03302175664786462 0.014962962962962964
0 0.5993553585817888 0.5907692307692307 0.015842062852538277 0.07069515669515669
0 0.23056406124093473 0.2299031339031339 0.020660757453666398 0.06677492877492877
2 0.6074053182917002 0.6335498575498576 0.13240934730056406 0.015116809116809118
2 0.3523730862207897 0.6053162393162392 0.02178082191780822 0.15796011396011397
0 0.7114907332796132 0.6031680911680911 0.014375503626107978 0.08424501424501424
15 0.6802377115229653 0.5888945868945868 0.01419016921837228 0.017487179487179486
15 0.45977840451248997 0.639965811965812 0.012848509266720386 0.018376068376068377
2 0.6351692183722805 0.4526609686609686 0.11487912973408541 0.019304843304843305
2 0.170044319097502 0.15116809116809118 0.02508863819500403 0.015270655270655272
2 0.5325382755842063 0.6338746438746439 0.01574133763094279 0.01675783475783476
2 0.5231829170024174 0.4495612535612536 0.11420628525382755 0.015367521367521366
2 0.45325946817082996 0.4483475783475784 0.02103948428686543 0.01463817663817664
2 0.12783642224012895 0.6337378917378917 0.03499194198227236 0.016672364672364673
15 0.10763094278807413 0.595977207977208 0.015390813859790492 0.01577777777777778
15 0.12777598710717164 0.6091623931623931 0.013440773569701853 0.017566951566951566
0 0.40553182917002417 0.6078005698005698 0.013287671232876712 0.03558974358974359
15 0.2823690572119259 0.5470826210826211 0.011583400483481063 0.017196581196581195
2 0.2383279613215149 0.15147008547008547 0.11600725221595488 0.015903133903133904
15 0.6977115229653506 0.5888831908831909 0.010777598710717163 0.01609116809116809
15 0.44550362610797745 0.673880341880342 0.012715551974214343 0.013601139601139602
8 0.7240048348106366 0.6563988603988604 0.010108783239323127 0.0496980056980057
7 0.7380217566478646 0.7387692307692307 0.03595487510072522 0.013606837606837606
2 0.6840975020145045 0.6342905982905983 0.01964544721998388 0.017646723646723646
15 0.7059991941982272 0.6817834757834758 0.011414182111200644 0.015766381766381767
15 0.28178887993553586 0.5637094017094016 0.010882352941176471 0.014643874643874644
15 0.1752054794520548 0.5851054131054131 0.014867042707493956 0.014643874643874644
15 0.1344560838033844 0.5730940170940171 0.014069298952457697 0.015390313390313392
15 0.16445608380338436 0.6331623931623932 0.011946011281224819 0.017646723646723646
15 0.6888759065269944 0.5103988603988604 0.01274375503626108 0.014643874643874644
15 0.6193271555197422 0.6735213675213675 0.013271555197421434 0.01802279202279202
3 0.26825141015310233 0.4935042735042735 0.01831587429492345 0.029658119658119656
0 0.18104754230459308 0.6365413105413106 0.018581788879935536 0.08147008547008547
8 0.1943190975020145 0.6571908831908831 0.009556809024979854 0.052182336182336184
0 0.08972602739726027 0.6335384615384615 0.01804995970991136 0.08071794871794871
