2 0.4787993553585818 0.5453903133903134 0.06507252215954874 0.029413105413105413
2 0.21298146655922642 0.46886609686609687 0.16302175664786464 0.025572649572649573
0 0.6687912973408542 0.3376353276353276 0.023847703464947623 0.08554415954415955
0 0.6438638195004028 0.344022792022792 0.02201450443190975 0.06866096866096866
2 0.2163013698630137 0.09532193732193732 0.16744963738920227 0.021321937321937323
2 0.8316317485898469 0.16259829059829062 0.07269943593875906 0.01615954415954416
0 0.2074012892828364 0.3165754985754986 0.0217767929089444 0.06326495726495726
15 0.6824899274778404 0.24602849002849 0.01760676873489122 0.019014245014245014
0 0.9299033037872684 0.333037037037037 0.027381144238517324 0.09695726495726495
2 0.22823932312651088 0.12461538461538461 0.13152699435938758 0.020045584045584045
2 0.8216116035455278 0.10001709401709402 0.15747381144238518 0.022552706552706553
0 0.07918614020950845 0.3293105413105413 0.017719580983078163 0.039669515669515674
0 0.6980741337630942 0.3386552706552707 0.023247381144238518 0.08398860398860399
2 0.8363174858984689 0.12802849002849004 0.12458098307816276 0.0194017094017094
2 0.7276188557614827 0.128 0.0316116035455278 0.016564102564102564
8 0.681941982272361 0.40899145299145295 0.012767929089443998 0.056962962962962965
2 0.8835374697824335 0.15909401709401708 0.023996776792908944 0.01607977207977208
0 0.10466559226430297 0.3290256410256411 0.018178887993553584 0.038341880341880345
2 0.12466559226430299 0.27536182336182335 0.022699435938759067 0.017458689458689457
2 0.30257453666398065 0.27615384615384614 0.02941982272360999 0.01911111111111111
0 0.4084085414987913 0.6584045584045584 0.021240934730056407 0.09706552706552707
2 0.5846615632554392 0.5771396011396012 0.043267526188557615 0.01410826210826211
0 0.10574939564867043 0.6716125356125356 0.017203867848509267 0.05203418803418803
0 0.31780419016921835 0.32934472934472936 0.017183722804190168 0.041094017094017096
2 0.21653908138597908 0.2758917378917379 0.1518009669621273 0.017458689458689457
15 0.6637308622078969 0.17556695156695157 0.017852538275584206 0.023287749287749286
2 0.6639645447219984 0.6158233618233618 0.016518936341659952 0.06561823361823362
0 0.31603142626913777 0.6734985754985755 0.016390008058017727 0.049002849002849
7 0.8113053988718776 0.5056695156695157 0.05187348912167607 0.015903133903133904
15 0.9304915390813859 0.22170370370370368 0.017868654311039484 0.021492877492877493
3 0.722256244963739 0.6720911680911681 0.023279613215149073 0.028188034188034186
0 0.38831990330378724 0.6739601139601139 0.021333601933924255 0.06256410256410257
15 0.8202215954875101 0.22142450142450143 0.017159548751007253 0.019977207977207978
15 0.7360958904109589 0.328017094017094 0.016575342465753425 0.024552706552706555
15 0.745 0.6012706552706553 0.01643432715551974 0.018256410256410255
15 0.7183118452860596 0.28007407407407403 0.01686140209508461 0.019532763532763533
2 0.15253424657534245 0.12441595441595442 0.03176067687348912 0.017413105413105413
2 0.7276470588235294 0.5625242165242166 0.04752215954875101 0.017435897435897435
2 0.7828485092667203 0.1586837606837607 0.028666398066075748 0.01525925925925926
2 0.7641861402095085 0.1277150997150997 0.02969379532634972 0.01651851851851852
3 0.14934327155519742 0.25192022792022795 0.01958098307816277 0.021094017094017096
2 0.5998468976631748 0.59797150997151 0.03933521353746978 0.016370370370370372
15 0.4583319903303787 0.6003532763532763 0.01403706688154714 0.015321937321937323
15 0.7767284448025785 0.6550598290598291 0.016804995970991138 0.017937321937321938
11 0.756784850926672 0.5668547008547009 0.030741337630942788 0.024239316239316237
6 0.5887590652699436 0.44664957264957267 0.020543916196615632 0.012256410256410256
2 0.7602054794520547 0.6712022792022793 0.015040290088638194 0.05688888888888889
15 0.12336019339242546 0.5994529914529915 0.019351329572925062 0.019014245014245014
0 0.07769943593875907 0.6713618233618234 0.015539887187751813 0.04859259259259259
2 0.5818936341659952 0.6803817663817664 0.03999597099113618 0.01667806267806268
15 0.7613456889605158 0.6134472934472934 0.017034649476228847 0.019133903133903132
2 0.5924174053182918 0.702051282051282 0.03597502014504432 0.013772079772079773
15 0.6545487510072522 0.6386780626780627 0.01603948428686543 0.019122507122507123
15 0.42571313456889603 0.6036182336182335 0.014415793714746173 0.019555555555555555
15 0.7847985495568089 0.2220797720797721 0.011970185334407735 0.02094017094017094
15 0.40836825141015315 0.5947065527065527 0.01524979854955681 0.018592592592592595
15 0.7745648670427075 0.19944729344729342 0.012506043513295729 0.019133903133903132
15 0.8007292506043514 0.19186894586894587 0.014294923448831586 0.017686609686609685
15 0.8636502820306204 0.1915042735042735 0.015060435132957293 0.017686609686609685
3 0.27618452860596293 0.249988603988604 0.01837630942788074 0.0212991452991453
