8 0.5009112903225806 0.3560011409013121 0.10356451612903225 0.019857387335995437
0 0.5005564516129033 0.3383856246434684 0.05784677419354839 0.016697090701654305
5 0.8726612903225806 0.2405875641756988 0.10243548387096774 0.023148887621220762
15 0.584274193548387 0.15248716486023958 0.04385483870967742 0.03257843696520251
15 0.22506451612903225 0.24087278950370794 0.04362096774193549 0.03479178551055334
15 0.2626612903225806 0.1814717626925271 0.04417741935483871 0.03658870507701084
15 0.7772258064516129 0.224249857387336 0.03993548387096774 0.034341129492298915
2 0.8111451612903227 0.18687963491158016 0.022096774193548385 0.07308043354249859
2 0.48970967741935484 0.14745008556759842 0.07612096774193548 0.02067313177410154
5 0.24650000000000002 0.1295436394751854 0.10462096774193548 0.023553907586993723
15 0.6315725806451613 0.27151169423844834 0.04705645161290323 0.03807758128921848
0 0.5002661290322581 0.2813633770678836 0.06676612903225806 0.018128921848260125
0 0.5007016129032258 0.314592127780947 0.07476612903225806 0.017016543069024528
2 0.16391129032258064 0.19569880205362236 0.021266129032258066 0.056354820308043355
16 0.857540322580645 0.657153451226469 0.1606532258064516 0.05764974329720479
