15 0.14047347404449514 0.6108592174263816 0.04561038220193953 0.022137958854376766
2 0.3642213348545351 0.18578862444534086 0.1932401597261837 0.02084308188785801
2 0.2412749572162008 0.3918757563533683 0.060593268682258984 0.013977410246066961
0 0.501779806046777 0.47027833803953206 0.021195094124358244 0.07219039935457847
2 0.41799201369081573 0.3926421944332392 0.08448659440958356 0.013743444937474788
2 0.3120821448944667 0.136304961678096 0.3058899030233885 0.02192416296893909
7 0.1197062179121506 0.654864864864865 0.05033086138049059 0.016502622025010082
0 0.5314575014261266 0.4700484066155708 0.020547632629777525 0.0699919322307382
15 0.4811751283513976 0.5907745058491327 0.04697661152310325 0.023299717628075835
2 0.33367084997147745 0.5433642597821702 0.09553907586993725 0.01445744251714401
7 0.14495151169423845 0.3713513513513514 0.05090416428978893 0.0145582896329165
8 0.0710467769537935 0.14926986688180718 0.06258984597832287 0.01580475998386446
15 0.41580433542498574 0.586627672448568 0.046879634911580155 0.024106494554255748
0 0.07070450656018254 0.4694997983057685 0.013103251568739304 0.03763210972166196
8 0.5053337136337707 0.3217749092375958 0.05985168282943525 0.01827753126260589
2 0.29223046206503134 0.5659136748688988 0.04244438106103822 0.01327148043565954
15 0.38439817455790076 0.5245300524405002 0.019503707929264116 0.05778136345300525
8 0.08262122076440388 0.18923356192012908 0.06414147176269253 0.015506252521177894
0 0.10386765544780377 0.4723840258168616 0.017370222475755846 0.06170633319887051
1 0.12225898459783228 0.6751754739814442 0.0451939532230462 0.013569987898346108
7 0.42126354820308043 0.6166397741024607 0.05295493439817456 0.01735377168212989
15 0.07247860810039931 0.22564743848325938 0.042875071306332 0.02006857603872529
1 0.18919281232173416 0.20288826139572408 0.044312606959498006 0.014122630092779346
2 0.17162578436965203 0.3161274707543364 0.011283513976041073 0.018749495764421135
2 0.17501140901312037 0.39281565147236785 0.038993154592127786 0.012686567164179104
15 0.20524814603536795 0.5536103267446552 0.016326297775242443 0.059108511496571196
2 0.7872561323445522 0.5612222670431626 0.055810039931545916 0.027511093182734973
0 0.5620022818026241 0.4698467123840258 0.015039931545921276 0.043061718434852764
2 0.19860239589275527 0.3914643001210166 0.027484312606959497 0.013166599435256152
3 0.1720907016543069 0.277148043565954 0.01939247005134056 0.03901573215006051
3 0.7533599543639475 0.5520855183541751 0.014945807187678265 0.023981444130697863
0 0.03169423844837422 0.47060508269463497 0.013345693097547061 0.037269060104881
2 0.7857073588134627 0.3808108108108108 0.05389332572732458 0.027059298104074224
15 0.17269537934968626 0.5868697055264219 0.016069594980034227 0.05972569584509883
2 0.7508841985168283 0.49787010891488503 0.015439247005134056 0.05238402581686164
2 0.8006845407872218 0.6218475191609519 0.01966058185966914 0.07478822105687778
3 0.3927153451226469 0.31405405405405407 0.01677980604677695 0.018668818071803147
