11 0.7704153225806452 0.2680091272104963 0.059782258064516126 0.0772561323445522
15 0.14595967741935484 0.5856816885339419 0.026971774193548386 0.031391899600684545
0 0.6585846774193548 0.30533371363377065 0.025346774193548388 0.028893325727324587
0 0.11548790322580646 0.36661152310325157 0.013318548387096774 0.04762122076440388
3 0.26271370967741936 0.2098003422703936 0.019399193548387098 0.019247005134055906
16 0.9329637096774194 0.5976383342840845 0.05435887096774194 0.03762122076440388
2 0.2986975806451613 0.3027096406160867 0.07338306451612904 0.014962920707358813
2 0.3009435483870968 0.06913861950941244 0.06066935483870968 0.013451226468910438
2 0.27477016129032256 0.2603822019395322 0.06277016129032258 0.013542498573873359
2 0.2736693548387097 0.49213918996006845 0.052592741935483876 0.011796919566457502
2 0.29911693548387097 0.6599087278950371 0.050532258064516125 0.015624643468339989
7 0.24719354838709676 0.12236737022247575 0.05736290322580645 0.01989161437535653
1 0.2559274193548387 0.5972047917855106 0.024487903225806452 0.012703936109526526
0 0.21026612903225808 0.3607872219053052 0.012201612903225807 0.03353679406731318
11 0.7199395161290323 0.2150427837992014 0.029266129032258063 0.027780946948088994
0 0.396875 0.3610781517398745 0.013733870967741936 0.036263548203080434
0 0.1599032258064516 0.3603080433542499 0.014524193548387097 0.06379349686252139
