2 0.6736327345309381 0.4271814516129033 0.07882235528942116 0.010778225806451613
0 0.7534673510122611 0.466883064516129 0.04246364414029084 0.01949193548387097
0 0.17328485885372114 0.35647177419354836 0.04411462788708298 0.013883064516129032
0 0.623555745651554 0.48489516129032256 0.04302252637581979 0.013947580645161292
0 0.4760051325919589 0.3927459677419355 0.05623324779013402 0.014467741935483872
2 0.6785115483319076 0.2938991935483871 0.05663244938694041 0.011149193548387096
5 0.6261334473909324 0.5070725806451613 0.03972055888223553 0.01442741935483871
12 0.48782720273738234 0.6496169354838709 0.08758768177929856 0.013725806451612903
0 0.6244083262047334 0.4928951612903226 0.043592814371257484 0.01345967741935484
12 0.4815825491873396 0.6628790322580645 0.06931850584545195 0.01504435483870968
2 0.7123353293413173 0.274866935483871 0.04116053607071571 0.011383064516129032
