5 0.28245967741935485 0.2396006845407872 0.1019758064516129 0.025630347974900172
16 0.8038951612903226 0.607529948659441 0.17964516129032257 0.05486023958927553
15 0.25116935483870967 0.42021106674272674 0.04448387096774193 0.03607529948659441
11 0.6222822580645161 0.5868397033656588 0.04075 0.0639189960068454
3 0.5596209677419355 0.6336394751853964 0.02711290322580645 0.03319452367370222
15 0.15220967741935484 0.30519680547632627 0.040112903225806455 0.03276098117512835
2 0.4576048387096774 0.5874158585282373 0.021556451612903225 0.06184255561893896
3 0.45608064516129027 0.630433542498574 0.027943548387096773 0.026240730176839703
15 0.20488709677419356 0.30688533941814033 0.03541129032258064 0.032053622361665715
0 0.72175 0.21939532230462067 0.03986290322580645 0.03405590416428979
0 0.4955322580645162 0.07623502567027951 0.030612903225806454 0.018933257273245862
10 0.264508064516129 0.18292641186537364 0.07153225806451613 0.025482030804335427
2 0.5236290322580645 0.5435539075869937 0.07637096774193548 0.015459212778094696
