2 0.5370581527936146 0.16523579201934704 0.01805017103762828 0.037726723095525994
1 0.6998517673888255 0.1789802498992342 0.015262257696693272 0.04454252317613865
2 0.791921322690992 0.46707779121322046 0.01909350057012543 0.04311164852881902
3 0.6292132269099202 0.15762192664248287 0.019230330672748003 0.015973397823458284
1 0.462502850627138 0.43898831116485293 0.01961801596351197 0.04417976622329706
0 0.6832896237172178 0.48779927448609434 0.03441277080957811 0.014534461910519953
1 0.461060433295325 0.1828415961305925 0.015678449258836945 0.045078597339782346
0 0.6234834663625998 0.047355904877065695 0.11422462941847206 0.024091092301491337
1 0.6796864310148233 0.4297783151954857 0.015752565564424174 0.04552599758162031
2 0.819806157354618 0.3031318016928658 0.022964652223489167 0.3249093107617896
15 0.771527936145952 0.37559048770656994 0.029618015963511973 0.025465538089480048
2 0.7605074116305588 0.42164046755340584 0.052708095781071836 0.018847239016525595
15 0.5146636259977195 0.12321644498186214 0.03188141391106043 0.018702136235388956
2 0.5911516533637401 0.12188633615477629 0.04758836944127708 0.0137726723095526
2 0.6160091220068415 0.4992220878677952 0.05408779931584949 0.0301894397420395
0 0.6287001140250855 0.08962918178153971 0.11862029646522235 0.02306328093510681
7 0.8140478905359179 0.09539298669891172 0.022240592930444697 0.045074566706973
8 0.5330615735461801 0.060016122531237406 0.06227480045610034 0.0141515517936316
2 0.5705017103762827 0.4562676340185409 0.020017103762827823 0.02358726320032245
