12 0.294332 0.347451 0.120339 0.024706
2 0.243104 0.324706 0.150349 0.03451
3 0.073962 0.404706 0.084874 0.033333
2 0.333737 0.512157 0.092149 0.163529
15 0.303122 0.632157 0.024553 0.029804
0 0.393453 0.659608 0.117308 0.058431
7 0.533495 0.731765 0.101546 0.019216
2 0.574416 0.68549 0.082449 0.030196
2 0.668687 0.732549 0.10973 0.030196
0 0.836011 0.692549 0.095787 0.031765
0 0.837223 0.656078 0.092149 0.029412
13 0.829948 0.623922 0.073659 0.018824
3 0.708093 0.555294 0.060321 0.033725
0 0.859351 0.494118 0.055471 0.033725
1 0.732343 0.467451 0.085177 0.03098
2 0.653531 0.371373 0.10488 0.030588
2 0.6214 0.321569 0.08548 0.031373
