15 0.860484 0.064461 0.062097 0.036509
2 0.709677 0.509412 0.341129 0.041072
2 0.633065 0.314318 0.050806 0.120936
2 0.374194 0.439817 0.160484 0.023959
2 0.355645 0.409013 0.121774 0.021677
3 0.406452 0.227039 0.058065 0.023388
0 0.458871 0.308043 0.041129 0.083286
0 0.41371 0.318882 0.040323 0.083286
0 0.187903 0.311466 0.045968 0.105533
0 0.137903 0.328009 0.044355 0.086708
0 0.091935 0.295493 0.041129 0.074159
2 0.283065 0.142613 0.120968 0.033657
2 0.197581 0.168283 0.027419 0.11409
2 0.350806 0.090131 0.079839 0.018825
2 0.226613 0.085568 0.158871 0.033657
2 0.306452 0.060468 0.104839 0.020536
