2 0.6931023666951811 0.2869516129032258 0.05504134587966923 0.010524193548387097
0 0.4591759338465925 0.35577822580645163 0.06006558311947534 0.013939516129032258
0 0.6448445965212432 0.45503629032258064 0.047941260336469914 0.020173387096774194
0 0.19515540347875676 0.3471814516129032 0.04737097234103222 0.013838709677419354
2 0.6917821499857428 0.41780645161290325 0.05895352152837183 0.010362903225806451
1 0.28357570573139435 0.3007943548387097 0.028166524094667807 0.014431451612903226
0 0.7621813515825492 0.439 0.04990590248075278 0.021866935483870968
11 0.2898517251211862 0.31844758064516127 0.0832192757342458 0.044838709677419354
12 0.44080125463359 0.5960322580645162 0.06124607927003136 0.015435483870967742
0 0.4298374679213003 0.5792096774193548 0.03917593384659253 0.01316532258064516
5 0.6452979754776161 0.47594758064516124 0.04395779868833761 0.016991935483870967
