11 0.544355 0.588135 0.074194 0.022818
0 0.660484 0.560183 0.071774 0.017114
0 0.66371 0.541928 0.068548 0.015402
1 0.816129 0.580719 0.019355 0.047918
1 0.928226 0.578437 0.018548 0.047347
2 0.931452 0.731888 0.018548 0.131774
2 0.954839 0.700513 0.018548 0.181974
2 0.929839 0.634912 0.016129 0.057616
1 0.914516 0.694809 0.016129 0.042784
1 0.867742 0.760981 0.024194 0.043925
11 0.537903 0.814604 0.062903 0.0251
8 0.816129 0.895037 0.021774 0.052481
1 0.783065 0.818597 0.021774 0.030234
0 0.666935 0.863092 0.068548 0.017114
0 0.66371 0.844267 0.073387 0.015973
0 0.66371 0.826583 0.079032 0.015402
2 0.390323 0.81061 0.022581 0.042784
2 0.391935 0.710211 0.023387 0.160867
2 0.391935 0.602966 0.020968 0.052481
0 0.28871 0.358243 0.070968 0.01255
0 0.300806 0.343411 0.069355 0.013691
2 0.207258 0.350827 0.029839 0.045066
11 0.239516 0.288078 0.080645 0.026811
11 0.267742 0.154592 0.067742 0.039932
2 0.212097 0.131204 0.022581 0.065602
0 0.303226 0.118083 0.070968 0.013691
0 0.301613 0.10097 0.082258 0.015402
