3 0.7818311466058185 0.21415322580645163 0.03635482030804335 0.04520967741935484
0 0.589498003422704 0.46341129032258066 0.023713633770678838 0.10568548387096775
3 0.24132344552196236 0.38529838709677416 0.0345750142612664 0.043250000000000004
0 0.6327381631488876 0.46380645161290324 0.0227438676554478 0.08512903225806452
2 0.2518197375926982 0.17656451612903226 0.08965202509982886 0.034475806451612905
0 0.5527552766685682 0.4640967741935484 0.023211637193382772 0.10693548387096774
7 0.5530233884768968 0.773991935483871 0.10576725613234456 0.034467741935483874
2 0.6963491158014832 0.679 0.154905875641757 0.034435483870967745
2 0.6735539075869937 0.7324758064516129 0.1226468910439247 0.03685483870967742
0 0.22477467199087278 0.09928225806451613 0.09030233884768968 0.03286290322580645
0 0.8260296634341129 0.47008870967741934 0.022652595550484884 0.11698387096774193
11 0.16671990872789502 0.33737903225806454 0.2828465487735311 0.2721774193548387
0 0.8058300057045065 0.2983387096774194 0.025037079292641186 0.10255645161290322
8 0.9132173416999428 0.276008064516129 0.11714204221334855 0.0400241935483871
2 0.7109013120365089 0.44954838709677425 0.04636622932116372 0.04761290322580645
12 0.5076155162578437 0.6217096774193548 0.106406160867085 0.037258064516129036
0 0.4031602966343411 0.601008064516129 0.10444951511694238 0.0345
