2 0.5083514711809755 0.06356328392246294 0.2309633212414349 0.015923603192702394
2 0.25885126964933497 0.4022976054732041 0.014731962918178153 0.046473774230330674
2 0.0967472793228537 0.43044754846066136 0.048286981056025795 0.01169612314709236
2 0.3028738411930673 0.1308266818700114 0.013482466747279324 0.0366448118586089
2 0.25970173317210804 0.35198403648802734 0.016247480854494158 0.05245724059293045
2 0.2842160419185812 0.2511830102622577 0.012833534864973802 0.15245724059293045
15 0.2811930673115679 0.41651653363740027 0.019556630390971382 0.018132839224629417
2 0.260987505038291 0.22251710376282782 0.01310358726320032 0.20545610034207526
2 0.48297057638049173 0.26822976054732045 0.018012898024989923 0.2935433295324972
2 0.3032527206771463 0.30327251995439 0.013123740427247078 0.04647662485746864
11 0.9314389359129384 0.6852850627137971 0.026271664651350266 0.04929019384264538
2 0.05692865779927449 0.3762229190421893 0.014087061668681984 0.03846066134549601
11 0.6657275292220879 0.5730530216647662 0.05807738814993954 0.02442417331812999
2 0.46368399838774693 0.13104047890535916 0.012950423216444983 0.03833238312428734
2 0.3020596533655784 0.2571037628278221 0.013039097138250706 0.05924743443557583
2 0.42242241031842 0.10935005701254276 0.01324465941152761 0.030943557582668185
15 0.2805844417573559 0.11566704675028507 0.020072551390568318 0.017628278221208667
15 0.9005925030229746 0.0476339794754846 0.02958081418782749 0.014409920182440136
3 0.19086255542120112 0.5399458380843786 0.020362756952841597 0.01838084378563284
15 0.8602136235388956 0.09202679589509692 0.030802095929060865 0.013050171037628278
11 0.3289883111648529 0.19740877993158495 0.03284965739621121 0.018286773090079818
3 0.3710963321241435 0.10718928164196123 0.03727932285368803 0.017323261117445837
3 0.18898428053204352 0.56172748004561 0.020850463522773074 0.015604332953249716
16 0.2980572349858928 0.8945039908779931 0.03539701733172108 0.09368871151653364
2 0.4577186618299073 0.4606242873432155 0.010540104796453042 0.032796465222348914
2 0.3247924224103184 0.4286830102622577 0.013155985489721887 0.039751995438996574
2 0.3242160419185812 0.11469783352337515 0.01094316807738815 0.03962086659064994
2 0.816876259572753 0.6615165336374002 0.057726723095526 0.03136830102622577
15 0.28138653768641675 0.3710319270239453 0.017811366384522367 0.017648232611174458
3 0.16337363966142684 0.5406271379703534 0.01706166868198307 0.0166248574686431
15 0.8960540104796454 0.06276225769669327 0.02587666263603386 0.0157212086659065
15 0.8885892785167272 0.0777793614595211 0.026872228939943572 0.013372291904218927
0 0.6566989117291415 0.041644811858608896 0.05009270455461508 0.009620866590649943
0 0.6575251914550584 0.05631128848346636 0.05175332527206772 0.009384264538198404
0 0.6558686013704151 0.07097491448118586 0.05241434905280128 0.009150513112884836
0 0.6641596130592503 0.08587229190421893 0.06237001209189843 0.009854618015963513
8 0.7188996372430472 0.041294184720638547 0.045118903667875854 0.009384264538198404
8 0.7175735590487706 0.05631128848346636 0.04180169286577993 0.007976054732041049
8 0.7179040709391374 0.07097491448118586 0.04180169286577993 0.008212656784492588
2 0.7918863361547763 0.41036202964652224 0.018577186618299074 0.021117445838084378
2 0.8151068117694478 0.4135290763968073 0.016586054010479644 0.0157212086659065
15 0.8995364772269246 0.476057582668187 0.024216041918581215 0.014546750285062714
15 0.9300564288593308 0.4909549600912201 0.02355501813784764 0.0157212086659065
0 0.657359935509875 0.46937001140250856 0.05009270455461508 0.010558722919042189
0 0.6620032245062475 0.48485461801596347 0.05871825876662636 0.010558722919042189
0 0.6497299476017735 0.44062713797035347 0.0328415961305925 0.01032497149372862
8 0.7172430471584039 0.46960376282782207 0.04577992744860943 0.008680159635119726
8 0.7175735590487706 0.4855587229190422 0.04180169286577993 0.008212656784492588
6 0.7529060862555421 0.439806157354618 0.017581620314389357 0.009150513112884836
2 0.4398992341797663 0.4623318129988597 0.01725110842402257 0.030267958950969214
15 0.28082627972591695 0.3371579247434436 0.02089883111648529 0.014076396807297607
1 0.3052075775896816 0.347599771949829 0.009951632406287788 0.0204133409350057
7 0.23587263200322453 0.29398802736602053 0.013933897621926643 0.030972063854047893
3 0.14215638855300283 0.3842018244013683 0.010947198710197502 0.01290478905359179
15 0.22094316807738815 0.5765935005701255 0.02388553002821443 0.01290478905359179
15 0.21994760177347847 0.5212229190421893 0.022559451833937927 0.02088084378563284
3 0.15625554212011286 0.5608751425313568 0.022559451833937927 0.018534777651083238
2 0.22476017734784362 0.5506670467502851 0.02222893994357114 0.03753990877993158
2 0.4342603788794841 0.4922462941847206 0.05241434905280128 0.011262827822120866
3 0.3398750503829101 0.16271379703534777 0.01824667472793229 0.011026225769669327
