10 0.47448025785656733 0.6642165242165242 0.06726430298146656 0.02278062678062678
8 0.47731265108783244 0.5174814814814814 0.019149879129734086 0.07769230769230769
2 0.37302175664786463 0.12045584045584046 0.09123287671232877 0.02921937321937322
2 0.7257211925866237 0.657014245014245 0.22815874294923447 0.04075783475783476
8 0.23864625302175665 0.5288262108262108 0.018247381144238517 0.07674643874643874
11 0.31298549556809024 0.21717948717948718 0.032340854149879125 0.058632478632478634
0 0.21603545527800164 0.4078119658119658 0.03277598710717163 0.09570370370370371
2 0.3103948428686543 0.6843988603988603 0.03170427074939565 0.02687179487179487
2 0.38112409347300563 0.6778347578347578 0.06595890410958904 0.04113960113960114
2 0.35180499597099113 0.16434757834757835 0.052763900080580184 0.026672364672364675
15 0.25091861402095084 0.23444444444444443 0.019057211925866235 0.02654700854700855
15 0.4500684931506849 0.2882051282051282 0.02121676067687349 0.025048433048433048
0 0.49520950846091855 0.42986324786324787 0.02040692989524577 0.054529914529914535
15 0.4873972602739726 0.24382336182336184 0.021486704270749394 0.025293447293447294
2 0.8920910556003223 0.3706039886039886 0.026071716357775984 0.08521367521367522
0 0.455781627719581 0.40452991452991455 0.03462933118452861 0.1281025641025641
15 0.33690572119258666 0.369994301994302 0.021120064464141823 0.02630769230769231
15 0.3014907332796132 0.2756125356125356 0.020298146655922646 0.021344729344729346
15 0.4223569701853344 0.3755213675213675 0.021257050765511685 0.025156695156695157
3 0.8574093473005642 0.37803418803418803 0.030245769540692986 0.03521937321937322
8 0.287522159548751 0.37545868945868943 0.019887187751813053 0.08219373219373219
0 0.2667365028203062 0.4039145299145299 0.02610797743755036 0.13624501424501426
2 0.40105157131345687 0.16252991452991453 0.02709508460918614 0.02797150997150997
3 0.8654552780016116 0.47433618233618235 0.029234488315874295 0.04183475783475783
15 0.8705116841257051 0.4247236467236467 0.016639806607574536 0.02050712250712251
15 0.8862087026591459 0.43135612535612533 0.021877518130539887 0.022045584045584043
15 0.31788477034649476 0.3284786324786325 0.022904915390813862 0.02272934472934473
3 0.3176631748589847 0.5438347578347578 0.0317969379532635 0.03352706552706553
15 0.3441982272360999 0.20125356125356125 0.018263497179693795 0.02397150997150997
