2 0.282366935483871 0.47865373645179693 0.05645967741935484 0.019537934968625215
0 0.22149193548387094 0.30925841414717625 0.0207741935483871 0.04930405019965774
2 0.283875 0.11054763262977751 0.059947580645161286 0.015647461494580718
0 0.49041129032258063 0.3826126640045636 0.017092741935483872 0.044734740444951515
0 0.4641290322580645 0.3770393610952653 0.02222983870967742 0.06916714204221334
2 0.5524516129032258 0.08618938961779807 0.050991935483870966 0.018077581289218485
0 0.6055362903225806 0.3789903023388477 0.01802016129032258 0.06252139189960068
7 0.49991532258064514 0.45193953223046207 0.012334677419354838 0.049526525955504844
2 0.5196008064516129 0.10703936109526525 0.02102822580645161 0.012435824301197947
0 0.3323548387096774 0.30952652595550484 0.018548387096774192 0.049155733029092985
0 0.20423790322580646 0.6884426697090701 0.015576612903225807 0.03593839132915003
0 0.2012016129032258 0.32091842555618943 0.016274193548387095 0.02988590986879635
2 0.2814395161290323 0.26910439247005136 0.03852016129032258 0.015926982316029663
0 0.622625 0.3761209355390759 0.01691935483870968 0.06586423274386766
2 0.5442862903225806 0.10766685681688534 0.027870967741935485 0.012743867655447804
2 0.5546088709677419 0.10721049629207073 0.016004032258064516 0.012327438676554477
15 0.2386774193548387 0.5547689674843126 0.015056451612903227 0.015613234455219624
2 0.5696895161290322 0.10661152310325156 0.015431451612903227 0.013616657159155733
7 0.6152983870967742 0.45152310325156875 0.011419354838709678 0.05041642897889332
15 0.601758064516129 0.21374786081003994 0.01467741935483871 0.014757558471192242
2 0.534016129032258 0.10719338277239018 0.021661290322580646 0.012954934398174559
15 0.5010725806451614 0.18937250427837993 0.013080645161290321 0.016023958927552765
0 0.2252540322580645 0.6859897318881917 0.01672983870967742 0.03558471192241871
2 0.25443548387096776 0.2700912721049629 0.015241935483870967 0.01296063890473474
2 0.3103790322580645 0.2713576725613234 0.017991935483870968 0.014004563605248146
15 0.5385282258064515 0.14280091272104964 0.011818548387096773 0.012190530519110097
2 0.5512258064516129 0.1448088990302339 0.010177419354838709 0.0317626925270964
15 0.5688669354838709 0.1416714204221335 0.011770161290322581 0.012943525385054194
3 0.512758064516129 0.16199087278950372 0.01808467741935484 0.010199657729606388
15 0.5213145161290322 0.2629948659440958 0.010141129032258065 0.014940102681118084
6 0.8998911290322581 0.41855675984027385 0.015181451612903225 0.014968625213918995
