11 0.723387 0.18996 0.010081 0.021107
2 0.728226 0.175128 0.010887 0.03765
2 0.781855 0.124358 0.025403 0.01312
2 0.765726 0.123788 0.008871 0.01255
2 0.752823 0.124358 0.018145 0.01255
2 0.733468 0.123788 0.018145 0.01255
2 0.758065 0.096977 0.037097 0.014261
15 0.754435 0.143183 0.016129 0.0251
15 0.691532 0.169994 0.016129 0.022818
15 0.714113 0.212778 0.016532 0.027382
7 0.719355 0.786081 0.047984 0.018254
8 0.679839 0.522533 0.01371 0.065031
0 0.832661 0.474044 0.013306 0.034227
0 0.808871 0.46834 0.01371 0.035368
0 0.693548 0.452367 0.019758 0.078152
0 0.666532 0.450086 0.018145 0.067313
