1 0.5091145410235581 0.5921721778791335 0.07327376116978067 0.023808437856328392
0 0.12636880584890334 0.4061459521094641 0.02164094232331438 0.030364880273660202
2 0.32464662875710804 0.2875484606613455 0.14102355808285946 0.025610034207525657
0 0.16920389926888707 0.4168871151653364 0.028960194963444354 0.04822690992018244
2 0.7055970755483347 0.445102622576967 0.03413484971567831 0.10935005701254276
2 0.39635255889520715 0.21618015963511972 0.13347684809098295 0.020855188141391104
15 0.7218846466287571 0.7251539338654505 0.039951259138911455 0.035866590649942985
0 0.5215597075548334 0.4539167616875712 0.024670999187652316 0.03538768529076397
0 0.22004874086108855 0.4151824401368301 0.028139723801787166 0.06216647662485747
2 0.36928513403736796 0.2477993158494869 0.07880584890333063 0.02548460661345496
2 0.430982940698619 0.4050285062713797 0.12243704305442729 0.024275940706955528
2 0.8203005686433793 0.29346636259977193 0.050633631194151096 0.026174458380843785
