11 0.862079 0.467843 0.135192 0.264314
11 0.887542 0.536471 0.02334 0.065098
0 0.283116 0.69098 0.070021 0.027059
0 0.264929 0.715294 0.03789 0.02902
2 0.501667 0.738039 0.099424 0.026275
7 0.520461 0.693333 0.101243 0.020392
2 0.499545 0.662745 0.082146 0.027059
8 0.581085 0.548627 0.098515 0.021176
0 0.581085 0.526667 0.089724 0.02902
0 0.642619 0.467059 0.050015 0.029804
0 0.515005 0.475686 0.046984 0.028627
1 0.323431 0.645882 0.060321 0.035686
15 0.33495 0.555294 0.021522 0.036471
0 0.292513 0.5 0.136102 0.054118
0 0.101546 0.539216 0.098212 0.033333
0 0.102455 0.500784 0.097302 0.035294
13 0.072446 0.46902 0.073659 0.018431
3 0.354047 0.370588 0.03789 0.026667
13 0.572598 0.35098 0.088815 0.020784
2 0.501364 0.32 0.094574 0.028627
2 0.484692 0.283529 0.084874 0.030588
2 0.462261 0.216078 0.134889 0.03098
2 0.389815 0.246667 0.093059 0.03098
2 0.241588 0.24549 0.083965 0.034118
2 0.112155 0.244314 0.095787 0.03098
15 0.175811 0.177255 0.025159 0.031765
2 0.102758 0.125098 0.081843 0.110196
