2 0.23830645161290323 0.0810781517398745 0.12490725806451612 0.0169937250427838
16 0.898608870967742 0.6139532230462065 0.09371774193548386 0.039794637763833435
2 0.23656048387096773 0.6629264118653736 0.12523790322580644 0.018277239018824873
2 0.2480201612903226 0.10762692527096406 0.1043225806451613 0.019697661152310326
15 0.6794354838709677 0.2612892184826013 0.02234274193548387 0.02540216771249287
0 0.6290887096774194 0.3765031374786081 0.015729838709677417 0.04916143753565317
2 0.25043145161290326 0.6360810039931546 0.10272177419354839 0.0191500285225328
15 0.670616935483871 0.1549743297204792 0.02081048387096774 0.024786081003993155
15 0.7250362903225807 0.2649343981745579 0.020641129032258062 0.024432401597261837
11 0.3358588709677419 0.34357672561323443 0.03654435483870967 0.07880205362236166
1 0.22869758064516127 0.29321734169994296 0.027584677419354837 0.01602966343411295
0 0.3767379032258064 0.30681688533941814 0.02817741935483871 0.031095265259555048
2 0.11349193548387096 0.374438106103822 0.013443548387096776 0.20183685111237878
0 0.651116935483871 0.3764575014261266 0.015028225806451615 0.03637763833428408
1 0.2390362903225806 0.4590530519110097 0.027830645161290322 0.020074158585282373
2 0.7032499999999999 0.5958528237307473 0.03297177419354839 0.014021677124928692
11 0.30933064516129033 0.22419851682829434 0.028221774193548384 0.02656018254420993
15 0.8298629032258065 0.47303479749001714 0.022584677419354836 0.02944095835710211
11 0.2434556451612903 0.3358642327438676 0.03509677419354839 0.07028522532800913
11 0.30890725806451613 0.5038733599543639 0.024326612903225804 0.03873359954363948
2 0.7965040322580644 0.5051055333713634 0.009564516129032257 0.06942954934398174
10 0.12495967741935483 0.37366799771819736 0.01235483870967742 0.0569937250427838
0 0.25399596774193545 0.26713633770678835 0.024100806451612906 0.03697661152310325
11 0.20706854838709676 0.40965202509982884 0.031330645161290326 0.07259555048488306
11 0.19662903225806452 0.3323502567027952 0.026697580645161288 0.08483171705647462
11 0.24139112903225807 0.4014774671990873 0.024766129032258066 0.04943525385054193
11 0.33603225806451614 0.4135253850541928 0.025112903225806452 0.04373645179691957
11 0.362266129032258 0.4232743867655448 0.015000000000000001 0.043993154592127784
11 0.40305645161290327 0.3740216771249287 0.021008064516129032 0.03214489446662864
11 0.3835040322580645 0.3863205932686823 0.014875000000000001 0.0245750142612664
15 0.8310201612903225 0.5023103251568739 0.02078225806451613 0.028853394181403307
10 0.8077137096774194 0.5310039931545921 0.012637096774193548 0.05664004563605249
10 0.7070241935483871 0.6166457501426127 0.03867338709677419 0.01903593839132915
1 0.8841935483870969 0.26998288648031943 0.02089516129032258 0.02304620650313748
