6 0.585956 0.765678 0.033898 0.014253
2 0.515738 0.655074 0.029056 0.101482
0 0.575464 0.686431 0.025827 0.026226
2 0.559322 0.629418 0.071025 0.015964
3 0.432607 0.284493 0.022599 0.020525
3 0.458434 0.289054 0.020985 0.018814
1 0.334948 0.216078 0.017756 0.034778
2 0.389023 0.243444 0.017756 0.055872
2 0.417272 0.232041 0.022599 0.041619
15 0.764326 0.139681 0.033091 0.028506
0 0.647296 0.123147 0.046005 0.016534
0 0.59887 0.145952 0.034705 0.015393
0 0.592413 0.172178 0.062954 0.021095
0 0.574657 0.197834 0.029863 0.011973
1 0.554479 0.216078 0.017756 0.030217
2 0.606134 0.255416 0.015335 0.04447
2 0.580307 0.248575 0.025827 0.032497
2 0.514931 0.261117 0.01937 0.055872
2 0.53753 0.276511 0.014528 0.050741
0 0.471348 0.416762 0.044391 0.020525
0 0.526231 0.393387 0.063761 0.020525
0 0.5795 0.366591 0.038741 0.020525
1 0.615819 0.339795 0.029863 0.034208
2 0.868442 0.277651 0.031477 0.09236
2 0.836965 0.255416 0.027441 0.041049
2 0.80226 0.298176 0.02502 0.050741
2 0.803067 0.260547 0.020985 0.018244
15 0.682002 0.279361 0.033091 0.018814
15 0.767554 0.285633 0.02502 0.020525
