11 0.631452 0.347404 0.07621 0.075299
11 0.553629 0.351398 0.084274 0.075299
3 0.364516 0.368511 0.041129 0.022818
2 0.422177 0.48089 0.018548 0.20251
2 0.341532 0.529949 0.025806 0.027382
2 0.315726 0.491158 0.031048 0.022248
2 0.265726 0.492869 0.07379 0.023959
2 0.305242 0.780376 0.025806 0.120365
2 0.277823 0.78437 0.024194 0.102111
6 0.182258 0.798631 0.016129 0.055334
2 0.2125 0.758699 0.029435 0.023959
2 0.172581 0.761552 0.108871 0.027952
6 0.257661 0.649173 0.046371 0.023388
7 0.265726 0.577296 0.056855 0.027382
2 0.170161 0.499715 0.017742 0.233885
6 0.142339 0.527667 0.016935 0.11352
2 0.116532 0.485454 0.017742 0.25271
2 0.333871 0.276098 0.018145 0.029093
2 0.268145 0.27895 0.080645 0.029663
2 0.287097 0.235596 0.117742 0.036509
