6 0.759677 0.650314 0.014113 0.019966
3 0.516129 0.684541 0.025 0.039361
11 0.433468 0.64575 0.024597 0.073018
2 0.450806 0.674273 0.018952 0.082715
2 0.504435 0.604678 0.075403 0.034227
0 0.759677 0.410154 0.024194 0.131774
0 0.631048 0.413006 0.022177 0.115801
0 0.58871 0.409584 0.021774 0.12607
2 0.718952 0.205362 0.040726 0.023959
2 0.668145 0.205362 0.064919 0.026811
2 0.697177 0.161438 0.030242 0.029093
15 0.716532 0.347975 0.016532 0.021107
15 0.675403 0.339989 0.016129 0.021677
15 0.657258 0.293782 0.015726 0.022818
15 0.754032 0.248716 0.016935 0.022818
15 0.693548 0.235596 0.016935 0.027382
15 0.615726 0.254991 0.015323 0.02567
