2 0.36607977437550365 0.13533903133903136 0.13558420628525383 0.05377777777777778
15 0.23868251410153102 0.21678632478632479 0.026780821917808218 0.028467236467236468
15 0.3118896051571314 0.33927635327635325 0.025064464141821112 0.029447293447293448
15 0.3516236905721193 0.3388091168091168 0.02312651087832393 0.02622792022792023
2 0.22159548751007252 0.44172079772079775 0.03858178887993554 0.3930940170940171
10 0.4172683319903304 0.5521139601139602 0.07313053988718775 0.02386894586894587
15 0.262969379532635 0.27276353276353277 0.022199838839645446 0.026256410256410255
2 0.4970950846091861 0.4469344729344729 0.015604351329572923 0.06553846153846153
2 0.17284448025785656 0.4447692307692308 0.04061643835616439 0.426980056980057
15 0.5291982272360999 0.45236467236467237 0.016172441579371474 0.019874643874643876
15 0.5146132151490733 0.4301538461538461 0.015870265914585013 0.028854700854700856
