0 0.1802549019607843 0.5159915100060642 0.06686274509803922 0.03276531231049121
15 0.4329058823529412 0.30060036385688294 0.024298039215686275 0.02906610066707095
2 0.34838039215686273 0.21357792601576714 0.2449254901960784 0.01647058823529412
15 0.22184313725490198 0.3432322619769557 0.02614901960784314 0.033335354760460886
3 0.31471372549019605 0.5974105518496058 0.05045098039215686 0.01659187386294724
15 0.19441176470588234 0.3791995148574894 0.026933333333333337 0.032243784111582775
15 0.14428235294117647 0.6557550030321406 0.029156862745098037 0.037325651910248635
0 0.12385882352941176 0.49511218920557915 0.03793333333333333 0.03116434202546998
15 0.5915882352941176 0.40769557307459064 0.023113725490196076 0.032734990903577926
2 0.4783803921568627 0.3406367495451789 0.06514117647058824 0.01498483929654336
0 0.5927764705882352 0.5003638568829594 0.07990980392156863 0.05884778653729533
2 0.47089019607843136 0.31342631898120077 0.0628313725490196 0.015573074590661007
0 0.5369098039215686 0.5882595512431776 0.04376862745098039 0.017234687689508796
2 0.22622745098039215 0.7143177683444513 0.060149019607843135 0.016264402668283807
2 0.40124313725490196 0.2765372953305033 0.10881568627450981 0.02823529411764706
0 0.6160588235294118 0.49160703456640387 0.03746666666666667 0.03168587022437841
0 0.08165490196078432 0.5112371134020618 0.036980392156862746 0.022164948453608245
11 0.16951372549019608 0.6541600970285022 0.025749019607843135 0.06243177683444512
2 0.5631058823529412 0.38331109763493026 0.04540392156862745 0.08026682838083687
1 0.19336862745098038 0.2761976955730746 0.049309803921568626 0.016634323832625832
15 0.10782352941176471 0.36261370527592485 0.02772156862745098 0.03479078229229836
0 0.5734392156862745 0.5165554881746512 0.0398235294117647 0.03249848392965434
11 0.1483921568627451 0.39570648878107945 0.03471764705882353 0.05821103699211643
5 0.18193333333333334 0.5454093389933293 0.06305490196078431 0.02168587022437841
3 0.31025882352941175 0.4502910855063675 0.05753333333333334 0.017095209217707703
2 0.2072823529411765 0.3127289266221953 0.08396078431372549 0.01634323832625834
7 0.2766078431372549 0.2570103092783505 0.06010588235294118 0.02465130382049727
5 0.5683647058823529 0.5462522741055185 0.062254901960784315 0.0204426925409339
11 0.15723137254901962 0.672910855063675 0.03804705882352941 0.08931473620375986
