2 0.25763518966908794 0.4061858608893957 0.03223567393058918 0.08774800456100341
2 0.6989265536723164 0.4025427594070695 0.03367231638418079 0.0779418472063854
0 0.6147134786117837 0.47242873432155075 0.04221953188054883 0.09250855188141391
2 0.4629297820823245 0.23132839224629417 0.0657546408393866 0.025353477765108323
0 0.762816787732042 0.474515393386545 0.04395480225988701 0.10061003420752565
2 0.49123486682808715 0.5538027366020525 0.12260694108151735 0.027360319270239453
2 0.42966908797417275 0.26372291904218925 0.1185633575464084 0.027194982896237174
6 0.40831315577078287 0.4817844925883694 0.052832929782082316 0.018015963511972634
2 0.1887812752219532 0.5118586088939566 0.03225988700564972 0.1432896237172178
16 0.8252865213882162 0.282400228050171 0.20033898305084746 0.06480045610034207
1 0.3595238095238095 0.5819783352337514 0.07221953188054883 0.024201824401368303
0 0.3864810330912026 0.2922177879133409 0.03538337368845844 0.02718358038768529
1 0.3569168684422922 0.3284891676168757 0.07356739305891849 0.026676168757126566
1 0.5392655367231638 0.6151482326111745 0.0734866828087167 0.023090079817559863
15 0.2799596448748991 0.5691448118586089 0.06466505246166264 0.052423033067274805
