0 0.24226130653266334 0.4585967559411543 0.03928170263080106 0.022135043379856657
11 0.8579308306237068 0.38387400980761976 0.024821164646763226 0.05844586948321388
15 0.26139225539462013 0.557159562429272 0.02796334614247709 0.026469256884194645
15 0.30196571090747854 0.5523462844209732 0.02583801359739876 0.025986420218785364
0 0.9330594147206621 0.4541984156921916 0.040682825894176766 0.02647680120709166
0 0.21326337570203963 0.4947755563938137 0.036169080697605674 0.02795548849490758
2 0.8132988471770617 0.3000641267446247 0.052355897132722436 0.02039607695209355
2 0.8276293230860183 0.6990720482836665 0.07047295300029559 0.025665786495662018
0 0.2830387230268992 0.5118257261410788 0.03600650310375406 0.019796303281780458
2 0.41862843629914276 0.35383251603168614 0.06240910434525569 0.015707280271595625
2 0.8394738397871712 0.6287665032063372 0.047126810523204256 0.01907959260656356
2 0.8405941472066214 0.33660882685778953 0.0655985811409991 0.017740475292342513
15 0.8746378953591487 0.5547642399094681 0.029559562518474726 0.03059600150886458
15 0.9151108483594443 0.5599170124481327 0.03264262488915164 0.029479441720105623
2 0.41005911912503695 0.4668087514145605 0.07253029855158144 0.025318747642399095
0 0.33267514040792195 0.4910826103357223 0.03422110552763819 0.01838928706148623
0 0.8884717706177948 0.4693059222934742 0.05141294708838309 0.03062617880045266
15 0.2668134791605084 0.38136175028291214 0.03945019213715637 0.030426254243681627
2 0.610505468519066 0.24788004526593738 0.4455808454034881 0.03194266314598265
2 0.48800472953000296 0.6158958883440211 0.19850428613656518 0.018623161071293852
1 0.9049275790718297 0.6030516786118446 0.05446053798403784 0.021082610335722368
0 0.623526455808454 0.6170728027159562 0.04027785988767366 0.037148245944926446
8 0.1837540644398463 0.5212485854394567 0.04896837126810523 0.022086005281026028
15 0.3333224948270766 0.3652923425122595 0.02756429204847768 0.027936627687665035
3 0.49375702039609815 0.44181818181818183 0.05203369790127106 0.028536401357978122
14 0.3664942358853089 0.2104564315352697 0.04285249778303281 0.020335722368917387
7 0.8942743127401714 0.4942738589211618 0.053254507833284066 0.016299509619011693
15 0.7795920780372451 0.6514183327046398 0.03310375406443984 0.026386269332327426
