0 0.636804 0.688141 0.033898 0.019954
0 0.792575 0.901938 0.020985 0.025656
11 0.781275 0.633979 0.162228 0.190992
2 0.1477 0.620296 0.053269 0.011403
0 0.516546 0.49829 0.041969 0.009692
0 0.516546 0.484607 0.052462 0.012543
0 0.489911 0.469783 0.044391 0.009692
0 0.491525 0.451539 0.03632 0.010262
0 0.514124 0.432155 0.037934 0.010832
0 0.490718 0.40707 0.046005 0.013113
5 0.372074 0.423603 0.016142 0.037058
15 0.912026 0.525656 0.017756 0.036488
4 0.780468 0.426454 0.011299 0.049031
15 0.861985 0.392816 0.053269 0.014823
2 0.864407 0.320981 0.028249 0.132839
2 0.71025 0.336374 0.018563 0.013113
2 0.728814 0.302166 0.016142 0.063854
2 0.727199 0.205245 0.020985 0.132839
2 0.71025 0.275371 0.014528 0.012543
15 0.765133 0.323261 0.022599 0.042189
15 0.807103 0.083808 0.022599 0.038198
4 0.90799 0.104333 0.012914 0.048461
2 0.883777 0.18244 0.016142 0.052452
2 0.587571 0.155074 0.014528 0.035918
2 0.608555 0.140821 0.012914 0.034778
2 0.707022 0.215507 0.011299 0.014253
2 0.707022 0.18244 0.013721 0.053592
2 0.77159 0.164766 0.017756 0.018244
2 0.88297 0.147662 0.010492 0.017674
15 0.866828 0.132839 0.056497 0.015393
15 0.861985 0.215507 0.041162 0.011973
2 0.830508 0.214937 0.015335 0.011403
2 0.828087 0.197263 0.013721 0.023945
5 0.885391 0.244584 0.015335 0.04447
5 0.828894 0.262828 0.015335 0.0439
0 0.808717 0.234892 0.037934 0.009692
2 0.811945 0.204675 0.013721 0.025656
11 0.810331 0.172178 0.020985 0.012543
0 0.778854 0.143101 0.028249 0.009692
2 0.708636 0.13626 0.012914 0.037628
4 0.635997 0.107184 0.013721 0.04732
0 0.50686 0.233181 0.041162 0.009122
5 0.363196 0.27309 0.013721 0.037628
1 0.08636 0.36545 0.013721 0.037058
3 0.240517 0.252566 0.021792 0.019384
3 0.238095 0.234892 0.020985 0.017674
6 0.212268 0.221779 0.016949 0.009692
1 0.19209 0.232611 0.014528 0.030787
2 0.171913 0.179019 0.013721 0.037628
1 0.190476 0.178449 0.014528 0.029076
0 0.182405 0.13854 0.033898 0.010262
15 0.330912 0.123717 0.017756 0.033637
0 0.476998 0.099772 0.042776 0.012543
0 0.503632 0.073546 0.033091 0.011403
0 0.47619 0.054162 0.027441 0.010262
