2 0.48927822580645164 0.16988590986879634 0.03596370967741935 0.017278950370792925
0 0.40361290322580645 0.4399657729606389 0.018830645161290325 0.07968054763262979
2 0.4825725806451613 0.13900171135196804 0.03816129032258064 0.018385624643468337
2 0.6622701612903226 0.6198402738163149 0.051274193548387095 0.01596691386195094
5 0.4084274193548387 0.16413576725613235 0.07048387096774195 0.021066742726754135
4 0.5713548387096774 0.5254877353108955 0.07360887096774194 0.018756417569880206
11 0.7428508064516129 0.35649743297204795 0.028903225806451615 0.05153451226468911
2 0.6752782258064516 0.6580262407301768 0.044141129032258065 0.016714204221334857
2 0.6471935483870968 0.3337079292641187 0.08282661290322581 0.013993154592127782
1 0.6366532258064517 0.5678665145464917 0.054375 0.014905875641756987
15 0.6314556451612903 0.3630290929834569 0.03019758064516129 0.02749001711351968
0 0.37717338709677417 0.4387393040501997 0.023991935483870967 0.13413006274957215
2 0.6756693548387097 0.5941414717626925 0.039036290322580644 0.01629777524244153
0 0.43293951612903225 0.4416428978893326 0.01952016129032258 0.2830747290359384
2 0.8235040322580645 0.4695721620079863 0.01730241935483871 0.09124358243011979
15 0.332508064516129 0.07232743867655449 0.06174193548387097 0.03783228750713063
