11 0.7410411622276029 0.4472006841505131 0.09788539144471348 0.02478905359179019
0 0.5651977401129943 0.13693842645381984 0.06704600484261501 0.017440136830102624
15 0.7021953188054882 0.06879703534777651 0.025803066989507666 0.023175598631698973
2 0.5590072639225182 0.2739167616875713 0.02199354317998386 0.045980615735461805
2 0.8913478611783697 0.24429304446978337 0.01880548829701372 0.10998289623717218
15 0.6604761904761905 0.13328392246294185 0.024818401937046004 0.025456100342075256
2 0.4960209846650525 0.4986259977194983 0.021412429378531075 0.07037628278221209
2 0.8565213882163035 0.2125085518814139 0.017893462469733657 0.03743443557582668
15 0.612138821630347 0.19127137970353478 0.024390637610976592 0.019327251995438995
0 0.5564245359160613 0.3229019384264538 0.037497982243744954 0.011881413911060432
0 0.5705730427764326 0.09351767388825542 0.0627683615819209 0.0161345496009122
2 0.47866828087167074 0.23012542759407068 0.019927360774818402 0.07583808437856329
2 0.547134786117837 0.21803306727480046 0.015076674737691687 0.05187571265678449
0 0.33637610976594023 0.07210376282782212 0.043680387409200966 0.028289623717217785
0 0.5697013720742534 0.37645381984036486 0.06515738498789346 0.02055872291904219
2 0.17663438256658595 0.3964709236031927 0.01588377723970944 0.05741163055872292
0 0.5800968523002421 0.11468643101482326 0.09041162227602906 0.0166248574686431
2 0.892405165456013 0.17222348916761687 0.018983050847457626 0.03363169897377423
2 0.8341646489104116 0.2943443557582668 0.017207425343018563 0.0443842645381984
0 0.5784584342211461 0.07297035347776511 0.08053268765133172 0.01709806157354618
0 0.7623648103309121 0.3462371721778791 0.029047619047619048 0.011231470923603193
0 0.5756012913640032 0.047354618015963516 0.08025827280064568 0.022155074116305587
2 0.9245197740112995 0.24435005701254275 0.019556093623890235 0.1155872291904219
2 0.5001452784503632 0.22513112884834663 0.015948345439870865 0.05864880273660206
2 0.5672235673930589 0.19975484606613456 0.018022598870056496 0.04941847206385405
0 0.5520581113801453 0.359709236031927 0.040524616626311544 0.013301026225769669
0 0.5549636803874092 0.3404389965792474 0.03776432606941081 0.015057012542759407
0 0.7632768361581921 0.33519954389965795 0.031533494753833734 0.013511972633979475
0 0.6067554479418886 0.33758836944127707 0.031073446327683617 0.016299885974914483
2 0.4444713478611784 0.2018358038768529 0.026271186440677965 0.15086088939566705
2 0.85772397094431 0.2834663625997719 0.016707021791767553 0.03328392246294185
2 0.23109765940274413 0.36379133409350056 0.017893462469733657 0.05681870011402508
0 0.5659322033898305 0.31574686431014826 0.041081517352703795 0.011630558722919042
2 0.675682001614205 0.28599201824401366 0.015149313962873284 0.05038768529076396
15 0.6146246973365618 0.24721778791334093 0.022679580306698952 0.015513112884834665
2 0.5263357546408394 0.2163169897377423 0.016537530266343824 0.04851767388825541
16 0.38000807102502016 0.8801710376282782 0.030936238902340596 0.03723489167616876
0 0.16728006456820016 0.46207525655644244 0.050185633575464086 0.023557582668187003
2 0.5088781275221953 0.3082383124287343 0.02367231638418079 0.05740022805017104
1 0.24425343018563359 0.06383124287343216 0.018789346246973367 0.04323261117445838
2 0.4792897497982244 0.30628278221208666 0.017134786117836965 0.05477765108323831
2 0.5781598062953995 0.21969783352337516 0.017901533494753832 0.09243443557582667
11 0.7330750605326877 0.5223489167616876 0.07816787732041969 0.023597491448118586
3 0.7320903954802259 0.5402337514253136 0.01573042776432607 0.0204903078677309
1 0.26058111380145277 0.3113568985176739 0.018684422921711057 0.03716077537058153
2 0.36849878934624697 0.4549714937286203 0.042776432606941084 0.02361459521094641
