2 0.338956 0.111174 0.115663 0.021095
2 0.280321 0.094071 0.24498 0.023375
2 0.271486 0.068415 0.260241 0.020525
3 0.223293 0.151653 0.032129 0.025656
2 0.168675 0.167047 0.057028 0.020525
11 0.15502 0.198404 0.072289 0.032497
6 0.088353 0.266249 0.02249 0.057583
7 0.100402 0.383694 0.031325 0.074116
2 0.321285 0.433865 0.164659 0.026226
2 0.328514 0.40707 0.142972 0.026796
1 0.330924 0.246294 0.068273 0.022235
15 0.419277 0.185291 0.052209 0.038769
0 0.44498 0.267389 0.031325 0.030787
0 0.611245 0.18301 0.034538 0.033637
2 0.564659 0.300456 0.028916 0.071836
6 0.733333 0.347206 0.029719 0.021665
