2 0.413333 0.302608 0.02902 0.112796
11 0.703529 0.325652 0.061176 0.032141
0 0.592157 0.602183 0.035294 0.10188
11 0.702745 0.647059 0.058824 0.029109
2 0.719216 0.738023 0.028235 0.090964
1 0.704314 0.870831 0.02902 0.080655
5 0.534118 0.892056 0.028235 0.078229
0 0.556078 0.88963 0.02902 0.092177
0 0.587451 0.813827 0.02902 0.124318
2 0.383529 0.716798 0.02902 0.090358
2 0.286275 0.48393 0.030588 0.499697
2 0.378039 0.525167 0.031373 0.300182
1 0.544314 0.443299 0.02902 0.117041
2 0.383529 0.211037 0.033725 0.139478
10 0.323137 0.317768 0.030588 0.079442
7 0.31451 0.198302 0.027451 0.080655
15 0.508235 0.760461 0.047059 0.038205
15 0.506667 0.693147 0.044706 0.044269
15 0.501961 0.5094 0.042353 0.040631
15 0.691765 0.511825 0.043922 0.040631
15 0.612549 0.32262 0.056471 0.039418
15 0.53098 0.257126 0.050196 0.034566
15 0.475294 0.201941 0.053333 0.036992
5 0.567843 0.133414 0.033725 0.081261
0 0.592941 0.126137 0.032157 0.09339
1 0.692549 0.137053 0.02902 0.07641
2 0.730196 0.223166 0.032941 0.098241
