2 0.15319411764705881 0.5654258866323127 0.05632549019607843 0.01561079114883298
2 0.5446921568627451 0.06544407396180661 0.06887254901960785 0.012479539254319492
0 0.6236882352941177 0.29489542285541076 0.028327450980392157 0.011667171870263717
0 0.6679627450980392 0.5958199454380115 0.03725098039215686 0.012124886329190664
2 0.10554705882352941 0.8927765989693847 0.08356470588235294 0.016123067596241283
1 0.2946313725490196 0.47730221279175505 0.047996078431372546 0.01503789026977872
2 0.5605411764705883 0.09452864504395272 0.03210588235294118 0.01107608366171567
2 0.43637843137254906 0.6609608972415885 0.02200392156862745 0.08206426189754472
13 0.6797098039215687 0.609469536223098 0.06916470588235295 0.013088814792361321
2 0.5045941176470587 0.26491664140648685 0.025550980392156863 0.012561382237041526
2 0.5823137254901961 0.11743558654137617 0.04763921568627451 0.01329796908153986
0 0.6023313725490196 0.3190997271900576 0.027641176470588235 0.01149136101849045
0 0.21504117647058824 0.17510457714458927 0.025949019607843137 0.013094877235525918
2 0.05751176470588235 0.5651561079114883 0.05184509803921569 0.014304334646862685
2 0.5858980392156863 0.17586541376174597 0.04066862745098039 0.010042437102152168
2 0.5087156862745098 0.2822855410730524 0.03526666666666667 0.011991512579569567
1 0.6140372549019608 0.19889360412246135 0.032486274509803924 0.012164292209760534
11 0.635107843137255 0.6653561685359201 0.03015490196078431 0.07565929069414974
11 0.5698392156862745 0.6040254622612913 0.10573529411764705 0.04809639284631706
13 0.8218372549019608 0.4771264019399818 0.0654 0.013216126098817824
0 0.8095117647058824 0.4654349802970597 0.026198039215686277 0.01162473476811155
0 0.464978431372549 0.475610791148833 0.041964705882352946 0.01663837526523189
2 0.5825470588235294 0.14101849045165202 0.043009803921568626 0.01528645043952713
0 0.7950549019607843 0.12037284025462262 0.024537254901960785 0.015813882994846925
2 0.6970372549019608 0.1513064565019703 0.04433137254901961 0.048060018187329495
