11 0.718775 0.255770 0.100461 0.022873
0 0.597575 0.304108 0.021924 0.034088
3 0.464321 0.255362 0.022676 0.026676
15 0.538581 0.654245 0.030970 0.021100
15 0.516403 0.673863 0.030703 0.019618
2 0.300736 0.180807 0.021762 0.038957
2 0.300303 0.236551 0.024519 0.068005
2 0.301156 0.292631 0.020647 0.038763
2 0.536160 0.363660 0.071431 0.015154
2 0.830679 0.237779 0.022037 0.152320
2 0.797049 0.158894 0.024107 0.051710
8 0.721075 0.344253 0.106128 0.023318
16 0.846912 0.713931 0.097122 0.035445
15 0.876492 0.152021 0.026726 0.021636
15 0.871681 0.323050 0.029652 0.019806
7 0.209648 0.265385 0.035901 0.080177
7 0.256827 0.206494 0.034770 0.080753
0 0.526964 0.334450 0.068464 0.015912
0 0.591091 0.212794 0.066645 0.013284
0 0.528258 0.107166 0.066039 0.014458
0 0.528076 0.075678 0.066403 0.017241
2 0.797409 0.315579 0.024568 0.052503
8 0.791589 0.084949 0.107074 0.023877
8 0.771908 0.115208 0.106548 0.022948
0 0.401249 0.342055 0.020202 0.034054
0 0.407389 0.132865 0.019838 0.034647
0 0.599859 0.164022 0.020154 0.033757
11 0.710994 0.209820 0.085028 0.035536
