0 0.284907 0.45325 0.025827 0.059863
2 0.567393 0.888255 0.353511 0.023375
2 0.794996 0.718358 0.026634 0.079247
2 0.291364 0.31642 0.033091 0.038769
2 0.272801 0.215507 0.025827 0.067275
2 0.347861 0.229761 0.029056 0.04447
2 0.316384 0.229761 0.028249 0.049031
0 0.564165 0.155644 0.060533 0.018244
0 0.570621 0.184721 0.079903 0.037058
0 0.564165 0.194413 0.073446 0.019384
0 0.566586 0.209236 0.053269 0.018244
0 0.576271 0.229761 0.170299 0.020525
0 0.567393 0.322691 0.1364 0.025086
0 0.564165 0.371722 0.09201 0.018244
0 0.570621 0.394527 0.068604 0.020525