15 0.891553 0.738133 0.012557 0.022943
15 0.870434 0.738133 0.015982 0.022943
2 0.605023 0.380538 0.04395 0.018196
6 0.446347 0.612342 0.019977 0.017405
11 0.357306 0.683544 0.138699 0.085443
15 0.809361 0.36788 0.017694 0.02057
15 0.836758 0.306962 0.018265 0.025316
2 0.679795 0.183544 0.191781 0.018987
2 0.72089 0.248418 0.109018 0.015823
2 0.682648 0.20807 0.186073 0.015823
11 0.63242 0.300633 0.017123 0.039557
1 0.789384 0.269778 0.020548 0.014241
1 0.643836 0.420095 0.02226 0.014241
0 0.825342 0.457278 0.017694 0.084652
0 0.880708 0.45807 0.018836 0.086234
0 0.851027 0.454905 0.011416 0.03481
0 0.552511 0.455696 0.010274 0.026899
0 0.532534 0.438291 0.010274 0.02769
0 0.504566 0.455696 0.010845 0.029272
0 0.317352 0.420095 0.021119 0.024525
0 0.343037 0.197785 0.02911 0.019778
11 0.222032 0.238133 0.138128 0.098101