0 0.138954 0.211199 0.021237 0.019508
0 0.567742 0.390371 0.013558 0.032252
0 0.278991 0.521816 0.014686 0.028781
0 0.068589 0.535065 0.013666 0.040525
0 0.066323 0.388184 0.016043 0.054689
5 0.358532 0.208107 0.062127 0.025851
5 0.696588 0.156481 0.062879 0.025052
5 0.075761 0.150186 0.052948 0.022760
3 0.141619 0.626316 0.023273 0.037103
2 0.322166 0.669092 0.276648 0.017199
15 0.193826 0.642429 0.020262 0.034237
16 0.756947 0.733688 0.081328 0.046973
15 0.755185 0.619544 0.021807 0.032647
2 0.137526 0.663765 0.048894 0.025981
0 0.687871 0.356872 0.015137 0.089871
2 0.779441 0.411562 0.019578 0.042639
2 0.126619 0.162324 0.026670 0.020210
2 0.376859 0.126126 0.528905 0.016885
2 0.508575 0.207534 0.064413 0.016118
2 0.569014 0.168616 0.145610 0.017684
15 0.681730 0.266727 0.017725 0.028870
15 0.539609 0.314810 0.021180 0.029540
15 0.507452 0.354786 0.018039 0.033979
15 0.508107 0.396707 0.018096 0.033010
15 0.450408 0.642639 0.020656 0.031832
2 0.286970 0.711469 0.348022 0.016626
15 0.249857 0.571513 0.020787 0.028499
2 0.843737 0.654625 0.201420 0.019952
