16 0.845968 0.653736 0.15 0.05077
0 0.535484 0.195665 0.032258 0.028523
0 0.294355 0.197376 0.049194 0.016543
0 0.267742 0.295493 0.049194 0.020536
1 0.296774 0.423845 0.020968 0.039932
2 0.570161 0.433542 0.058065 0.022248
2 0.580645 0.409013 0.064516 0.018825
10 0.499194 0.411295 0.030645 0.069025
2 0.781452 0.435254 0.075 0.016543
15 0.671774 0.470622 0.046774 0.032516
15 0.609677 0.505419 0.048387 0.029093
15 0.766935 0.523103 0.041935 0.030234
15 0.725806 0.440958 0.041935 0.033086
15 0.825 0.50599 0.05 0.029663
2 0.859677 0.458642 0.023387 0.057616
0 0.88871 0.436395 0.020161 0.034227