2 0.6923838038209296 0.2865604838709677 0.05595095523239236 0.011044354838709677
0 0.4591759338465925 0.35577822580645163 0.06006558311947534 0.013939516129032258
0 0.646489877388081 0.45503629032258064 0.05355004277159966 0.02290725806451613
5 0.6463444539492443 0.47494758064516124 0.045143997718848014 0.014435483870967741
0 0.19515540347875676 0.3471814516129032 0.04737097234103222 0.013838709677419354
2 0.6908269175933847 0.41754838709677417 0.05895352152837183 0.010362903225806451
0 0.7596948959224409 0.43628225806451615 0.04840889649272883 0.025185483870967744
11 0.2871799258625606 0.31236290322580645 0.0867065868263473 0.053721774193548386
0 0.4429911605360707 0.5808749999999999 0.06268605645851155 0.013024193548387096
12 0.44187339606501286 0.5958467741935484 0.06424579412603365 0.015536290322580646
