2 0.687000 0.659651 0.059749 0.012220
2 0.706276 0.703475 0.098239 0.011728
11 0.311955 0.298244 0.107541 0.073554
13 0.409151 0.666589 0.061855 0.014621
2 0.698778 0.685485 0.083243 0.011455
2 0.655527 0.637608 0.046435 0.012401
2 0.716014 0.721731 0.117714 0.014124
1 0.396141 0.351813 0.036729 0.017271
2 0.784706 0.513563 0.023137 0.013723
1 0.791225 0.459136 0.034467 0.014657
1 0.613412 0.317981 0.035545 0.015549
12 0.411363 0.687004 0.088686 0.022947
0 0.361406 0.722483 0.030161 0.018320
5 0.845082 0.523108 0.054290 0.023984
0 0.821198 0.633111 0.027141 0.015767
0 0.109833 0.481565 0.026020 0.015161
0 0.396600 0.652762 0.039710 0.015992
0 0.557492 0.491013 0.036365 0.019988
0 0.907229 0.447811 0.025682 0.015985
0 0.517522 0.425379 0.049906 0.018508
0 0.616024 0.527153 0.052706 0.015324
0 0.845069 0.505318 0.050843 0.017768
