16 0.2814915572232645 0.7934266666666667 0.037354596622889306 0.15618666666666667
15 0.6925140712945591 0.7936133333333334 0.026679174484052534 0.03221333333333334
0 0.5050187617260788 0.3526666666666667 0.07118198874296434 0.027786666666666668
1 0.5807317073170731 0.62376 0.02183864915572233 0.058146666666666666
0 0.4706003752345216 0.4053733333333333 0.06509380863039399 0.03836
15 0.5990337711069419 0.38050666666666666 0.026894934333958724 0.031213333333333333
0 0.579953095684803 0.8111999999999999 0.07831144465290807 0.03253333333333333
15 0.5889774859287055 0.4406266666666667 0.028808630393996247 0.03489333333333334
1 0.6730956848030019 0.45088000000000006 0.018386491557223265 0.057879999999999994
0 0.5064258911819888 0.6913066666666667 0.039634146341463415 0.021106666666666666
2 0.8259287054409006 0.57016 0.01952157598499062 0.11628
1 0.7282082551594746 0.6458666666666666 0.019352720450281424 0.06150666666666667
2 0.8639962476547842 0.5426799999999999 0.01727954971857411 0.10310666666666667
0 0.5594652908067542 0.7501333333333333 0.06942776735459663 0.03372
2 0.5082645403377111 0.5445866666666667 0.023377110694183866 0.08367999999999999
15 0.7659005628517824 0.5498266666666667 0.023067542213883678 0.03369333333333333
1 0.7388649155722327 0.5018533333333333 0.01979362101313321 0.058186666666666664
0 0.5228986866791745 0.29042666666666667 0.04421200750469043 0.02776
15 0.4468855534709193 0.5073733333333333 0.025656660412757975 0.03284
2 0.7018386491557222 0.5223733333333332 0.018433395872420263 0.07134666666666667
15 0.804202626641651 0.568 0.022204502814258915 0.03489333333333334
2 0.4773545966228893 0.51332 0.023114446529080675 0.11270666666666666
0 0.5383208255159475 0.23240000000000002 0.04207317073170732 0.02276
15 0.41829268292682925 0.5208933333333333 0.03072232645403377 0.03914666666666666
2 0.5459474671669794 0.56516 0.024887429643527206 0.054040000000000005
2 0.7890806754221388 0.56296 0.01900562851782364 0.12008
2 0.7644934333958725 0.5108933333333333 0.025891181988742965 0.04673333333333333
