2 0.675065 0.157338 0.015710 0.064185
2 0.440202 0.359142 0.021258 0.085068
2 0.668254 0.342722 0.015185 0.064772
0 0.671105 0.429875 0.028274 0.034242
0 0.603290 0.389578 0.016516 0.019601
0 0.604875 0.120242 0.039008 0.048672
0 0.684823 0.076916 0.038226 0.047377
1 0.272052 0.237876 0.015976 0.040165
5 0.488077 0.083349 0.024218 0.059379
1 0.790230 0.183538 0.015702 0.030234
5 0.834020 0.229954 0.025395 0.057925
16 0.300109 0.400718 0.040056 0.086351
15 0.556952 0.253358 0.039919 0.034857
2 0.406919 0.250200 0.022871 0.201425
