11 0.2593725490196078 0.11966040024257125 0.06373333333333334 0.02400848999393572
2 0.21505098039215687 0.061934505761067314 0.08649411764705882 0.016349302607640996
0 0.11766666666666667 0.22300181928441482 0.023227450980392157 0.01901152213462705
2 0.17350196078431374 0.12221952698605215 0.07283529411764705 0.017070952092177075
1 0.08286274509803922 0.36617950272892663 0.0878470588235294 0.04326864766525167
0 0.09125098039215686 0.19166767738023044 0.021239215686274508 0.020412371134020616
2 0.5467764705882353 0.11321406913280777 0.17224313725490198 0.024208611279563374
2 0.23409411764705884 0.32171012734990906 0.09618039215686275 0.034845360824742266
2 0.20244313725490196 0.09382656155245603 0.0623764705882353 0.014275318374772588
2 0.28001176470588235 0.2913159490600364 0.1136235294117647 0.04240145542753184
