2 0.09958904109589041 0.29360889395667045 0.02676873489121676 0.04759407069555303
2 0.3726510878323932 0.43549600912200687 0.14065269943593878 0.020250855188141393
2 0.3888477034649476 0.12993158494868873 0.10797743755036261 0.021168757126567846
16 0.7799274778404512 0.715855188141391 0.14174053182917004 0.03932155074116306
2 0.33311039484286864 0.3935689851767389 0.05603545527800162 0.019458380843785636
3 0.30436744560838036 0.24493728620296465 0.061804995970991136 0.05044469783352338
11 0.5135374697824335 0.21117445838084378 0.051482675261885574 0.04549600912200684
2 0.3979935535858179 0.1576054732041049 0.08744560838033844 0.020450399087799314
0 0.4999435938759065 0.30071835803876856 0.02319903303787268 0.03547320410490308
2 0.136406124093473 0.3136659064994298 0.024504431909750202 0.04191562143671607
2 0.8575342465753425 0.3130615735461802 0.02991941982272361 0.06990307867730901
7 0.21087026591458502 0.39664196123147094 0.027929089443996774 0.09118015963511973
6 0.2533843674456084 0.3723945267958951 0.024069298952457695 0.0367787913340935
15 0.4637550362610798 0.3497263397947548 0.043746978243352136 0.034475484606613455
6 0.19490733279613215 0.2993728620296465 0.04508460918614021 0.0716248574686431
2 0.5530781627719581 0.2994868871151653 0.04462530217566479 0.08392816419612315
