0 0.282314 0.741128 0.022541 0.024306
15 0.213831 0.605758 0.032510 0.041061
0 0.057157 0.328824 0.024322 0.023408
0 0.079651 0.419985 0.020847 0.022565
0 0.190578 0.410376 0.024569 0.023408
1 0.226951 0.229879 0.086067 0.044669
10 0.184518 0.086119 0.127678 0.030431
2 0.251727 0.668302 0.110192 0.048357
5 0.263151 0.312344 0.127533 0.027538
2 0.127743 0.708569 0.071353 0.016628
7 0.198618 0.128957 0.132176 0.030382
15 0.219961 0.728335 0.033749 0.043366
15 0.390147 0.717041 0.025682 0.042377
15 0.095402 0.220331 0.031024 0.041061
15 0.096080 0.351883 0.025227 0.041898
15 0.200747 0.279733 0.027094 0.040934
15 0.095749 0.623296 0.030776 0.042213
3 0.233239 0.538942 0.055341 0.046058
2 0.106918 0.683111 0.031851 0.017271
