15 0.7658196078431372 0.6689144936325045 0.02823529411764706 0.03887810794420861
11 0.8634901960784314 0.2960097028502123 0.028137254901960784 0.08420254699818071
15 0.8317333333333333 0.18023044269254093 0.025980392156862746 0.031388720436628256
15 0.7650313725490195 0.24146149181322013 0.028780392156862747 0.033335354760460886
2 0.766513725490196 0.1899393571861734 0.08093333333333333 0.03733778047301395
1 0.7259568627450981 0.727459066100667 0.06754901960784314 0.03311704063068526
4 0.8925058823529411 0.5073559733171619 0.11767450980392156 0.023620375985445728
0 0.7442078431372549 0.4857246816252274 0.02336470588235294 0.028023044269254095
0 0.8874588235294117 0.4829472407519709 0.027945098039215688 0.02673741661613099
2 0.8250901960784314 0.23439053972104304 0.07549411764705882 0.038241358399029715
15 0.8902666666666667 0.24949666464523954 0.026196078431372546 0.039957550030321407
15 0.8402000000000001 0.2971619163129169 0.03569411764705882 0.036979987871437234
7 0.8333333333333334 0.12332322619769558 0.11132941176470587 0.025530624620982413
