0 0.09895119733252501 0.5391254901960785 0.10787814489239163 0.027388235294117647
0 0.6533616247347681 0.46598039215686277 0.05406183692027887 0.03014509803921569
2 0.4401849045165202 0.20813333333333334 0.10062746286753563 0.02476078431372549
0 0.58883904213398 0.5302156862745098 0.10321915732040012 0.027498039215686276
2 0.5081964231585329 0.31928235294117646 0.0922158229766596 0.028188235294117646
0 0.09635344043649591 0.5001450980392157 0.10668081236738405 0.03005098039215686
0 0.2835556229160352 0.49604705882352945 0.13863595028796605 0.04993333333333333
15 0.32903000909366475 0.5660941176470589 0.029824189148226734 0.031435294117647054
2 0.2745286450439527 0.2016980392156863 0.09501060927553805 0.029439215686274507
2 0.3804061836920279 0.2445372549019608 0.09393149439224008 0.026015686274509807
13 0.15419217944831767 0.4684509803921568 0.09618066080630494 0.01803529411764706
2 0.11119733252500758 0.1971450980392157 0.08099424067899363 0.02809019607843137
15 0.17442558351015458 0.1556392156862745 0.026993028190360716 0.02951372549019608
11 0.8595059108820855 0.47018039215686275 0.13435586541376174 0.26040392156862746
1 0.31524098211579266 0.650556862745098 0.059311912700818425 0.02668627450980392
11 0.8878023643528342 0.5401176470588235 0.022400727493179753 0.06572941176470588
15 0.3235465292512883 0.5730941176470589 0.02971203394968172 0.03227058823529412
2 0.5088299484692331 0.6593254901960784 0.07205516823279783 0.021627450980392156
2 0.4793088814792361 0.28141176470588236 0.10477720521370112 0.02672156862745098
7 0.5321642922097605 0.6926862745098039 0.09906638375265232 0.016858823529411766
13 0.06580782055168233 0.46847843137254896 0.07824492270384965 0.019533333333333333
2 0.5071658078205518 0.7372313725490196 0.09689906032130949 0.023749019607843137
8 0.5891724765080327 0.5522901960784313 0.09827220369809032 0.01957254901960784
0 0.52071233707184 0.47344313725490195 0.05066686874810549 0.02532156862745098
0 0.10950591088208547 0.07934117647058823 0.06754167929675658 0.029388235294117646
13 0.5800879054258866 0.352956862745098 0.08836617156714155 0.013976470588235295
0 0.2394392240072749 0.7399490196078431 0.03387390118217642 0.026647058823529413
3 0.3190572900879054 0.328321568627451 0.03414671112458321 0.029058823529411762
