2 0.744076 0.595823 0.035234 0.013723
2 0.748002 0.645564 0.027737 0.014647
2 0.776328 0.651991 0.017526 0.012855
2 0.745710 0.745491 0.032434 0.017226
2 0.734367 0.770864 0.069932 0.017072
0 0.165436 0.738824 0.013734 0.015328
0 0.117742 0.756148 0.014208 0.012652
6 0.144889 0.233783 0.015353 0.014623
6 0.134892 0.250361 0.013444 0.011411
6 0.077648 0.397798 0.011089 0.017543
6 0.063837 0.389988 0.009886 0.019619
11 0.076599 0.367076 0.008409 0.021419
0 0.525470 0.484169 0.013039 0.043812
0 0.360453 0.559931 0.019333 0.019505
0 0.364108 0.532620 0.019424 0.019578
0 0.327417 0.516691 0.022121 0.019189
0 0.257799 0.454700 0.015063 0.025556
2 0.764048 0.244331 0.055428 0.015361
0 0.547950 0.484331 0.013039 0.046050
2 0.793863 0.289891 0.010462 0.042863
0 0.619892 0.484006 0.008540 0.028143
0 0.639789 0.484006 0.009669 0.028143
0 0.657999 0.483532 0.011015 0.036780
2 0.778797 0.284335 0.010616 0.031314
2 0.696488 0.228037 0.041995 0.014436
2 0.769005 0.442287 0.038706 0.013268
2 0.742035 0.471938 0.055291 0.014436
2 0.725627 0.513958 0.024721 0.015880
2 0.753757 0.522441 0.032851 0.015572
2 0.756422 0.537822 0.025479 0.014006
15 0.691445 0.520069 0.016904 0.020349
1 0.788027 0.631983 0.019213 0.012595
15 0.894071 0.748167 0.020696 0.030949
15 0.708569 0.267084 0.013900 0.024420
15 0.683600 0.302705 0.017303 0.021792
8 0.682343 0.481882 0.012531 0.060714
15 0.834618 0.607794 0.014185 0.020746
0 0.857249 0.477579 0.010770 0.038646
0 0.830162 0.485353 0.009994 0.039092
15 0.629709 0.321119 0.017377 0.020681
3 0.730091 0.427790 0.011528 0.015418
8 0.807677 0.467948 0.014327 0.063569
7 0.745770 0.495552 0.046226 0.019002
15 0.718575 0.457697 0.014778 0.022141
15 0.810810 0.540337 0.017651 0.020673
6 0.449666 0.391565 0.012936 0.014777
11 0.324706 0.735543 0.071294 0.044761
11 0.269649 0.753127 0.038409 0.020057
8 0.530721 0.705105 0.015445 0.062766
7 0.668720 0.751975 0.047098 0.020981
1 0.663050 0.677384 0.011163 0.028962
15 0.723062 0.735158 0.015188 0.023358
15 0.775573 0.737972 0.015353 0.021022
15 0.768207 0.716650 0.015490 0.023374
7 0.807278 0.752441 0.046345 0.020016
7 0.800422 0.777413 0.046579 0.020178
11 0.064048 0.354955 0.008267 0.021573
6 0.497078 0.325089 0.015832 0.013082
6 0.445667 0.343374 0.013113 0.014777
6 0.499971 0.372798 0.014128 0.015020
