15 0.752227602905569 0.20293044469783353 0.038135593220338986 0.03088369441277081
8 0.7302179176755448 0.3196921322690992 0.09858757062146893 0.022428734321550743
2 0.24501210653753025 0.1976168757126568 0.02602905569007264 0.10220638540478906
3 0.3492413236481033 0.1828563283922463 0.035560936238902344 0.025678449258836944
15 0.307635189669088 0.13255416191562144 0.04155770782889427 0.028232611174458383
15 0.7166020984665052 0.24191562143671608 0.04170298627925747 0.02782212086659065
2 0.5204923325262308 0.6197605473204104 0.20092009685230025 0.02870581527936146
2 0.7983050847457628 0.24798745724059296 0.02652138821630347 0.04568985176738882
7 0.8048022598870056 0.3146066134549601 0.02798224374495561 0.07538198403648802
15 0.43534301856335755 0.26787343215507414 0.033091202582728005 0.029184720638540478
10 0.8388619854721548 0.22302166476624857 0.027207425343018565 0.05603762827822121
2 0.7968926553672316 0.18109464082098062 0.028377723970944308 0.07718358038768529
0 0.5367635189669088 0.45543899657924747 0.03368845843422115 0.03234321550741163
15 0.6982082324455207 0.48959521094640823 0.03531880548829701 0.025125427594070694
0 0.5218240516545601 0.2802565564424173 0.07811945117029863 0.018683010262257698
15 0.7340516545601291 0.49003420752565563 0.03404358353510896 0.026955530216647663
3 0.23308313155770785 0.5091448118586088 0.030048426150121064 0.022941847206385407
7 0.3154640839386602 0.10517103762827822 0.10397901533494755 0.023187001140250855
2 0.7530347054075868 0.46262257696693276 0.028377723970944308 0.09552451539338655
0 0.5056012913640032 0.33843215507411634 0.04723970944309928 0.019201824401368302
0 0.5128571428571428 0.09657924743443558 0.040516545601291365 0.01999429874572406
0 0.5143099273607749 0.30828392246294184 0.07993543179983859 0.019714937286202962
2 0.20950766747376914 0.609321550741163 0.08482647296206618 0.020467502850627137
2 0.44756255044390636 0.1593956670467503 0.02397094430992736 0.059874572405929305
3 0.26628732849071834 0.5416704675028506 0.025141242937853105 0.021174458380843787
11 0.20100887812752222 0.5823204104903078 0.08734463276836157 0.04019954389965793
2 0.17511702986279257 0.5323261117445839 0.024382566585956417 0.06612884834663625
2 0.480225988700565 0.15979475484606612 0.025431799838579502 0.03360319270239453
1 0.31318805488297013 0.2743956670467503 0.04948345439870864 0.01947548460661345
15 0.38368038740920096 0.29627137970353473 0.037820823244552056 0.02813568985176739
9 0.7613317191283293 0.5468928164196123 0.030016142050040353 0.05611744583808438
16 0.8590718321226797 0.6524572405929305 0.12090395480225989 0.0359521094640821
