2 0.24483319076133447 0.16801209677419354 0.04897348160821215 0.019556451612903227
2 0.2314599372683205 0.19590725806451614 0.04496435700028514 0.014080645161290324
1 0.18853150841174793 0.7433225806451613 0.036347305389221554 0.012383064516129033
0 0.33768748217850014 0.3920725806451613 0.03277159965782721 0.020504032258064516
2 0.2716310236669518 0.34922983870967744 0.05914741944682065 0.023516129032258064
0 0.19749358426005134 0.39268951612903225 0.02432848588537211 0.020862903225806452
0 0.1669347020245224 0.5378467741935483 0.025369261477045907 0.025955645161290324
2 0.16687482178500143 0.24218951612903225 0.010781294553749644 0.04817741935483871
11 0.2753949244368406 0.30958870967741936 0.06914456800684346 0.022705645161290325
1 0.3802480752780154 0.453616935483871 0.07268890789848874 0.018120967741935484
