0 0.605182 0.447480 0.023261 0.021539
0 0.836933 0.446773 0.021291 0.020946
0 0.235815 0.447859 0.022639 0.020211
0 0.122692 0.447198 0.021751 0.017953
2 0.197111 0.337808 0.044939 0.020564
2 0.433245 0.322771 0.044278 0.022064
0 0.820331 0.357557 0.023584 0.018877
2 0.680291 0.385242 0.044229 0.021956
2 0.708297 0.266055 0.100065 0.022109
2 0.652680 0.291217 0.106634 0.020542
7 0.834826 0.274113 0.075141 0.018877
8 0.774887 0.387985 0.022930 0.042104
8 0.251877 0.318050 0.024237 0.043968
8 0.397365 0.393372 0.023834 0.042412
0 0.319136 0.448746 0.025149 0.020205
0 0.359379 0.447968 0.025149 0.022651
0 0.519976 0.447814 0.024520 0.020872
0 0.562893 0.448811 0.024205 0.021545
0 0.779350 0.447546 0.021106 0.020952
