2 0.3245410490307868 0.13176944780330513 0.07689281641961232 0.013583232567513101
16 0.8910262257696693 0.7264369205965336 0.09781071835803877 0.05411124546553809
2 0.4895610034207526 0.10392583635630794 0.07741163055872292 0.0162353889560661
0 0.24303021664766247 0.318782748891576 0.010347776510832383 0.027085852478839177
2 0.6811516533637401 0.1285247883917775 0.06748289623717217 0.014949617089883113
0 0.26177594070695553 0.28652559451833937 0.013779931584948689 0.039540507859733974
2 0.09274800456100342 0.18469165659008466 0.05620296465222349 0.015409109230149131
2 0.62037913340935 0.10662636033857316 0.18265963511972633 0.01165659008464329
2 0.36871151653363743 0.10762595727529221 0.164421322690992 0.013905683192261185
2 0.7281242873432155 0.2720395002015316 0.01855188141391106 0.06592906086255541
0 0.4788369441277081 0.3184562676340186 0.014811858608893957 0.04599758162031439
0 0.7594441277080958 0.321205159209996 0.013329532497149372 0.1650987505038291
2 0.49712086659064997 0.07629987908101572 0.43011972633979473 0.021047964530431278
0 0.22424743443557582 0.31985892785167275 0.011476624857468642 0.02686416767432487
9 0.072884834663626 0.1970253929866989 0.025074116305587226 0.010060459492140267
10 0.650578677309008 0.09581217251108425 0.01937571265678449 0.0098105602579605
7 0.6541619156214368 0.10640870616686819 0.025715507411630558 0.010048367593712212
10 0.40212371721778795 0.0952559451833938 0.019293044469783353 0.009721886336154777
7 0.405863740022805 0.10560661023780733 0.02636259977194983 0.010544135429262394
0 0.33037913340935005 0.29499798468359534 0.00903648802736602 0.03635630794034664
8 0.47689281641961234 0.27216444981862153 0.007645381984036488 0.03393389762192664
8 0.6112628278221208 0.2894760177347844 0.007559863169897377 0.035703345425231764
0 0.6104076396807298 0.3436920596533656 0.01080102622576967 0.034212011285771865
15 0.5802793614595211 0.37546956872228937 0.009615165336374002 0.014252317613865377
15 0.3895724059293044 0.37539298669891175 0.011564994298745725 0.011938734381297864
9 0.9230615735461801 0.19388553002821443 0.02450684150513113 0.009218057234985894
