2 0.3182453290008123 0.209903078677309 0.018367181153533713 0.0564709236031927
2 0.31923639317627944 0.2786088939566705 0.020528025995125914 0.07608893956670468
15 0.7714784727863526 0.07363169897377424 0.025410235580828597 0.02173888255416192
15 0.8517059301380991 0.09091790193842646 0.02388302193338749 0.020940706955530214
2 0.3191876523151909 0.5342531356898518 0.019715678310316814 0.06252565564424173
2 0.318480909829407 0.37202394526795896 0.017904142973192524 0.0975199543899658
2 0.8803574329813161 0.36994868871151654 0.02958570268074736 0.5420809578107183
2 0.8249715678310316 0.15030216647662487 0.020398050365556458 0.10453819840364881
0 0.5986108854589764 0.6660661345496008 0.04873273761169781 0.018597491448118585
1 0.3893176279447604 0.6321379703534777 0.01874898456539399 0.06243443557582668
2 0.31815597075548335 0.45981185860889395 0.017871649065800164 0.08092930444697832
2 0.31740861088545896 0.1411345496009122 0.017985377741673438 0.08234891676168757
15 0.5041429731925264 0.5941448118586089 0.02411860276198213 0.020957810718358037
2 0.3187327376116978 0.603751425313569 0.019008935824532898 0.08274800456100341
2 0.6087246141348498 0.9366248574686431 0.23561332250203088 0.02627708095781072
2 0.8254102355808286 0.8105245153933865 0.021047928513403737 0.06336944127708097
15 0.5011779041429733 0.20315849486887114 0.021779041429731923 0.02039908779931585
0 0.6011616571892769 0.05308437856328392 0.03406986190089358 0.015496009122006842
1 0.3890820471161657 0.1122405929304447 0.020089358245329002 0.05630558722919043
0 0.6137692932575142 0.0733751425313569 0.022696994313566206 0.015313568985176738
15 0.5036799350121852 0.12445267958950969 0.021941510966693747 0.019874572405929304
1 0.665450852965069 0.11310718358038768 0.01898456539398863 0.05656214367160775
15 0.8264337936636881 0.6534378563283924 0.021470349309504467 0.01854047890535918
0 0.5879853777416734 0.07335233751425313 0.027904142973192526 0.015855188141391106
1 0.7941510966693746 0.24072405929304447 0.018805848903330626 0.059743443557582675
0 0.6282290820471161 0.5151026225769669 0.028310316815597078 0.013939566704675029
0 0.6159707554833469 0.2188939566704675 0.026799350121852153 0.013511972633979475
15 0.5005605199025184 0.5466476624857469 0.02264825345247766 0.02054161915621437
1 0.6616571892770106 0.6183067274800456 0.026888708367181154 0.03360319270239453
8 0.5568887083671812 0.6161915621436715 0.07692932575142161 0.018517673888255416
9 0.8172542648253452 0.753563283922463 0.022591389114541022 0.041202964652223485
15 0.709374492282697 0.9321949828962371 0.026173842404549147 0.020302166476624858
16 0.3016246953696182 0.8946636259977195 0.07662875710804225 0.09393956670467503
0 0.6306742485783916 0.37986887115165335 0.06184402924451665 0.018181299885974916
15 0.5037205523964257 0.3393956670467503 0.025588952071486596 0.021334093500570125
