1 0.722869 0.465698 0.063936 0.020427
3 0.436303 0.295113 0.028694 0.011871
11 0.399532 0.378819 0.017193 0.051492
15 0.420973 0.341480 0.024010 0.026234
15 0.376828 0.369016 0.025773 0.020839
15 0.266429 0.318020 0.026583 0.019879
15 0.168337 0.391714 0.024216 0.027621
0 0.137798 0.459738 0.019920 0.126895
0 0.417019 0.477903 0.013012 0.057565
0 0.292787 0.449480 0.012442 0.041331
15 0.120550 0.339605 0.024216 0.026919
1 0.173046 0.542391 0.046343 0.013879
11 0.233212 0.333210 0.018437 0.041790
2 0.274946 0.546113 0.091192 0.016758
0 0.249897 0.451331 0.011124 0.037581
0 0.096669 0.477077 0.016212 0.079960
2 0.287128 0.584246 0.115248 0.016056
2 0.275054 0.113673 0.140696 0.017685
2 0.318317 0.179516 0.053166 0.017710
2 0.297467 0.220169 0.051078 0.015935
5 0.154732 0.128633 0.064934 0.020540
2 0.289752 0.252137 0.037347 0.016532
2 0.341660 0.251609 0.034797 0.015347
5 0.393699 0.134024 0.064284 0.021323
16 0.603756 0.680927 0.122812 0.048355
15 0.353634 0.163444 0.019441 0.037968
15 0.196891 0.171008 0.019863 0.037403
