0 0.626328 0.335778 0.019871 0.013267
7 0.595258 0.428566 0.065496 0.015422
10 0.789778 0.430847 0.044108 0.014647
7 0.843386 0.484612 0.065157 0.015941
7 0.594818 0.616029 0.062405 0.014909
10 0.790504 0.615710 0.043818 0.015422
10 0.789419 0.243429 0.043212 0.014726
8 0.592159 0.314444 0.020928 0.043575
8 0.592906 0.500048 0.020565 0.043575
0 0.626368 0.702386 0.022195 0.014909
0 0.592526 0.710416 0.020016 0.013238
0 0.593709 0.529952 0.019944 0.013255
0 0.626392 0.521149 0.020307 0.013267
7 0.595250 0.242933 0.065319 0.014783
8 0.592906 0.680832 0.021082 0.043592
0 0.593253 0.344216 0.019435 0.013267
