0 0.6366343238326257 0.422321568627451 0.04220133414190419 0.022666666666666665
0 0.36452395391146153 0.4231450980392157 0.028714372346876897 0.019372549019607842
0 0.41172832019405703 0.42265882352941175 0.032158884172225594 0.021780392156862744
5 0.40997574287446936 0.4410588235294118 0.04553062462098241 0.015937254901960785
2 0.3068587022437841 0.7429333333333333 0.016046088538508186 0.04392156862745098
1 0.44651910248635535 0.5954823529411765 0.03915100060642814 0.01188235294117647
2 0.3456701030927835 0.7104235294117647 0.04644026682838084 0.012015686274509805
2 0.11066707095209219 0.2578039215686274 0.09335354760460886 0.02775686274509804
2 0.507725894481504 0.20803137254901963 0.04908429351121892 0.01096470588235294
5 0.6288295936931474 0.44199999999999995 0.04690115221346271 0.016541176470588236
2 0.5580351728320194 0.36459607843137254 0.057107337780473014 0.011505882352941177
11 0.1235415403274712 0.21946666666666667 0.08538508186779867 0.021223529411764704
0 0.41519102486355364 0.6888392156862745 0.057992722862340806 0.02651764705882353
2 0.5503941782898727 0.351835294117647 0.07055791388720437 0.012368627450980392
2 0.5499151000606428 0.20768627450980393 0.03776834445118254 0.010650980392156863
3 0.6023529411764705 0.5777019607843138 0.03808368708308065 0.010650980392156863
2 0.5123711340206185 0.34191372549019605 0.09967252880533657 0.010643137254901961
11 0.09068526379624015 0.7029803921568627 0.028180715585203152 0.04636078431372549
0 0.06218920557913887 0.28348235294117646 0.03316555488174651 0.015466666666666665
0 0.056349302607641 0.6738196078431372 0.02976349302607641 0.026486274509803925
0 0.2218677986658581 0.6716235294117647 0.029739235900545787 0.027450980392156862
3 0.182310491206792 0.6694274509803921 0.033383869011522134 0.019850980392156863
2 0.141922377198302 0.6405176470588235 0.04200121285627653 0.026266666666666667
2 0.1027774408732565 0.6583450980392157 0.05805942995755003 0.026596078431372547
2 0.10679199514857489 0.7326431372549019 0.036130988477865375 0.015050980392156865
2 0.17924802910855062 0.7252078431372548 0.045469981807155856 0.013654901960784314
2 0.12884172225591267 0.7660470588235294 0.06550636749545179 0.023623529411764706
13 0.41447543966040024 0.8512156862745097 0.0497089144936325 0.02287843137254902
11 0.5771134020618557 0.7493803921568628 0.08776228016979988 0.16101176470588235
11 0.4905942995755003 0.7501568627450981 0.08343844754396604 0.16611764705882354
11 0.5332019405700424 0.8635607843137255 0.14768344451182536 0.061819607843137246
0 0.5978411158277744 0.42262745098039217 0.023723468768950876 0.018611764705882352
1 0.5861127956337174 0.2896941176470588 0.03372346876895088 0.015105882352941177
2 0.5004366282595513 0.21990588235294117 0.04397210430563978 0.011058823529411765
13 0.6104244996967859 0.19856470588235292 0.055336567616737414 0.012525490196078432
0 0.6470345664038811 0.20899607843137258 0.05932686476652516 0.01007843137254902
0 0.6422013341419042 0.2191137254901961 0.06103699211643421 0.011913725490196078
0 0.7302425712553063 0.25221960784313724 0.03607640994542147 0.03135686274509804
11 0.8164523953911461 0.6255686274509804 0.04510006064281383 0.024415686274509803
