3 0.7203818034118602 0.6099771949828963 0.031779041429731925 0.02571835803876853
15 0.8042242079610074 0.7731698973774231 0.05206336311941511 0.04132269099201825
0 0.5402112103980503 0.6803591790193843 0.08363931762794476 0.028591790193842646
0 0.5316653127538586 0.7265678449258838 0.0915353371242892 0.025461801596351197
11 0.6284646628757108 0.6607867730900798 0.09133225020308693 0.03250855188141391
2 0.35922014622258325 0.6103648802736602 0.018521527213647443 0.05428164196123147
2 0.25699431356620633 0.5276111744583808 0.016750609260763608 0.08824401368301027
0 0.5063606823720552 0.7549543899657926 0.06429731925264014 0.021265678449258835
2 0.2133387489845654 0.5749828962371721 0.017782290820471162 0.12320980615735462
2 0.7805767668562145 0.520096921322691 0.03753046303818034 0.09029076396807298
0 0.6709504467912267 0.7102964652223489 0.09761169780666125 0.026870011402508553
2 0.32373679935012184 0.5124515393386545 0.023948009748172218 0.0709236031927024
0 0.5606011372867588 0.48898517673888253 0.09010560519902519 0.023950969213226907
0 0.5567506092607636 0.4233523375142531 0.04043866774979692 0.01919612314709236
0 0.3518683996750609 0.49906499429874573 0.021056051990251828 0.03977194982896237
0 0.5663850528025995 0.46725199543899654 0.08709991876523152 0.021345496009122007
0 0.5596831844029245 0.44362029646522233 0.08593826157595451 0.02170467502850627
2 0.2961982128350934 0.5479988597491449 0.01545085296506905 0.052765108323831245
1 0.49712428919577584 0.555381984036488 0.026896831844029245 0.058238312428734326
1 0.7466450040617384 0.4984321550741163 0.029764419171405362 0.08225769669327251
2 0.758123476848091 0.6073888255416191 0.02571080422420796 0.07952679589509692
2 0.43870836718115347 0.4965678449258837 0.1099187652315191 0.024230330672748004
