5 0.205621 0.108952 0.075792 0.032619
5 0.413233 0.109602 0.076807 0.032783
11 0.355599 0.267101 0.071117 0.046376
3 0.361833 0.484669 0.036688 0.020546
15 0.260151 0.226103 0.027839 0.040296
10 0.205154 0.160444 0.076499 0.032938
3 0.343760 0.509006 0.039800 0.019244
2 0.867107 0.276812 0.103518 0.044505
2 0.916046 0.426832 0.032674 0.168005
0 0.556511 0.546064 0.168438 0.023024
0 0.558532 0.566559 0.169778 0.017966
0 0.560066 0.586060 0.167873 0.021489
0 0.236243 0.434906 0.016374 0.055643
0 0.205952 0.377256 0.014036 0.065830
0 0.451659 0.378352 0.014036 0.066633
2 0.320419 0.421231 0.089869 0.022120
2 0.328880 0.395171 0.035422 0.022206
2 0.388629 0.378765 0.016517 0.130390
0 0.477879 0.376886 0.014230 0.065292
3 0.328589 0.360549 0.040553 0.023188
0 0.560066 0.606391 0.168991 0.019174
0 0.416548 0.377284 0.015205 0.067163
2 0.316542 0.206458 0.061078 0.023983
2 0.325120 0.232973 0.042235 0.023765
2 0.309507 0.153687 0.075376 0.021543
