1 0.728461 0.644247 0.019783 0.064008
15 0.598831 0.376482 0.025929 0.036089
15 0.448723 0.507887 0.024550 0.035093
1 0.673657 0.452668 0.017292 0.065628
15 0.418700 0.520879 0.025804 0.037530
1 0.583509 0.626555 0.018375 0.063700
2 0.825627 0.569996 0.015758 0.113854
2 0.788586 0.532421 0.020490 0.043174
2 0.699427 0.520915 0.014635 0.090348
2 0.546978 0.566381 0.023273 0.045846
2 0.508053 0.545020 0.017566 0.085069
15 0.689595 0.794194 0.027777 0.039449
15 0.802634 0.569393 0.025895 0.038057
16 0.277491 0.791283 0.035405 0.153628
15 0.766944 0.552522 0.022702 0.038372
2 0.863187 0.539231 0.015086 0.100421
0 0.559484 0.752931 0.069356 0.031336
15 0.588717 0.439607 0.025929 0.037012
0 0.538113 0.232381 0.041345 0.030704
0 0.520767 0.291559 0.038911 0.028397
1 0.741753 0.504053 0.019185 0.064089
0 0.500510 0.354510 0.068455 0.030381
0 0.469929 0.409429 0.057417 0.031182
2 0.477235 0.485170 0.020810 0.049126
0 0.502876 0.694866 0.038101 0.024178
0 0.577115 0.810826 0.071870 0.029053
2 0.763059 0.512466 0.022332 0.047976
