7 0.15165456012913642 0.10611174458380844 0.029071832122679584 0.07595781071835803
7 0.9054640839386601 0.24982896237172178 0.030597255851493137 0.07894526795895097
2 0.15660209846650525 0.18500570125427593 0.05740112994350283 0.07359179019384265
2 0.8951008878127522 0.15576396807297604 0.030920096852300245 0.11087229190421893
8 0.7459564164648911 0.33400798175598634 0.10159806295399515 0.025592930444697834
15 0.7858676351896692 0.24895667046750286 0.039838579499596447 0.0388369441277081
15 0.8285391444713478 0.14341505131128848 0.0382001614205004 0.0301539338654504
15 0.3557223567393059 0.2267217787913341 0.048071025020177564 0.033973774230330676
15 0.6048668280871671 0.21078107183580386 0.042356739305891844 0.02931014823261117
15 0.20558514931396288 0.28582668187001137 0.04280871670702179 0.04140820980615735
2 0.5511783696529459 0.11019384264538198 0.0702905569007264 0.020763968072976056
0 0.5433817594834544 0.26411060433295325 0.08643260694108151 0.019635119726339793
0 0.5440597255851494 0.29315279361459523 0.08780468119451171 0.03305017103762828
0 0.544229217110573 0.3341562143671608 0.08472962066182406 0.024486887115165338
