15 0.49499545316762655 0.4487529411764706 0.01946953622309791 0.023858823529411766
12 0.33576841467111246 0.22690196078431374 0.09640193998181266 0.01224313725490196
0 0.9117762958472264 0.34498039215686277 0.06679296756592906 0.021972549019607844
2 0.626404971203395 0.5869921568627451 0.05659290694149742 0.010701960784313725
2 0.7410639587753864 0.2147529411764706 0.10045468323734465 0.021129411764705883
2 0.7001394361927857 0.13943921568627451 0.18886026068505607 0.02364705882352941
0 0.4253046377690209 0.456843137254902 0.04062140042437102 0.023098039215686275
15 0.6398514701424673 0.5599058823529411 0.020427402243103972 0.025560784313725493
15 0.2863958775386481 0.7014980392156862 0.023094877235525918 0.025372549019607844
10 0.6495635040921491 0.6748117647058823 0.08426492876629282 0.0180078431372549
15 0.628451045771446 0.23364313725490193 0.02151864201273113 0.026227450980392156
15 0.6996150348590483 0.5630235294117647 0.02308881479236132 0.0254
15 0.24366474689299789 0.7249333333333333 0.022803879963625342 0.022211764705882354
15 0.5960200060624432 0.5602 0.023343437405274326 0.02747450980392157
2 0.6382176417096089 0.17789803921568628 0.07549560472870567 0.02399607843137255
15 0.8064837829645347 0.4075803921568627 0.021670203091846012 0.022831372549019607
2 0.593085783570779 0.2140509803921569 0.07148832979690815 0.01835686274509804
10 0.6869778720824493 0.6558313725490196 0.08050318278266141 0.015333333333333334
15 0.5753804183085783 0.4469019607843137 0.020682024856016976 0.021462745098039214
15 0.7073901182176416 0.25023529411764706 0.018890572900879053 0.025270588235294118
0 0.5475416792967566 0.401878431372549 0.0370112155198545 0.0207921568627451
15 0.9152288572294636 0.2778470588235294 0.02195816914216429 0.0243921568627451
15 0.5151167020309184 0.7097372549019607 0.023995150045468323 0.026435294117647057
2 0.698157017277963 0.5973372549019608 0.08665959381630797 0.02230588235294118
15 0.433543498029706 0.730035294117647 0.021045771445892696 0.02084705882352941
2 0.4643225219763565 0.7945921568627451 0.10812064261897544 0.017211764705882353
2 0.47945134889360413 0.7641607843137255 0.09366777811458017 0.012925490196078433
3 0.7569718096392847 0.2682862745098039 0.03854501364049712 0.012470588235294119
10 0.730591088208548 0.618835294117647 0.0951985450136405 0.013749019607843138
0 0.37317065777508335 0.33729411764705886 0.03713246438314641 0.021270588235294118
0 0.8684177023340406 0.5256823529411765 0.06075780539557442 0.02336078431372549
0 0.47549863595028796 0.3575921568627451 0.06670203091846014 0.020909803921568628
0 0.5254501364049712 0.6324039215686275 0.06289784783267657 0.019772549019607844
0 0.5357987268869354 0.6393450980392157 0.07157320400121249 0.020784313725490194
2 0.6831039709002728 0.41249803921568623 0.03907547741739921 0.021333333333333333
15 0.46547741739921183 0.7317960784313725 0.020127311306456504 0.02012549019607843
0 0.8596574719612005 0.3959372549019608 0.034486207941800545 0.01699607843137255
15 0.32727190057593214 0.774556862745098 0.0172749317975144 0.021101960784313728
0 0.8579812064261898 0.40176470588235297 0.03830251591391331 0.020898039215686275
3 0.7615641103364656 0.3205882352941177 0.024846923310093968 0.018909803921568626
2 0.2628341921794483 0.7962588235294118 0.09652015762352228 0.014090196078431372
5 0.5373688996665656 0.6562745098039215 0.08651409518035769 0.016019607843137256
2 0.7266323128220672 0.17721960784313726 0.057959987875113674 0.023294117647058823
0 0.2480600181873295 0.04578823529411765 0.037535616853591997 0.025517647058823527
1 0.5547953925431949 0.3110941176470588 0.04558654137617459 0.022027450980392157
12 0.2793452561382237 0.10964313725490195 0.09659896938466202 0.013752941176470588
13 0.3157441648984541 0.1643058823529412 0.060430433464686274 0.022964705882352943
4 0.37448620794180054 0.3575921568627451 0.09554410427402243 0.01635686274509804
4 0.47743861776295843 0.3778392156862745 0.08717793270688089 0.014549019607843139
