15 0.15407496977025392 0.5728050171037629 0.02595324465941153 0.03293614595210947
16 0.9364449818621524 0.7379076396807297 0.05268440145102782 0.03359179019384265
5 0.4866666666666667 0.5957126567844927 0.048621523579201936 0.026727480045610034
2 0.2986094316807739 0.5870809578107183 0.2667795243853285 0.02153933865450399
2 0.38417170495767833 0.24949828962371723 0.016122531237404272 0.10629988597491448
2 0.6123941958887545 0.39972633979475486 0.018798871422813383 0.06992018244013683
15 0.4439943571140669 0.5682326111744583 0.023115679161628377 0.03240022805017104
1 0.41753728335348655 0.5413226909920182 0.05739621120515921 0.018939566704675028
1 0.4450584441757356 0.31620866590649943 0.05682386134623135 0.01653363740022805
2 0.46735187424425634 0.39657354618015966 0.02276501410721483 0.06384834663625998
15 0.14557436517533254 0.26277080957810717 0.021906489318823056 0.02959521094640821
10 0.3000523982265215 0.6080273660205245 0.0330149133413946 0.017833523375142532
1 0.17933897621926642 0.5420980615735462 0.05432889963724304 0.018990877993158496
3 0.16889157597742846 0.3830444697833523 0.016142684401451026 0.01774230330672748
3 0.17079403466344217 0.4163968072976055 0.015102781136638451 0.015992018244013684
8 0.12917372027408303 0.40119156214367163 0.014836759371221283 0.07457240592930445
0 0.10787988714228133 0.3780102622576967 0.02479242241031842 0.0927594070695553
1 0.14168480451430873 0.31388825541619153 0.027416364369205963 0.01830672748004561
2 0.18088270858524788 0.24597491448118586 0.029758162031438936 0.026242873432155076
15 0.7760580411124547 0.45818700114025085 0.02634421604191858 0.02960661345496009
0 0.8588351471180975 0.3540649942987457 0.06376058041112455 0.03921892816419613
2 0.42259169689641274 0.43080387685290766 0.04700523982265216 0.0215963511972634
