11 0.283871 0.438677 0.058871 0.094695
0 0.262903 0.337136 0.062097 0.019966
0 0.310484 0.26526 0.037097 0.029093
15 0.465323 0.229321 0.037903 0.028523
15 0.129839 0.198517 0.035484 0.023959
15 0.185484 0.173987 0.041129 0.023959
8 0.506452 0.142042 0.129032 0.0251
8 0.512097 0.091272 0.131452 0.024529
0 0.493548 0.071306 0.069355 0.014832
0 0.490323 0.119795 0.076613 0.016543
15 0.581452 0.169994 0.045968 0.024529
15 0.657258 0.159156 0.035484 0.026241
2 0.901613 0.214489 0.032258 0.092983
2 0.928226 0.184826 0.029839 0.096406
1 0.723387 0.248716 0.073387 0.019966
16 0.820161 0.596121 0.15 0.049629