1 0.658852 0.213797 0.021019 0.039909
2 0.682296 0.165906 0.236863 0.019384
15 0.700889 0.221779 0.036378 0.025656
2 0.844786 0.270239 0.021827 0.053592
2 0.919968 0.251425 0.021827 0.037628
2 0.881973 0.242303 0.021827 0.049601
15 0.852061 0.224059 0.033145 0.026796
1 0.820534 0.298746 0.025061 0.039909
15 0.681487 0.309578 0.028294 0.027366
0 0.650768 0.376853 0.058205 0.014253
0 0.631366 0.331243 0.062247 0.014823
16 0.296686 0.403079 0.048504 0.079247
2 0.313662 0.693843 0.021019 0.069555
11 0.474535 0.713797 0.034762 0.029076
11 0.480194 0.684151 0.029911 0.030787
0 0.530315 0.645952 0.03557 0.037058
2 0.388036 0.568415 0.069523 0.049031
2 0.36055 0.547891 0.051738 0.032497