15 0.7573725490196078 0.6201819284414797 0.032215686274509804 0.0406367495451789
1 0.7186431372549019 0.6906913280776228 0.06986274509803922 0.03869011522134627
15 0.9039176470588235 0.2967070952092177 0.02973333333333333 0.035415403274711946
11 0.8771058823529412 0.33012128562765314 0.023090196078431373 0.09679805942995755
15 0.7673725490196078 0.25659187386294724 0.028933333333333335 0.03471194663432384
15 0.8315686274509804 0.2256822316555488 0.030192156862745095 0.03442086112795634
7 0.7231647058823529 0.16057004244996967 0.10672549019607842 0.022498483929654336
4 0.9016 0.5074287446937538 0.11397647058823529 0.022916919345057612
15 0.8468666666666668 0.34568829593693146 0.029298039215686272 0.0383687083080655
2 0.765721568627451 0.21685263796240145 0.09812549019607843 0.03437234687689509
0 0.7245960784313725 0.4829593693147362 0.025545098039215685 0.02887810794420861
0 0.8997960784313725 0.4835415403274712 0.017662745098039216 0.02505154639175258
2 0.8259764705882352 0.28094602789569434 0.07425098039215687 0.04238326258338387
