4 0.488882 0.488053 0.147663 0.033002
15 0.618282 0.564209 0.028745 0.047010
15 0.812925 0.242053 0.031271 0.046434
15 0.725927 0.237808 0.029988 0.049891
15 0.650371 0.229618 0.030278 0.047968
2 0.653737 0.177683 0.114776 0.041601
2 0.726233 0.356938 0.101141 0.040800
1 0.788363 0.643323 0.086129 0.048078
0 0.488839 0.449200 0.110400 0.046052
0 0.592924 0.392756 0.110780 0.046022
11 0.772439 0.278065 0.024016 0.124015
7 0.609522 0.116173 0.145427 0.033002
15 0.519757 0.580582 0.027922 0.046052
