15 0.160804 0.157677 0.026583 0.047419
15 0.328831 0.140625 0.025374 0.050056
15 0.290764 0.281101 0.035756 0.036347
2 0.229199 0.114109 0.111905 0.025024
2 0.244467 0.055601 0.144507 0.024363
2 0.253357 0.161948 0.062288 0.022137
0 0.365046 0.409625 0.029236 0.172153
1 0.743987 0.587839 0.062213 0.023726
16 0.617376 0.524996 0.120205 0.062637
0 0.419082 0.405302 0.015961 0.057105
0 0.124943 0.349847 0.019002 0.052129
5 0.100151 0.086000 0.101124 0.028468
5 0.393996 0.082992 0.100713 0.029935
16 0.632587 0.404673 0.139914 0.103798
