5 0.34464117647058823 0.6393301000303122 0.06279607843137255 0.016538344953016065
2 0.6932098039215686 0.7318975447105184 0.043284313725490194 0.14357684146711125
7 0.4314470588235294 0.5773961806608063 0.06589803921568627 0.015589572597756896
5 0.3417 0.8179812064261898 0.06711176470588234 0.015786602000606244
2 0.8341745098039216 0.015395574416489845 0.0429078431372549 0.013485904819642316
15 0.4751 0.790387996362534 0.01833529411764706 0.02106698999696878
2 0.7633 0.5549712033949682 0.04883725490196078 0.047356774780236435
12 0.6373490196078432 0.6228281297362838 0.05424901960784314 0.011849045165201577
0 0.3662549019607843 0.7719945438011518 0.027601960784313727 0.014292209760533494
2 0.5038980392156863 0.6382782661412548 0.034331372549019606 0.04470748711730828
2 0.4391313725490196 0.6859684752955442 0.04100196078431373 0.012706880872991816
15 0.38481764705882354 0.6354834798423765 0.012939215686274508 0.020230372840254623
2 0.4251725490196079 0.713983025159139 0.0460921568627451 0.022018793573810244
1 0.43590784313725495 0.7523097908457108 0.0373 0.027377993331312515
11 0.8040352941176471 0.5819157320400121 0.029276470588235296 0.014516520157623522
2 0.8269490196078431 0.606792967565929 0.0483921568627451 0.020809336162473477
2 0.8625980392156862 0.6287147620491058 0.04875686274509804 0.018147923613216127
0 0.4783078431372549 0.6783055471354956 0.011794117647058823 0.014704455895725978
0 0.4895725490196079 0.7709427099120946 0.013225490196078432 0.012121855107608367
0 0.3772392156862745 0.6768050924522583 0.013454901960784315 0.013006971809639284
