11 0.263434 0.047600 0.082236 0.017480
11 0.229463 0.403130 0.038814 0.011460
11 0.254181 0.206112 0.025472 0.026990
11 0.789161 0.618238 0.023842 0.021653
2 0.663156 0.361160 0.011622 0.017315
2 0.841045 0.260391 0.012228 0.037018
2 0.798325 0.074453 0.012050 0.023136
2 0.687211 0.156884 0.044576 0.015422
2 0.228947 0.081431 0.012437 0.027845
2 0.221824 0.094421 0.012010 0.027634
2 0.208103 0.100334 0.012187 0.039584
2 0.208927 0.281904 0.032429 0.007286
2 0.200416 0.414085 0.012583 0.026779
2 0.248656 0.435941 0.012002 0.021779
2 0.179282 0.566639 0.011461 0.035730
2 0.191090 0.558800 0.010702 0.020827
2 0.191001 0.592141 0.010864 0.025445
2 0.487857 0.594609 0.021832 0.038250
2 0.570056 0.627568 0.034851 0.009299
15 0.489213 0.852298 0.018781 0.012805
15 0.565149 0.841950 0.018563 0.014344
15 0.544342 0.830604 0.019467 0.013751
15 0.551800 0.640302 0.018047 0.012429
15 0.558878 0.616819 0.016933 0.011870
15 0.502437 0.597748 0.020097 0.011517
15 0.326150 0.603033 0.013479 0.008780
15 0.313886 0.590391 0.010839 0.008330
15 0.263067 0.428674 0.011977 0.009424
15 0.232813 0.415359 0.012002 0.009282
15 0.229072 0.406676 0.011477 0.008404
15 0.209120 0.291140 0.014528 0.010889
15 0.225359 0.291813 0.013898 0.010798
15 0.230537 0.302657 0.014149 0.010353
15 0.503652 0.377811 0.018055 0.012748
15 0.560428 0.396574 0.018499 0.014458
15 0.553454 0.420351 0.016675 0.014031
2 0.521675 0.314521 0.013099 0.012600
2 0.521945 0.296827 0.012736 0.011784
2 0.488632 0.374698 0.021283 0.039202
2 0.571098 0.408341 0.034366 0.009282
15 0.233467 0.225348 0.018959 0.011140
3 0.338559 0.556879 0.011372 0.005570
0 0.273842 0.606442 0.032026 0.007457
0 0.663555 0.529108 0.035149 0.011260
0 0.665973 0.392252 0.038208 0.008609
0 0.665525 0.431132 0.039847 0.009253
0 0.663684 0.267982 0.032389 0.008609
0 0.664867 0.284755 0.033301 0.009772
0 0.659128 0.317209 0.023487 0.009105
0 0.664205 0.333062 0.032768 0.010171
0 0.667861 0.221337 0.038789 0.008387
0 0.665730 0.191425 0.034108 0.007925
0 0.734899 0.025365 0.032930 0.008997
0 0.662946 0.611189 0.038644 0.008170
0 0.664027 0.694082 0.037482 0.007583
0 0.660956 0.846975 0.034391 0.009641
2 0.511663 0.846964 0.021485 0.038501
2 0.569818 0.816348 0.038571 0.009128
2 0.906606 0.945815 0.012373 0.024675
2 0.830355 0.873030 0.013333 0.125057
2 0.906731 0.868455 0.012123 0.136157
2 0.906195 0.713053 0.012486 0.184316
2 0.931796 0.608575 0.012631 0.028563
2 0.910250 0.524624 0.013575 0.142919
2 0.910121 0.411277 0.013624 0.091243
2 0.868648 0.334173 0.013358 0.067925
2 0.842187 0.307338 0.012833 0.028689
2 0.889939 0.309860 0.013019 0.116026
2 0.890145 0.227164 0.012171 0.056904
2 0.890161 0.127377 0.012510 0.152315
2 0.868737 0.190162 0.013341 0.023244
2 0.868890 0.126140 0.013648 0.110011
2 0.832433 0.126494 0.014391 0.109259
2 0.868898 0.063606 0.013390 0.025080
2 0.910480 0.210459 0.012550 0.318683
2 0.931881 0.324960 0.012429 0.547446
2 0.953349 0.504914 0.016142 0.906659
2 0.931981 0.789897 0.015456 0.338723
2 0.681485 0.592500 0.013947 0.023244
15 0.217236 0.579054 0.011372 0.009225
15 0.701437 0.314128 0.020178 0.014071
2 0.244931 0.302289 0.010363 0.012320
0 0.277119 0.592112 0.022195 0.007839
1 0.350811 0.548552 0.008596 0.011517
11 0.217365 0.465348 0.042397 0.010924
11 0.685371 0.131502 0.015278 0.006938
2 0.679003 0.125009 0.101525 0.009128
6 0.734459 0.036006 0.033293 0.008227
6 0.297207 0.103925 0.017902 0.008945
6 0.319956 0.088871 0.012228 0.013113
0 0.200387 0.225222 0.034931 0.010536
0 0.260460 0.066631 0.017256 0.007560
0 0.264609 0.053677 0.022486 0.008176
0 0.289060 0.138549 0.013099 0.007862
9 0.508115 0.819113 0.031840 0.010713
2 0.668156 0.584307 0.011065 0.026779
2 0.684007 0.370909 0.012889 0.023917
15 0.221533 0.564527 0.011154 0.009521
15 0.210573 0.545525 0.013043 0.008677
15 0.230726 0.449738 0.012639 0.008928
15 0.703947 0.263136 0.017433 0.012851
15 0.707696 0.147443 0.017312 0.012320
15 0.840303 0.046462 0.018071 0.011693
15 0.820291 0.067052 0.017433 0.011517
15 0.749092 0.138831 0.018426 0.011380
15 0.782833 0.143444 0.018951 0.014208
15 0.736877 0.149467 0.019693 0.012719
15 0.783592 0.192640 0.018773 0.012326
15 0.783285 0.232725 0.017433 0.013284
15 0.783814 0.284259 0.017312 0.011961
15 0.783672 0.330610 0.016675 0.014367
15 0.782813 0.391251 0.018039 0.015103
15 0.782841 0.442172 0.019467 0.015165
15 0.782433 0.516152 0.019330 0.012942
15 0.854580 0.589658 0.017103 0.012338
15 0.784096 0.601956 0.018200 0.012463
15 0.780004 0.719236 0.017829 0.015291
15 0.779185 0.835148 0.019435 0.013261
3 0.245048 0.422759 0.019411 0.006534
3 0.259318 0.227007 0.013341 0.009749
1 0.343349 0.583301 0.007587 0.011779
8 0.623551 0.851212 0.031235 0.008888
7 0.875759 0.575869 0.014859 0.025490
8 0.625339 0.534165 0.030710 0.007497
8 0.627022 0.337848 0.031332 0.008660
8 0.626594 0.289293 0.031461 0.008746
8 0.627050 0.224852 0.031388 0.008677
8 0.627353 0.195271 0.031687 0.009105
9 0.617240 0.128025 0.025585 0.008626
10 0.208055 0.594912 0.010266 0.013757
7 0.227494 0.597021 0.009483 0.016984
9 0.513672 0.630738 0.031412 0.010473
2 0.194738 0.105063 0.012397 0.049920
