11 0.282193 0.586476 0.023565 0.023694
0 0.376158 0.374125 0.013571 0.038379
2 0.109855 0.337141 0.047262 0.017395
2 0.090807 0.232387 0.026840 0.017581
2 0.099116 0.248863 0.047404 0.017581
0 0.205516 0.350137 0.018186 0.099016
11 0.335228 0.565375 0.021363 0.013234
6 0.414270 0.553988 0.015054 0.014960
2 0.151603 0.300915 0.014706 0.076218
2 0.153503 0.716952 0.016292 0.076758
3 0.183197 0.547077 0.029407 0.015992
1 0.339050 0.538355 0.054849 0.015548
2 0.237008 0.090831 0.059698 0.027984
2 0.306212 0.090234 0.056714 0.027113
3 0.179373 0.125548 0.030348 0.015726
2 0.112761 0.754040 0.047598 0.018435
2 0.101569 0.666504 0.047519 0.017766
2 0.093648 0.650129 0.026440 0.017952
2 0.308545 0.511375 0.054855 0.027185
2 0.241868 0.511540 0.057690 0.027452
2 0.272370 0.481210 0.042607 0.019726
15 0.488505 0.398681 0.052710 0.034540
15 0.505947 0.822145 0.053754 0.034919
5 0.364042 0.181637 0.065824 0.022210
2 0.268748 0.059694 0.043200 0.017210
0 0.378169 0.795548 0.013303 0.039145
0 0.209586 0.770988 0.018728 0.098250
1 0.330106 0.116923 0.055454 0.014653
1 0.170402 0.108589 0.039538 0.012403
1 0.207818 0.200742 0.041318 0.018435
5 0.368477 0.602685 0.065602 0.021323
6 0.409330 0.133218 0.028346 0.013419
0 0.422447 0.753000 0.014432 0.131806
0 0.350970 0.766839 0.018311 0.150290
0 0.346121 0.344685 0.015003 0.150984
0 0.418711 0.330548 0.019738 0.130129
1 0.174475 0.529516 0.039276 0.014806
1 0.214669 0.620895 0.040063 0.014887
11 0.277852 0.165298 0.023565 0.023435
11 0.324338 0.144633 0.022094 0.015298
