0 0.881188 0.484294 0.018784 0.019988
1 0.664463 0.708093 0.067545 0.034815
7 0.785998 0.107502 0.111180 0.025713
15 0.707376 0.642177 0.021718 0.039018
15 0.883333 0.278933 0.020596 0.037611
15 0.801102 0.321856 0.026196 0.038908
15 0.720449 0.242268 0.025612 0.041904
4 0.881275 0.506231 0.113922 0.024251
15 0.786624 0.176316 0.021545 0.038381
11 0.823075 0.304300 0.019655 0.105919
2 0.785324 0.226740 0.088498 0.035130
2 0.727602 0.180767 0.095855 0.033008
0 0.684841 0.486019 0.019855 0.022262
