2 0.456990 0.161276 0.037956 0.015175
2 0.454451 0.142696 0.043078 0.014268
2 0.593273 0.358099 0.022356 0.014807
2 0.576030 0.160807 0.036798 0.015242
2 0.514111 0.122690 0.161997 0.016723
2 0.432649 0.161276 0.013087 0.014063
3 0.489684 0.286128 0.013091 0.016100
2 0.601997 0.241883 0.047678 0.017854
5 0.558138 0.510278 0.050727 0.019988
5 0.635374 0.608679 0.046738 0.022920
15 0.613177 0.347875 0.018649 0.025447
15 0.611443 0.424018 0.018978 0.027757
15 0.599848 0.491391 0.017713 0.026917
15 0.424637 0.495973 0.019602 0.025054
0 0.848841 0.384580 0.013305 0.021747
15 0.412518 0.266693 0.022428 0.026119
15 0.598350 0.268972 0.020154 0.024619
0 0.642215 0.447654 0.013792 0.077074
0 0.657740 0.451400 0.010205 0.020877
0 0.629472 0.445958 0.011779 0.041530
0 0.508950 0.463171 0.011779 0.030429
0 0.399376 0.442781 0.009893 0.025538
0 0.386578 0.443561 0.010368 0.019541
0 0.371971 0.443782 0.010996 0.020877
0 0.905434 0.390088 0.013741 0.021590
0 0.184895 0.418071 0.013758 0.021318
15 0.640791 0.305396 0.018717 0.027576
15 0.429914 0.651823 0.019239 0.030357
15 0.602839 0.652712 0.018452 0.027019
0 0.256003 0.259900 0.031663 0.017056
3 0.542755 0.286106 0.011018 0.017582
2 0.597852 0.296784 0.030342 0.014123
2 0.447529 0.456684 0.038632 0.013102
5 0.347238 0.229347 0.050389 0.019807
5 0.629158 0.214404 0.051826 0.020877
2 0.644372 0.296511 0.013104 0.046119
0 0.791994 0.260949 0.035729 0.018549
2 0.407995 0.442742 0.015596 0.207515
