2 0.158192 0.366591 0.016142 0.042189
2 0.169492 0.436716 0.021792 0.035348
2 0.133172 0.424743 0.016949 0.04561
2 0.109766 0.367161 0.014528 0.126568
0 0.835351 0.746294 0.014528 0.019954
0 0.811138 0.746864 0.013721 0.018814
2 0.536723 0.746294 0.022599 0.159635
11 0.358354 0.763968 0.025827 0.033067
0 0.377724 0.708666 0.037127 0.018814
11 0.511703 0.644242 0.059726 0.018814
6 0.43745 0.665906 0.014528 0.021665
0 0.23406 0.564994 0.022599 0.018814
0 0.460856 0.277081 0.032284 0.010262
2 0.428571 0.31642 0.013721 0.021095
2 0.453592 0.32041 0.017756 0.031357
2 0.514124 0.36146 0.017756 0.114595
2 0.240517 0.330103 0.013721 0.031927
11 0.303471 0.31984 0.023406 0.031357
15 0.281679 0.232611 0.025827 0.016534
0 0.348668 0.207526 0.042776 0.011403
0 0.394673 0.224629 0.037934 0.010262
0 0.400323 0.241163 0.035513 0.010832
0 0.414044 0.258837 0.03632 0.010262
15 0.409201 0.290194 0.028249 0.017674
15 0.154964 0.335804 0.021792 0.018814
15 0.154964 0.415051 0.025827 0.019954
15 0.193705 0.431585 0.02502 0.019384
1 0.224374 0.448119 0.013721 0.026796
15 0.255851 0.488597 0.028249 0.017104
0 0.389023 0.511973 0.045198 0.012543
0 0.447942 0.494869 0.029863 0.010832
0 0.463277 0.469213 0.03067 0.009692
6 0.602098 0.539339 0.02502 0.015393
0 0.611784 0.519954 0.028249 0.010832
2 0.892655 0.542189 0.075061 0.010832
15 0.878128 0.496009 0.02502 0.017104
0 0.825666 0.495439 0.014528 0.018814
2 0.905569 0.449829 0.038741 0.014253
2 0.868442 0.449259 0.047619 0.014823
16 0.694108 0.190992 0.033898 0.128278