16 0.556452 0.638905 0.123387 0.022818
15 0.258065 0.449515 0.019355 0.014261
15 0.219355 0.447804 0.020161 0.014261
3 0.175806 0.428408 0.03629 0.010268
2 0.23871 0.49344 0.074194 0.010839
15 0.212097 0.482031 0.020968 0.014832
15 0.527419 0.40502 0.023387 0.014832
5 0.508871 0.390759 0.051613 0.006845
1 0.429839 0.46834 0.039516 0.007986
0 0.516129 0.453508 0.010484 0.01312
0 0.670968 0.43069 0.010484 0.019395
0 0.647581 0.432402 0.012097 0.01312
0 0.624194 0.440958 0.01129 0.020536
2 0.583065 0.396463 0.042742 0.010268
2 0.575 0.385625 0.037903 0.010839
5 0.635484 0.377068 0.054032 0.010839
2 0.529032 0.36737 0.13629 0.010839
5 0.417742 0.377638 0.053226 0.010268