2 0.595316 0.627058 0.142259 0.063706
2 0.391202 0.303828 0.097158 0.020211
2 0.470502 0.176947 0.102251 0.025912
2 0.397510 0.323486 0.085789 0.021762
0 0.688984 0.395827 0.034518 0.038062
0 0.316032 0.396944 0.041328 0.026226
0 0.772789 0.378398 0.034065 0.040935
0 0.609858 0.493831 0.037287 0.070000
2 0.394356 0.274179 0.063709 0.019099
2 0.547024 0.273848 0.061822 0.018438
2 0.469397 0.484974 0.128316 0.017326
0 0.854765 0.383674 0.051765 0.046368
2 0.396911 0.367571 0.061190 0.019544
2 0.545794 0.367238 0.059927 0.018877
