2 0.521840 0.406738 0.034586 0.021427
2 0.205026 0.556379 0.186229 0.031855
15 0.569917 0.495323 0.052316 0.027984
0 0.589233 0.372815 0.019880 0.115306
0 0.362875 0.316012 0.015767 0.116379
15 0.306101 0.523250 0.020588 0.074516
0 0.614880 0.373806 0.018808 0.120355
1 0.131594 0.327617 0.016971 0.052766
2 0.217025 0.321202 0.024706 0.153516
2 0.476412 0.157077 0.095676 0.018218
11 0.163349 0.342750 0.021997 0.046645
2 0.483851 0.133863 0.110017 0.019194
15 0.397225 0.233113 0.052031 0.029097
15 0.580519 0.204573 0.053748 0.030710
15 0.258477 0.330976 0.051843 0.029048
6 0.476908 0.185536 0.032310 0.013605
