2 0.770588 0.710127 0.233725 0.026683
2 0.893333 0.510006 0.068627 0.261977
0 0.478824 0.496665 0.062353 0.024257
3 0.470588 0.355973 0.042745 0.01698
2 0.408235 0.682838 0.137647 0.021225
2 0.362745 0.752577 0.124706 0.023044
2 0.291765 0.721649 0.166667 0.022438
2 0.222745 0.696786 0.227843 0.036386
15 0.275686 0.755609 0.030588 0.051546
15 0.251373 0.650697 0.033333 0.051546
6 0.208627 0.560946 0.093725 0.02547
15 0.14 0.394785 0.03098 0.048514
15 0.264314 0.363857 0.038431 0.046089
15 0.081569 0.33111 0.036471 0.049727
3 0.097647 0.182535 0.044314 0.027896
3 0.123137 0.11037 0.044314 0.023651
