2 0.742551 0.181640 0.095839 0.031092
1 0.869459 0.686540 0.066761 0.037229
0 0.615435 0.387186 0.098486 0.036834
0 0.679412 0.477874 0.095898 0.040067
15 0.718755 0.590737 0.025996 0.037314
4 0.615659 0.419181 0.112949 0.024294
15 0.619563 0.242210 0.021902 0.037010
7 0.797551 0.103357 0.109910 0.024215
15 0.800584 0.174794 0.022737 0.036246
15 0.732704 0.223287 0.024835 0.035779
15 0.866171 0.610300 0.023275 0.036634
11 0.834712 0.610282 0.013071 0.088836
2 0.799986 0.232107 0.070490 0.032074
