2 0.25747843137254905 0.4308550636749545 0.09138431372549019 0.09548817465130383
7 0.6301960784313726 0.2371376591873863 0.11561960784313725 0.025003032140691325
12 0.2648549019607843 0.28819890842935114 0.12910588235294118 0.02279563371740449
15 0.8239294117647059 0.2590115221346271 0.0306078431372549 0.03727713765918739
0 0.5370588235294118 0.5386961795027289 0.06264313725490196 0.0377319587628866
0 0.2426627450980392 0.240758035172832 0.0565764705882353 0.0360582171012735
1 0.6144392156862745 0.4470588235294118 0.06610196078431373 0.0335961188599151
0 0.8205333333333333 0.3834020618556701 0.05150980392156863 0.05559126743480897
2 0.7321254901960784 0.6121043056397817 0.1370392156862745 0.034639175257731955
0 0.7629843137254901 0.3901091570648878 0.02096470588235294 0.022328684050939965
11 0.4844313725490196 0.29309278350515466 0.14000392156862745 0.15302001212856278
