4 0.619878431372549 0.37734990903577925 0.1168235294117647 0.022832019405700423
15 0.7321764705882353 0.18152819890842933 0.02844313725490196 0.03392359005457853
15 0.8576078431372549 0.6209642207398424 0.033560784313725486 0.03654942389326865
15 0.7169058823529412 0.5981564584596726 0.03270196078431373 0.042753183747725895
7 0.6939960784313726 0.0916191631291692 0.10769803921568627 0.022832019405700423
0 0.6141960784313726 0.34439660400242567 0.10128235294117646 0.03927835051546392
15 0.7987490196078432 0.13643420254699817 0.027333333333333334 0.037434808975136444
15 0.6135647058823529 0.6527713765918739 0.028007843137254903 0.0377319587628866
1 0.8688 0.6979078229229836 0.06792549019607844 0.0340933899332929
0 0.6809764705882353 0.44889023650697396 0.10036078431372548 0.03862340812613705
11 0.8270705882352942 0.6197210430563977 0.02348235294117647 0.0931109763493026
2 0.7996509803921569 0.2028623408126137 0.08354509803921568 0.03462704669496665
2 0.7339686274509803 0.14086719223771982 0.09183921568627451 0.037077016373559736
