0 0.833953 0.711247 0.103086 0.032941
7 0.546935 0.677418 0.097993 0.020545
12 0.286649 0.337553 0.119172 0.020031
0 0.348718 0.637659 0.115987 0.049890
0 0.543260 0.444269 0.053904 0.029761
2 0.649016 0.359500 0.111673 0.022600
2 0.603644 0.638665 0.108797 0.024945
2 0.342704 0.486027 0.097132 0.030761
0 0.833457 0.674471 0.101106 0.029741
15 0.261203 0.610831 0.023280 0.027451
0 0.885370 0.451784 0.048945 0.026863
2 0.709764 0.638778 0.082467 0.024616
2 0.694974 0.674078 0.053119 0.025239
2 0.245796 0.315945 0.096563 0.026878
1 0.523390 0.560327 0.081082 0.029424
3 0.563321 0.519518 0.055887 0.029012
3 0.270890 0.382373 0.077245 0.031318
