2 0.422847 0.564826 0.043169 0.012881
2 0.384589 0.165747 0.084145 0.013993
2 0.125784 0.176512 0.009948 0.124410
1 0.453153 0.197869 0.020065 0.013731
2 0.587194 0.405776 0.012823 0.036834
2 0.459393 0.381512 0.010520 0.059738
2 0.177617 0.398346 0.034226 0.017764
2 0.292474 0.596138 0.305431 0.015801
0 0.099357 0.383086 0.012246 0.069823
0 0.064341 0.386951 0.010625 0.094986
3 0.384107 0.296954 0.012190 0.018985
1 0.449175 0.304797 0.020262 0.012596
8 0.076752 0.381977 0.015069 0.072624
10 0.292343 0.610898 0.036419 0.020679
7 0.488520 0.584327 0.055008 0.022653
1 0.137518 0.304892 0.022633 0.012772
1 0.173399 0.198052 0.019952 0.012339
