2 0.223820 0.391176 0.099406 0.128565
5 0.421428 0.444173 0.019788 0.090353
2 0.486646 0.125451 0.047738 0.016659
6 0.422917 0.275651 0.012286 0.041953
3 0.847899 0.314831 0.012596 0.015733
15 0.518399 0.132576 0.017174 0.034424
15 0.545882 0.166878 0.025761 0.023137
2 0.453284 0.106184 0.114985 0.019192
2 0.445970 0.599522 0.133323 0.018651
2 0.209569 0.661247 0.044015 0.065882
2 0.144973 0.734031 0.046780 0.054635
2 0.792150 0.288584 0.037289 0.040227
2 0.837726 0.267282 0.016895 0.026345
0 0.733351 0.344298 0.047344 0.026525
0 0.748587 0.319059 0.036204 0.055906
2 0.180106 0.733898 0.024724 0.034118
2 0.302859 0.815263 0.031941 0.043169
2 0.793363 0.260427 0.019873 0.026345
2 0.477753 0.383973 0.065682 0.027208
2 0.459384 0.315922 0.028569 0.016706
2 0.455027 0.296271 0.020703 0.016604
2 0.506792 0.188565 0.038811 0.016878
2 0.503787 0.163024 0.036574 0.015992
0 0.279157 0.675882 0.040182 0.049741
0 0.334212 0.768878 0.031916 0.038620
0 0.351747 0.724588 0.015282 0.036863
0 0.589518 0.653361 0.021692 0.017576
0 0.581377 0.362941 0.014627 0.025851
0 0.558502 0.362141 0.018338 0.062635
0 0.540209 0.362204 0.013238 0.032549
11 0.198590 0.171612 0.122650 0.075161
11 0.461410 0.132863 0.038927 0.030729
11 0.625006 0.435580 0.055494 0.160039
0 0.369706 0.362169 0.012984 0.039176
0 0.353529 0.362035 0.013596 0.035710
2 0.386689 0.620847 0.046877 0.017992
1 0.479084 0.419329 0.028381 0.018816
1 0.424412 0.326341 0.037047 0.018173
5 0.490255 0.564259 0.065252 0.025318
5 0.629657 0.131608 0.065937 0.023718
0 0.524378 0.361871 0.013596 0.054047
2 0.231910 0.324776 0.020400 0.025851
2 0.314654 0.833945 0.036234 0.046196
2 0.658711 0.626145 0.011540 0.060761
2 0.389093 0.639612 0.043790 0.015992
16 0.904482 0.698459 0.047192 0.026471
