2 0.723486 0.433596 0.016855 0.116689
2 0.721875 0.330591 0.015263 0.048011
3 0.677576 0.321938 0.018965 0.035446
0 0.594655 0.485625 0.034471 0.046822
0 0.570655 0.293660 0.027224 0.078890
15 0.700553 0.362835 0.038094 0.027150
15 0.568498 0.440779 0.037341 0.027756
15 0.639129 0.306656 0.035906 0.025173
15 0.512984 0.340412 0.037106 0.026283
15 0.663314 0.258311 0.034910 0.028532
15 0.671992 0.462071 0.039294 0.025318
0 0.600298 0.235136 0.025851 0.050103
1 0.693184 0.493817 0.020675 0.058526
5 0.666545 0.520297 0.027710 0.073560
2 0.750553 0.390855 0.015020 0.075937
