0 0.4980549019607843 0.4514008489993936 0.12278823529411766 0.04627046694966646
15 0.6075372549019608 0.5668405093996361 0.039380392156862745 0.04855063674954518
15 0.5303176470588236 0.5950636749545178 0.03863137254901961 0.0509278350515464
0 0.5780980392156864 0.3911946634323833 0.11953725490196078 0.046943602183141295
7 0.6084705882352941 0.11600363856882959 0.14670196078431372 0.030994542146755608
15 0.7300941176470588 0.22361431170406307 0.037109803921568624 0.045924802910855066
2 0.6531843137254901 0.16624620982413582 0.11804705882352941 0.0458641600970285
15 0.6440941176470588 0.21633717404487568 0.036066666666666664 0.043032140691328075
4 0.49892156862745096 0.48979381443298964 0.1454156862745098 0.0300970285021225
1 0.7923098039215687 0.660563978168587 0.0916156862745098 0.05010309278350516
15 0.820156862745098 0.233280776228017 0.031152941176470588 0.04587628865979382
2 0.7245098039215686 0.34829593693147365 0.1082 0.049975742874469375
11 0.784764705882353 0.26222559126743483 0.035584313725490195 0.13226197695573075
