0 0.311092 0.9 0.02053 0.012903
15 0.220416 0.762903 0.015398 0.021774
2 0.275449 0.741935 0.008554 0.041532
1 0.252923 0.723387 0.022812 0.012097
1 0.14856 0.652823 0.018534 0.012097
7 0.114913 0.705242 0.047619 0.020968
2 0.108925 0.765323 0.009125 0.06129
2 0.126034 0.78629 0.011121 0.066935
7 0.159966 0.817742 0.047904 0.019355
2 0.198175 0.808065 0.012831 0.082258
0 0.210436 0.87621 0.01882 0.013306
0 0.236955 0.852016 0.021671 0.0125
1 0.288281 0.807661 0.022241 0.012903
0 0.305674 0.829435 0.022241 0.0125
2 0.339036 0.793952 0.011976 0.046371
15 0.39692 0.796774 0.017679 0.022177
15 0.412603 0.795161 0.014827 0.024194
2 0.493869 0.760484 0.012546 0.05
2 0.527516 0.759274 0.009695 0.07621
2 0.510978 0.743548 0.011121 0.043548
15 0.481323 0.739516 0.019105 0.026613
15 0.462218 0.742742 0.013972 0.023387
15 0.446536 0.724597 0.019105 0.021371
15 0.444825 0.699597 0.017109 0.020161
15 0.402338 0.741935 0.015398 0.020565
7 0.374109 0.722581 0.0499 0.019355
8 0.311377 0.714919 0.047334 0.015726
0 0.305104 0.700403 0.027374 0.015726
0 0.311377 0.676613 0.022241 0.014516
0 0.310522 0.65121 0.02053 0.01371
0 0.304249 0.616532 0.019675 0.012097
11 0.491018 0.356452 0.019105 0.084677
11 0.493869 0.27621 0.021101 0.083065
11 0.377246 0.330242 0.013402 0.031855
11 0.383234 0.300403 0.015683 0.029032
11 0.356715 0.322177 0.01939 0.06129
0 0.268606 0.329435 0.023097 0.018548
0 0.331908 0.283065 0.018534 0.028226
0 0.480753 0.110887 0.01939 0.012903
6 0.559738 0.185484 0.015113 0.0125
2 0.704876 0.303226 0.010265 0.044355
0 0.702025 0.336694 0.020816 0.014516
2 0.703735 0.209274 0.008839 0.052419
0 0.745652 0.142742 0.020245 0.0125
15 0.81152 0.187097 0.015113 0.025403
0 0.822926 0.119355 0.019105 0.0125
1 0.886798 0.137903 0.008554 0.028226
2 0.905332 0.253226 0.009125 0.11371
10 0.913887 0.252823 0.011691 0.052823
15 0.850585 0.319758 0.014542 0.024194
1 0.855432 0.381048 0.008839 0.027016
2 0.838038 0.502016 0.011976 0.029032
3 0.819789 0.525403 0.012261 0.028629
15 0.830339 0.461694 0.015113 0.020565
2 0.788708 0.400806 0.046193 0.015726
15 0.785001 0.431048 0.016823 0.020968
3 0.744796 0.492742 0.016253 0.018548
3 0.746792 0.466935 0.016253 0.016129
0 0.581694 0.539919 0.025093 0.014516
2 0.658112 0.506048 0.013687 0.056452
2 0.637582 0.443145 0.045908 0.014919