5 0.4120410022779043 0.25513274336283187 0.05414578587699316 0.017244837758112096
7 0.21884738041002277 0.19396460176991148 0.05592710706150342 0.018129793510324486
15 0.3847425968109339 0.41966961651917406 0.021763097949886106 0.02510914454277286
15 0.27063325740318905 0.1776165191740413 0.023430523917995445 0.02821828908554572
0 0.19621412300683372 0.3735103244837758 0.015394077448747153 0.06946312684365781
15 0.26541685649202734 0.22824778761061948 0.025658314350797268 0.022530973451327433
1 0.2907243735763098 0.5253451327433628 0.04451480637813211 0.015097345132743363
2 0.29203189066059226 0.15352802359882006 0.048820045558086556 0.014436578171091445
0 0.4280637813211845 0.3361002949852508 0.01276993166287016 0.03779941002949852
2 0.2926378132118451 0.12097345132743363 0.07220956719817767 0.012353982300884957
2 0.29753986332574034 0.37597640117994097 0.05352619589977221 0.01128023598820059
0 0.8542232346241457 0.23953982300884955 0.012779043280182232 0.043492625368731566
15 0.35530751708428243 0.3858525073746313 0.018182232346241455 0.02106194690265487
2 0.30523006833712985 0.1375221238938053 0.045366742596810936 0.012342182890855459
0 0.44401822323462414 0.3730619469026549 0.018455580865603644 0.029710914454277287
2 0.2526605922551253 0.3673510324483776 0.030159453302961277 0.012761061946902654
10 0.22004555808656037 0.5654041297935103 0.05145785876993166 0.01776991150442478
0 0.4570797266514806 0.33853687315634223 0.01587243735763098 0.029651917404129792
11 0.1721867881548975 0.28353982300884956 0.016833712984054672 0.035976401179941
11 0.3610205011389522 0.31986430678466077 0.015722095671981774 0.02733333333333333
1 0.23671981776765377 0.42970501474926254 0.03316628701594533 0.013244837758112095
5 0.21156719817767652 0.24520353982300885 0.04852391799544419 0.015327433628318584
15 0.1904874715261959 0.28149262536873154 0.019412300683371297 0.027716814159292034
15 0.2247380410022779 0.2752625368731563 0.0180501138952164 0.026123893805309734
15 0.2591480637813212 0.269952802359882 0.018947608200455584 0.02001769911504425
15 0.34226879271070615 0.3382300884955752 0.017968109339407744 0.02463716814159292
10 0.16614578587699316 0.3199115044247788 0.04807744874715262 0.015085545722713865
2 0.2612391799544419 0.330283185840708 0.05619589977220957 0.01575811209439528
2 0.3177312072892938 0.3306135693215339 0.031006833712984055 0.013085545722713865
2 0.32825512528473805 0.28763421828908553 0.0301002277904328 0.01407669616519174
2 0.26450113895216404 0.25000589970501474 0.028496583143507972 0.012389380530973451
0 0.21014123006833713 0.3675811209439528 0.01275626423690205 0.07028908554572272
0 0.2236993166287016 0.35930383480825956 0.0114624145785877 0.06878466076696166
15 0.24484282460136672 0.3937522123893805 0.020820045558086562 0.027315634218289083
0 0.2451981776765376 0.4496519174041298 0.017011389521640094 0.014536873156342183
2 0.257498861047836 0.4809085545722714 0.029990888382687927 0.01351032448377581
11 0.26350341685649203 0.5046607669616519 0.020045558086560365 0.020873156342182893
0 0.3745876993166287 0.35487315634218286 0.011722095671981778 0.03902064896755162
0 0.38985876993166285 0.35617109144542775 0.013202733485193623 0.06720353982300885
11 0.37465148063781323 0.23215929203539823 0.01958997722095672 0.021858407079646015
2 0.26815489749430527 0.13763421828908554 0.022182232346241455 0.015321533923303834
12 0.8172619589977221 0.19523303834808262 0.0596127562642369 0.015457227138643068
11 0.6985466970387243 0.20446017699115043 0.07324373576309795 0.0784424778761062
11 0.6277084282460136 0.2888082595870206 0.05412300683371298 0.0887433628318584
0 0.8039635535307518 0.49456637168141593 0.025781321184510254 0.038772861356932156
0 0.757006833712984 0.6543716814159293 0.01308883826879271 0.021286135693215337
2 0.8144100227790433 0.5822654867256637 0.03598177676537585 0.014430678466076697
2 0.8704601366742597 0.6342300884955752 0.014387243735763097 0.02775221238938053
2 0.8234669703872437 0.5995280235988201 0.026751708428246014 0.016595870206489675
16 0.3816810933940774 0.12874926253687316 0.055362186788154896 0.043150442477876104
