11 0.6646745098039216 0.6683080654942389 0.12009803921568628 0.06342631898120073
7 0.30527450980392157 0.12300181928441481 0.13307843137254902 0.027319587628865976
0 0.24239607843137256 0.40711946634323837 0.16785490196078431 0.0789630078835658
15 0.41970980392156865 0.5975682231655549 0.03784313725490196 0.04221952698605216
15 0.39695686274509806 0.5445785324439054 0.029662745098039216 0.03625833838690115
0 0.41855294117647057 0.41462704669496664 0.0704078431372549 0.039793814432989696
15 0.25948627450980394 0.2382959369314736 0.031023529411764707 0.03899939357186174
0 0.4547333333333333 0.36768950879320805 0.07249803921568627 0.042722862340812615
15 0.32158039215686274 0.31873862947240755 0.0294 0.04020012128562766
15 0.3871058823529412 0.21699211643420255 0.030913725490196078 0.044432989690721646
15 0.4199058823529412 0.23365676167374166 0.032694117647058825 0.03483929654335961
1 0.20689803921568628 0.21068526379624017 0.10597254901960786 0.04012734990903578
15 0.39160392156862744 0.34570042449969673 0.028360784313725487 0.04281989084293511
0 0.13503529411764706 0.32953305033353547 0.1689607843137255 0.07899332929047907
2 0.3408470588235294 0.6576652516676774 0.10560784313725491 0.04061855670103093
5 0.2570705882352941 0.47183747725894476 0.13258039215686274 0.026791995148574894
2 0.34617254901960787 0.16395997574287446 0.11106666666666667 0.028635536688902365
12 0.8361686274509804 0.25742268041237115 0.11410196078431371 0.02451182534869618
15 0.3599921568627451 0.5816494845360825 0.035792156862745096 0.035985445724681625
11 0.7719803921568628 0.38742268041237116 0.030764705882352944 0.10186173438447543
2 0.401321568627451 0.6924014554275318 0.10626274509803922 0.04261976955730746
