12 0.3912852379508942 0.3325372549019608 0.09837829645347075 0.015168627450980392
0 0.8414489239163383 0.5271960784313725 0.06294028493482873 0.023698039215686275
7 0.8150863898150954 0.7651843137254902 0.08763867838739012 0.014858823529411765
15 0.912412852379509 0.3484156862745098 0.026511063958775383 0.02870588235294118
0 0.7882964534707487 0.48870196078431377 0.045547135495604726 0.024450980392156863
4 0.9117944831767203 0.4677843137254902 0.0867505304637769 0.01423921568627451
2 0.7570748711730828 0.30562352941176474 0.08881782358290391 0.0228
2 0.682555319793877 0.26800392156862746 0.13432858441952106 0.022960784313725488
0 0.3598605638072143 0.2696705882352941 0.04047287056683844 0.023541176470588236
15 0.4888178235829039 0.4057843137254902 0.03548044862079418 0.02628235294117647
4 0.48925128826917247 0.49480392156862746 0.0959593816307972 0.016149019607843138
15 0.6995453167626554 0.30190196078431375 0.025028796605031826 0.032831372549019605
0 0.9138981509548347 0.44887450980392163 0.04824189148226735 0.026658823529411766
2 0.7670688087299181 0.7454980392156862 0.12107002121855108 0.018607843137254904
10 0.8211700515307669 0.32805882352941174 0.0937465898757199 0.015627450980392157
7 0.7900727493179751 0.17929803921568627 0.08364655956350409 0.01775686274509804
0 0.48540163685965443 0.47274901960784316 0.0440284934828736 0.02675686274509804
2 0.7614064868141861 0.7086 0.07888451045771447 0.020133333333333333
3 0.6690239466505002 0.660278431372549 0.035110639587753865 0.023568627450980394
4 0.8439405880569869 0.5478156862745098 0.08810245528948166 0.012858823529411765
7 0.5415216732343134 0.7277686274509804 0.08327978175204608 0.013376470588235293
4 0.5406971809639285 0.742243137254902 0.08575628978478328 0.01431372549019608
10 0.09324037587147621 0.4878117647058824 0.08083055471354957 0.013819607843137256
