8 0.7996091861402096 0.6163304843304844 0.03739323126510878 0.012056980056980056
2 0.8543311845286059 0.15197720797720798 0.011377921031426269 0.03606837606837607
15 0.673235294117647 0.6006951566951567 0.014504431909750202 0.0174017094017094
15 0.6701692183722804 0.5117207977207977 0.018323932312651087 0.015806267806267805
2 0.8543875906526995 0.3474928774928775 0.012461724415793714 0.03577207977207977
15 0.6962933118452861 0.574 0.016873489121676067 0.017965811965811967
15 0.673726833199033 0.19487179487179487 0.012365028203062046 0.013504273504273504
15 0.8309871071716358 0.5017435897435897 0.01645850120870266 0.018905982905982905
11 0.8350120870265915 0.48207407407407404 0.018734891216760675 0.028296296296296295
15 0.6717647058823529 0.5611623931623931 0.012477840451248992 0.017213675213675214
0 0.7585213537469783 0.5922222222222222 0.013448831587429494 0.017709401709401707
0 0.756897663174859 0.6152763532763532 0.012425463336019339 0.017903133903133903
2 0.8554593070104755 0.537948717948718 0.011591458501208702 0.033464387464387464
2 0.7860797743755036 0.5132877492877493 0.018751007252215953 0.05625071225071225
0 0.7576188557614827 0.2988148148148148 0.01419822723609992 0.017663817663817662
0 0.755491539081386 0.27454700854700853 0.05681305398871877 0.024746438746438747
0 0.7619016921837228 0.21023361823361822 0.0383883964544722 0.030210826210826214
0 0.7568130539887188 0.18645584045584046 0.013662369057211925 0.013133903133903134
0 0.7558138597904915 0.10842165242165243 0.018670427074939565 0.018598290598290598
2 0.6330419016921838 0.13109401709401708 0.008988718775181304 0.03151566951566952
2 0.6326510878323932 0.16517948717948716 0.01081788879935536 0.02498005698005698
15 0.6467042707493956 0.1566894586894587 0.009572925060435134 0.015384615384615385
15 0.654218372280419 0.14174928774928774 0.00862610797743755 0.01500854700854701
15 0.6759508460918614 0.11760113960113959 0.010028203062046737 0.014216524216524216
15 0.7109347300564061 0.12440455840455841 0.010217566478646252 0.015373219373219374
15 0.725983078162772 0.14663817663817666 0.010636583400483481 0.019253561253561254
15 0.7084407735697018 0.17430769230769233 0.010769540692989524 0.015572649572649571
3 0.6652377115229653 0.144997150997151 0.008755036261079775 0.01108831908831909
