15 0.13665353137314337 0.14308235294117647 0.025483479842376474 0.02983921568627451
2 0.2594149742346165 0.06412549019607844 0.10344649893907244 0.01336078431372549
2 0.4691451955137921 0.3938509803921569 0.017856926341315547 0.07896470588235295
0 0.06418914822673537 0.20861960784313727 0.04016671718702637 0.02844313725490196
5 0.38860563807214304 0.14882352941176472 0.05616247347681116 0.014898039215686274
4 0.1484480145498636 0.3050392156862745 0.07391633828432859 0.017788235294117646
0 0.10228857229463473 0.23892941176470586 0.043331312518945134 0.028976470588235295
15 0.34812670506214005 0.14340392156862744 0.022988784480145498 0.024709803921568626
15 0.21835101545923008 0.5500352941176471 0.02765080327371931 0.030560784313725494
15 0.3511306456501971 0.5303411764705882 0.02557441648984541 0.03131372549019608
2 0.21254622612913004 0.09514117647058824 0.09326765686571688 0.01316862745098039
2 0.44661412549257357 0.43540392156862745 0.02153379812064262 0.09757254901960784
7 0.19358593513185812 0.5809294117647058 0.07049712033949682 0.01947843137254902
2 0.19995150045468324 0.12527843137254902 0.0705153076689906 0.01571372549019608
0 0.9871173082752349 0.6633176470588236 0.023161564110336465 0.09570980392156862
15 0.3003849651409518 0.5524156862745099 0.020769930281903607 0.03083921568627451
15 0.18901182176417095 0.26118039215686273 0.0250651712640194 0.03036862745098039
2 0.3857593210063655 0.42294901960784315 0.0400090936647469 0.0555843137254902
7 0.3257441648984541 0.581435294117647 0.07057593210063656 0.016772549019607844
2 0.9863928463170658 0.388721568627451 0.02518035768414671 0.23784313725490197
2 0.259378599575629 0.5957764705882354 0.06259169445286451 0.025168627450980394
0 0.4005759321006366 0.07465882352941176 0.04836920278872386 0.022976470588235296
2 0.35256441345862377 0.5566039215686274 0.0833828432858442 0.020988235294117648
0 0.1463473779933313 0.280921568627451 0.06210973022127918 0.025392156862745097
