0 0.6240103061533798 0.43259215686274505 0.04982115792664444 0.02863921568627451
1 0.2937587147620491 0.6462235294117646 0.07322825098514701 0.02656078431372549
7 0.5028463170657775 0.6794901960784314 0.10516823279781752 0.01867843137254902
2 0.42063352531070025 0.17779607843137255 0.0794755986662625 0.025745098039215687
0 0.2648257047590179 0.5244549019607843 0.12210063655653228 0.05330196078431372
2 0.462891785389512 0.22174117647058825 0.09367384055774476 0.026262745098039216
0 0.09784480145498636 0.4597058823529412 0.10324037587147619 0.03030980392156863
2 0.4813155501667172 0.3120901960784314 0.10843892088511671 0.02774901960784314
13 0.06625037890269779 0.42881568627450983 0.07529251288269172 0.013745098039215685
2 0.4791270081842983 0.6477450980392156 0.08692027887238557 0.02364705882352941
0 0.5729918157017277 0.5194627450980392 0.0958441952106699 0.027611764705882353
0 0.09991512579569567 0.49738823529411763 0.1035071233707184 0.02750980392156863
0 0.34836314034555926 0.44784705882352943 0.04300394058805699 0.02536862745098039
2 0.12108820854804488 0.2262235294117647 0.08620491057896332 0.023823529411764705
2 0.23903304031524705 0.22551372549019605 0.1005334949984844 0.024890196078431372
15 0.16966959684752955 0.1740313725490196 0.025107608366171565 0.025784313725490195
15 0.3485450136404971 0.5578745098039215 0.02432252197635647 0.02728235294117647
8 0.567820551682328 0.5444392156862745 0.08526220066686874 0.01787450980392157
13 0.5460230372840255 0.34727450980392155 0.09200363746589875 0.016631372549019606
11 0.9283843588966353 0.538843137254902 0.03588663231282207 0.09448627450980392
11 0.884277053652622 0.3976196078431372 0.15192482570475901 0.1867764705882353
2 0.37335859351318584 0.270043137254902 0.059839345256138224 0.03414901960784314
3 0.34865716883904213 0.3538941176470588 0.0402606850560776 0.030835294117647058
2 0.10301606547438619 0.12915686274509805 0.08107608366171568 0.09058823529411765
0 0.22465292512882692 0.7320470588235294 0.037147620491057895 0.02787843137254902
