0 0.106855 0.454649 0.014113 0.020536
0 0.127016 0.456931 0.014113 0.022818
11 0.147984 0.335425 0.030645 0.026811
15 0.271371 0.292071 0.022984 0.031375
15 0.243548 0.285225 0.024597 0.032516
16 0.934274 0.649173 0.077016 0.047347
2 0.64879 0.111808 0.361694 0.020536
0 0.412097 0.289789 0.013306 0.039361
0 0.435484 0.300627 0.013306 0.029663
1 0.500806 0.250428 0.020968 0.016543
2 0.484677 0.326868 0.055242 0.019966
15 0.529032 0.34227 0.021774 0.031945
2 0.485081 0.436965 0.039516 0.019395
2 0.472984 0.399315 0.045565 0.016543
8 0.912903 0.398175 0.054435 0.024529
0 0.874597 0.301198 0.012097 0.03765
0 0.666935 0.289789 0.014113 0.040502
15 0.679435 0.185396 0.024597 0.033657
7 0.881855 0.112949 0.061694 0.020536
15 0.840323 0.143183 0.025 0.034227
2 0.825403 0.169994 0.0375 0.016543
11 0.791532 0.18939 0.014919 0.039361
1 0.81371 0.235026 0.025 0.018254
2 0.769758 0.431831 0.123387 0.019395
2 0.649597 0.432402 0.116129 0.019395