3 0.324253 0.529886 0.031732 0.021763
3 0.321940 0.556758 0.032301 0.022210
3 0.421412 0.057037 0.043962 0.034639
3 0.409531 0.112877 0.046109 0.033260
15 0.525813 0.102886 0.041139 0.035215
15 0.470700 0.145027 0.044721 0.031973
2 0.553654 0.081370 0.031507 0.075416
2 0.430095 0.162817 0.121163 0.025050
2 0.371572 0.461023 0.062313 0.019507
6 0.420332 0.471840 0.025006 0.056447
7 0.478950 0.566621 0.135623 0.027763
15 0.500540 0.080589 0.043452 0.035096
0 0.489709 0.473927 0.034887 0.075890
2 0.373861 0.581333 0.066584 0.018137
2 0.341008 0.608347 0.079905 0.022210
2 0.331198 0.635315 0.101542 0.021096
2 0.313505 0.661854 0.136738 0.020785
2 0.618304 0.428429 0.027117 0.020877
0 0.455391 0.478950 0.028719 0.039361
0 0.525777 0.475708 0.033713 0.042192
3 0.670569 0.392201 0.027117 0.019744
11 0.400635 0.307237 0.049502 0.036776
2 0.844792 0.471731 0.032384 0.079900
15 0.402598 0.656434 0.052337 0.034858
3 0.305267 0.383863 0.026999 0.024785
3 0.238144 0.391484 0.030119 0.023717
3 0.225160 0.439041 0.037390 0.020767
11 0.286833 0.403781 0.051934 0.059068
