0 0.5605254901960784 0.4368162522741055 0.05538823529411765 0.029029714978775014
15 0.15710980392156862 0.48823529411764705 0.02271372549019608 0.027671315949060037
2 0.6578901960784314 0.18680412371134023 0.09234509803921569 0.040006064281382654
2 0.7344784313725491 0.229824135839903 0.08854509803921569 0.014608853850818677
2 0.7706980392156862 0.2601273499090358 0.07716470588235294 0.012716798059429957
15 0.820886274509804 0.2533050333535476 0.02363137254901961 0.0256155245603396
15 0.8142078431372549 0.21885385081867798 0.022149019607843136 0.026986052152819892
2 0.8423999999999999 0.18973923590054578 0.09447058823529413 0.029648271679805945
0 0.5338705882352941 0.3762219526986052 0.040270588235294114 0.01679805942995755
2 0.747556862745098 0.6936143117040631 0.185278431372549 0.02540933899332929
2 0.3033176470588235 0.36421467556094606 0.1382078431372549 0.019581564584596724
2 0.7496156862745098 0.6526500909642208 0.1791058823529412 0.028023044269254095
5 0.9030196078431372 0.38887810794420863 0.0561843137254902 0.01974530018192844
15 0.24118823529411765 0.47876288659793814 0.02111372549019608 0.026040024257125528
2 0.605686274509804 0.15816858702243783 0.06621960784313725 0.012122498483929654
2 0.0766470588235294 0.39438447543966043 0.04756078431372549 0.23169799878714373
2 0.32738039215686277 0.46906003638568833 0.13384313725490196 0.016391752577319587
2 0.7087294117647058 0.10267434808975137 0.2073372549019608 0.021297756215888416
2 0.6768392156862745 0.6128259551243177 0.07158431372549019 0.01573074590661007
15 0.8896705882352941 0.26993935718617346 0.020372549019607843 0.031873862947240754
3 0.7604745098039216 0.40666464523953916 0.04858823529411765 0.015209217707701636
11 0.6350941176470588 0.5836628259551243 0.04411764705882353 0.01651303820497271
2 0.13787843137254902 0.3727835051546392 0.05880784313725491 0.17596725288053366
15 0.6374313725490196 0.23593086719223771 0.02311764705882353 0.025761067313523345
5 0.558956862745098 0.4654942389326865 0.04716862745098039 0.01881746513038205
7 0.25572549019607843 0.4069496664645239 0.05106274509803922 0.019793814432989693
0 0.19029411764705884 0.43331109763493025 0.03218823529411765 0.02574287446937538
13 0.20477647058823528 0.1689448150394178 0.05398823529411764 0.017659187386294725
0 0.8175725490196079 0.45119466343238324 0.03250196078431372 0.03134020618556701
0 0.9013607843137255 0.36538508186779867 0.05317647058823529 0.031922377198302
15 0.6407803921568628 0.27459672528805334 0.02248235294117647 0.035991510006064285
