0 0.5555372549019607 0.12112189205579138 0.13288627450980392 0.05302607640994542
0 0.568156862745098 0.366137052759248 0.041090196078431375 0.06804730139478471
0 0.6301725490196078 0.06524560339599758 0.09913725490196079 0.026652516676773805
15 0.40576470588235297 0.32692540933899333 0.026094117647058827 0.02938750758035173
7 0.2859450980392157 0.3124378411158278 0.023011764705882353 0.09668283808368709
15 0.32874509803921564 0.21804730139478473 0.021333333333333333 0.020806549423893272
0 0.4640313725490196 0.34921164342025474 0.029011764705882355 0.0550212249848393
3 0.36100392156862743 0.15981807155852032 0.04344313725490196 0.06943602183141298
11 0.3305490196078431 0.7580958156458459 0.031466666666666664 0.0753244390539721
11 0.41960000000000003 0.26388114008489993 0.08021960784313725 0.026185567010309278
2 0.3162980392156863 0.2502486355366889 0.01532549019607843 0.05264402668283809
0 0.5094901960784314 0.3040691328077623 0.04490196078431372 0.04988477865372953
2 0.4821490196078431 0.21346270466949666 0.030674509803921567 0.08941176470588236
15 0.36093333333333333 0.24297149787750152 0.029670588235294115 0.012534869617950273
15 0.35274509803921567 0.2082292298362644 0.023262745098039217 0.0234990903577926
2 0.297278431372549 0.19163129169193452 0.02810980392156863 0.12118859915100061
15 0.4218588235294118 0.2868223165554882 0.02665098039215686 0.02801697998787144
2 0.25841568627450984 0.2565554881746513 0.026823529411764708 0.12635536688902366
11 0.5430196078431373 0.8925712553062461 0.042486274509803926 0.03063068526379624
15 0.5555294117647058 0.24268041237113402 0.029223529411764704 0.012825955124317768
15 0.6216078431372548 0.27264402668283805 0.020541176470588236 0.021752577319587626
15 0.658478431372549 0.18992116434202547 0.024580392156862745 0.02582171012734991
15 0.7098980392156863 0.12542753183747726 0.02437647058823529 0.030412371134020618
1 0.7510666666666667 0.20203759854457248 0.03093333333333333 0.09223165554881747
