0 0.10652941176470587 0.3139357186173438 0.12347843137254902 0.04853244390539721
7 0.6487882352941177 0.7500121285627653 0.12976078431372548 0.02963614311704063
0 0.251843137254902 0.4559490600363857 0.12568235294117647 0.0512310491206792
0 0.20432156862745096 0.328465736810188 0.07148235294117647 0.04470588235294118
15 0.6450078431372549 0.4934445118253487 0.03624313725490196 0.0433474833232262
2 0.46856078431372544 0.7070103092783504 0.24785098039215686 0.04326258338386901
0 0.6982666666666666 0.4559005457853244 0.11866666666666667 0.043244390539721046
15 0.21875686274509806 0.233068526379624 0.040082352941176465 0.047034566403881144
0 0.7614039215686275 0.3019102486355367 0.10400392156862745 0.04287446937537902
2 0.5372 0.19395997574287446 0.11081960784313724 0.03969678593086719
2 0.37588627450980394 0.627901758641601 0.11375294117647058 0.041237113402061855
2 0.5432588235294118 0.66650697392359 0.10491372549019606 0.040703456640388117
1 0.28470196078431376 0.32140691328077625 0.0856 0.04747119466343239
2 0.31926666666666664 0.14670103092783504 0.11587058823529413 0.03747725894481504
2 0.4959450980392157 0.587550030321407 0.1400470588235294 0.04001819284414797
0 0.7499921568627451 0.715415403274712 0.07210196078431373 0.03879927228623408
5 0.12661176470588237 0.23791995148574893 0.1178549019607843 0.030509399636143117
13 0.2090980392156863 0.5747119466343239 0.12429803921568626 0.020060642813826562
0 0.7534196078431372 0.6750636749545179 0.058886274509803924 0.037725894481503944
13 0.7763098039215686 0.6252395391146149 0.0982313725490196 0.024232868405093998
0 0.8814666666666666 0.3834990903577926 0.049654901960784315 0.043298969072164954
2 0.8823019607843137 0.5138326258338387 0.04854509803921569 0.1021710127349909
