0 0.616350 0.592443 0.083225 0.023718
2 0.742137 0.306133 0.097708 0.010918
11 0.609653 0.418190 0.016166 0.011675
0 0.542057 0.519069 0.044804 0.022208
2 0.656193 0.368733 0.070864 0.023184
2 0.674012 0.332357 0.078075 0.012792
2 0.763239 0.405982 0.062804 0.022765
7 0.736403 0.263645 0.085835 0.018043
2 0.904761 0.554027 0.065853 0.021608
12 0.231766 0.497831 0.099706 0.017592
12 0.814151 0.631157 0.092358 0.017545
10 0.782308 0.319867 0.082828 0.017216
4 0.904936 0.573941 0.088266 0.016471
4 0.543619 0.538833 0.088409 0.015769
15 0.544527 0.453210 0.020864 0.024522
0 0.220293 0.557931 0.077663 0.019188
