2 0.7042132269099202 0.3493735317149569 0.07658494868871152 0.024181675802662488
2 0.3820866590649943 0.6755755677368833 0.10940136830102622 0.020415035238841035
0 0.5178278221208665 0.42683633516053254 0.016328392246294184 0.05941268598277213
5 0.48600912200684154 0.18492560689115115 0.07523945267958951 0.021714956930305403
2 0.354133409350057 0.5254581049334377 0.051345496009122006 0.0190211433046202
3 0.13916761687571266 0.7883868441660141 0.033010262257696696 0.024941268598277215
2 0.3757297605473204 0.13487862176977292 0.1144811858608894 0.02184025058731402
2 0.3546522234891676 0.09749412685982772 0.15126567844925884 0.021863743148003132
15 0.2230558722919042 0.3434377447141738 0.02194982896237172 0.02570869224745497
11 0.48733181299885975 0.3661785434612373 0.026738882554161916 0.04870007830853563
2 0.4113511972633979 0.17920125293657008 0.0462314709236032 0.01907595927956147
15 0.4491847206385405 0.4602740798747063 0.019737742303306726 0.023469068128425998
2 0.3855302166476625 0.6366092404072045 0.08635119726339795 0.02148003132341425
0 0.17356328392246295 0.42667971808927174 0.020182440136830102 0.056601409553641346
9 0.33221208665906504 0.835512920908379 0.06202394526795896 0.020681284259984337
0 0.197018244013683 0.4291934220830071 0.014144811858608893 0.05758809710258419
8 0.2630672748004561 0.28007047768206733 0.019555302166476624 0.12027407987470634
1 0.46372291904218926 0.21743148003132343 0.04539908779931585 0.01913077525450274
0 0.49364880273660205 0.4271025841816758 0.02271949828962372 0.06494909945184024
0 0.33488027366020523 0.42618637431480033 0.014589509692132269 0.057071260767423644
0 0.25888825541619154 0.4277995301487862 0.021282782212086657 0.06201252936570086
5 0.33675028506271376 0.183876272513704 0.07697263397947549 0.019937353171495694
15 0.4573261117445838 0.2699608457321848 0.02153933865450399 0.02323414252153485
2 0.3305017103762828 0.29352388410336727 0.07188141391106043 0.017572435395458105
2 0.44148802736602055 0.3965935787000783 0.0569327251995439 0.017556773688332028
8 0.17326111744583808 0.2574393108848865 0.0220866590649943 0.11071260767423649
2 0.2081927023945268 0.7720281910728269 0.06238882554161916 0.02523101018010963
2 0.39809007981755984 0.8388175411119813 0.07057012542759407 0.03236491777603759
11 0.16579247434435576 0.7552466718872357 0.06423603192702394 0.026178543461237276
3 0.34824971493728624 0.801025841816758 0.04188141391106043 0.021910728269381362
0 0.22858038768529076 0.426930305403289 0.015461801596351198 0.05530148786217698
3 0.3570296465222349 0.31476115896632734 0.03169897377423033 0.020203602192639
15 0.3666476624857469 0.2692560689115113 0.02185860889395667 0.026898981989036806
