2 0.5351451612903226 0.6660581859669138 0.02083064516129032 0.06917855105533371
0 0.20123387096774192 0.2962007986309184 0.030596774193548386 0.06544780376497433
2 0.06275806451612903 0.6431602966343412 0.020999999999999998 0.05265830005704507
0 0.34033870967741936 0.8136280661722761 0.03628225806451613 0.05561893896177981
2 0.08589516129032258 0.7047974900171136 0.04133064516129032 0.05943525385054193
2 0.08485483870967742 0.6329492298916144 0.029814516129032256 0.05313177410154022
11 0.31764516129032255 0.25892755276668566 0.17296774193548387 0.08871648602395893
2 0.5367338709677419 0.3011009697661153 0.03366935483870968 0.03609811751283514
0 0.29735483870967744 0.7248374215630349 0.03049193548387097 0.03296063890473474
0 0.34626612903225806 0.7535539075869937 0.033201612903225805 0.030325156873930403
0 0.2852177419354839 0.7804107244723331 0.0384758064516129 0.027569880205362236
