7 0.8307333333333333 0.13992116434202545 0.11078039215686275 0.02299575500303214
15 0.757956862745098 0.6509338993329291 0.028976470588235295 0.03755003032140691
15 0.7626823529411765 0.25738023044269254 0.028172549019607845 0.03412371134020619
15 0.9057137254901961 0.26560946027895693 0.024384313725490197 0.040242571255306246
15 0.8509843137254903 0.31519102486355366 0.02876078431372549 0.039714978775015154
1 0.7196627450980393 0.7130927835051547 0.07270980392156863 0.04085506367495452
15 0.8331333333333333 0.19747119466343238 0.03048627450980392 0.03177683444511825
2 0.7659882352941176 0.20694360218314128 0.08766274509803922 0.040181928441479685
11 0.8808235294117647 0.3037477258944815 0.025219607843137256 0.09719223771983021
2 0.8278352941176471 0.2534869617950273 0.07872941176470588 0.03643420254699818
0 0.7315725490196079 0.4843602183141298 0.02865490196078431 0.02824742268041237
0 0.8977725490196079 0.483050333535476 0.032964705882352945 0.02667070952092177
4 0.9006156862745098 0.5066949666464524 0.11186274509803922 0.024687689508793208
