0 0.17485882352941176 0.38765918738629473 0.06680784313725491 0.03268647665251668
0 0.6101450980392157 0.4164827167980594 0.1137843137254902 0.03776228016979988
15 0.25370196078431373 0.5795027289266222 0.031176470588235295 0.04129169193450576
15 0.6502235294117646 0.2733353547604609 0.033015686274509806 0.036755609460278955
15 0.1922470588235294 0.4382231655548817 0.03350588235294118 0.03543966040024257
15 0.6051372549019608 0.2202910855063675 0.03625490196078431 0.042474226804123716
11 0.5710235294117647 0.3281200727713766 0.028807843137254898 0.06996967859308671
15 0.12958823529411764 0.45389326864766527 0.03377254901960784 0.036246209824135844
0 0.7080313725490196 0.3597210430563978 0.11227450980392158 0.03801091570648878
0 0.09425098039215686 0.3894057004244997 0.055462745098039216 0.032128562765312306
2 0.18198039215686274 0.5590175864160097 0.1054156862745098 0.036731352334748335
15 0.2852 0.4538811400849 0.0317843137254902 0.03480897513644633
15 0.41367843137254906 0.45366282595512436 0.037313725490196084 0.03912674348089751
2 0.3730078431372549 0.7066221952698606 0.31362745098039213 0.027386294724075194
15 0.510478431372549 0.4541843541540328 0.031423529411764704 0.03531837477258945
15 0.2047921568627451 0.5124135839902971 0.03114901960784314 0.03847786537295331
15 0.2708470588235294 0.4086719223771983 0.033768627450980394 0.03810794420861128
15 0.5436627450980391 0.6835718617343844 0.03239607843137255 0.04385688295936931
2 0.5127686274509804 0.6085324439053972 0.07682352941176471 0.01514251061249242
2 0.27339607843137254 0.24369314736203762 0.07838039215686275 0.016458459672528805
2 0.5317372549019608 0.5730927835051546 0.04691764705882353 0.01483929654335961
2 0.2450705882352941 0.27183141297756214 0.05648627450980392 0.017064887810794422
2 0.1845372549019608 0.6182231655548818 0.1351764705882353 0.03491813220133414
3 0.26890980392156866 0.5240448756822317 0.03720392156862745 0.023414190418435416
1 0.5606862745098039 0.45198908429351126 0.029145098039215684 0.02144936325045482
15 0.14304705882352942 0.3379805942995755 0.03690588235294118 0.036931473620375986
5 0.709321568627451 0.3955124317768345 0.06424313725490195 0.02125530624620982
0 0.38483529411764705 0.4068223165554882 0.043196078431372555 0.0265009096422074
5 0.1869529411764706 0.7219648271679806 0.058886274509803924 0.023959975742874468
15 0.20366274509803922 0.6774348089751364 0.02616470588235294 0.04536082474226804
10 0.15026666666666666 0.64844754396604 0.0490156862745098 0.021485748938750757
3 0.45913333333333334 0.4370588235294118 0.0300078431372549 0.026931473620375984
15 0.4809176470588235 0.542152819890843 0.025949019607843137 0.06120072771376592
1 0.2762392156862745 0.3373499090357792 0.04520392156862745 0.026634323832625834
3 0.3392470588235294 0.328077622801698 0.029235294117647057 0.024445118253486962
3 0.5589333333333333 0.2588659793814433 0.01971372549019608 0.02376591873862947
2 0.10024705882352941 0.2813523347483323 0.04130588235294118 0.08594299575500303
