0 0.297984 0.654877 0.032258 0.018254
0 0.406452 0.738734 0.033065 0.018825
3 0.117742 0.377638 0.0125 0.017114
3 0.231855 0.37992 0.020565 0.017684
2 0.308065 0.34227 0.015323 0.051911
2 0.339516 0.382202 0.01371 0.067313
2 0.466935 0.366229 0.013306 0.073018
15 0.457661 0.305762 0.034677 0.029093
15 0.429839 0.300627 0.037097 0.026241
2 0.480645 0.269253 0.013306 0.090131
2 0.463306 0.227039 0.012097 0.045636
3 0.435484 0.247576 0.025403 0.017684
10 0.387097 0.224758 0.039919 0.023959
2 0.316935 0.249287 0.014919 0.07644
3 0.283468 0.247005 0.045565 0.017114
3 0.277823 0.22818 0.03871 0.018825
15 0.268952 0.277239 0.039113 0.0251
5 0.075806 0.209926 0.016935 0.068454
3 0.147581 0.295493 0.014919 0.017114
3 0.124194 0.247005 0.018145 0.018254
3 0.100403 0.292071 0.041532 0.020536
2 0.072177 0.289789 0.012097 0.054763
2 0.059274 0.332002 0.0125 0.066743
2 0.046774 0.315459 0.014919 0.103822
7 0.049597 0.420993 0.015323 0.072447
5 0.110484 0.503137 0.053629 0.017114
5 0.109677 0.482601 0.05121 0.017684
3 0.445565 0.385054 0.027823 0.014832
15 0.414919 0.424986 0.016129 0.054193
7 0.353226 0.40445 0.017742 0.066743
11 0.377823 0.391329 0.032661 0.034227
0 0.2875 0.49344 0.044758 0.018254
0 0.289113 0.475756 0.05 0.015402
0 0.2875 0.454649 0.045565 0.014832
0 0.28629 0.432972 0.038306 0.015973
0 0.288306 0.411865 0.044758 0.018254
0 0.2875 0.393041 0.043548 0.020536
0 0.289919 0.187108 0.053226 0.015973
0 0.290726 0.168853 0.037903 0.017114
15 0.381452 0.950371 0.167742 0.05077
15 0.777419 0.741015 0.174194 0.054763
15 0.763306 0.487735 0.041935 0.032516
3 0.836694 0.479179 0.028226 0.014832
2 0.810484 0.46834 0.0125 0.066743
14 0.94879 0.222476 0.016532 0.055904
2 0.944758 0.313748 0.01129 0.102681
2 0.930242 0.297205 0.010887 0.055904
15 0.904839 0.248146 0.047581 0.033657
0 0.753629 0.201369 0.0375 0.014832