0 0.3419339193695059 0.6731960784313726 0.14655046983934528 0.0556156862745098
0 0.5152197635647165 0.42296078431372547 0.0945528948166111 0.029729411764705883
7 0.5220036374658987 0.710521568627451 0.10201879357381025 0.019431372549019606
0 0.9073688996665655 0.4147764705882353 0.0544255835101546 0.030898039215686277
3 0.5143649590785087 0.541129411764706 0.05667474992421946 0.028341176470588234
2 0.5672082449227038 0.6738000000000001 0.10294331615641104 0.0266
3 0.2805031827826614 0.3466313725490196 0.09269475598666263 0.028678431372549017
2 0.682076386783874 0.6749725490196079 0.09982115792664444 0.027090196078431373
0 0.7758472264322522 0.5100901960784314 0.10155501667171869 0.03250980392156863
0 0.7772052137011215 0.5447686274509804 0.10786602000606245 0.030329411764705883
2 0.6228766292816005 0.32448627450980394 0.11170657775083358 0.03309411764705882
2 0.6505183388905729 0.7092745098039216 0.08564716580782056 0.029792156862745098
15 0.23993634434677175 0.6472313725490196 0.023828432858441953 0.031047058823529414
2 0.2405244013337375 0.27943529411764706 0.13230675962412852 0.025784313725490195
12 0.287108214610488 0.30345098039215684 0.11720824492270386 0.01803529411764706
0 0.9863989087602304 0.6577803921568627 0.020842679599878754 0.08178431372549021
1 0.4962503789026978 0.6003843137254902 0.08495301606547438 0.028152941176470592
2 0.3680509245225826 0.49254901960784314 0.09161564110336466 0.25211372549019606
13 0.7437435586541377 0.4752 0.08343134283116097 0.016415686274509803
8 0.8232676568657169 0.35350980392156867 0.09152773567747802 0.018368627450980394
