2 0.6364823261117446 0.23180572349858927 0.06870581527936147 0.019560661023780734
2 0.5574116305587229 0.20079806529625152 0.24371151653363743 0.024635227730753727
0 0.34396237172177874 0.46264409512293425 0.02369441277080958 0.046102378073357514
0 0.7746408209806157 0.44757758968158 0.03230900798175599 0.07519548569125353
2 0.6914994298745725 0.2320112857718662 0.03668757126567845 0.02045143087464732
0 0.5733124287343215 0.42056025796049984 0.020632839224629416 0.030274083031035872
2 0.45629418472063854 0.23233373639661425 0.03772519954389966 0.01720274083031036
2 0.4953420752565565 0.22985489721886335 0.04190992018244014 0.020669085046352276
0 0.8244583808437855 0.459987908101572 0.028911060433295326 0.039500201531640466
11 0.5052166476624858 0.29054816606207173 0.10255416191562143 0.025900846432889965
0 0.53539338654504 0.4228375654977831 0.021733181299885974 0.03132204756146715
11 0.6246237172177879 0.32044740024183793 0.045598631698973775 0.07170898831116485
