15 0.536440 0.249403 0.020422 0.071290
15 0.507867 0.366371 0.050713 0.029048
15 0.729056 0.334548 0.058169 0.033161
16 0.825111 0.666883 0.225944 0.048637
0 0.430351 0.455569 0.011472 0.038863
0 0.413776 0.457460 0.017285 0.072403
0 0.684889 0.456246 0.018779 0.073556
3 0.263140 0.461810 0.047707 0.077815
1 0.516175 0.533524 0.046189 0.016661
0 0.451147 0.457968 0.018437 0.116097
2 0.572450 0.258198 0.032270 0.017734
5 0.652906 0.362238 0.065459 0.020734
2 0.611255 0.388319 0.093885 0.029427
2 0.338183 0.514359 0.023075 0.155815
15 0.574435 0.452875 0.020359 0.072492
2 0.545339 0.499589 0.109675 0.028565
15 0.289746 0.607831 0.022173 0.074177
0 0.752644 0.457524 0.012213 0.071000
5 0.499940 0.391399 0.065128 0.019282
2 0.560553 0.236472 0.030542 0.016282
2 0.221554 0.665298 0.157735 0.029468
2 0.578756 0.206194 0.068979 0.018887
