15 0.5232821341956345 0.8000741163055872 0.02791430881164107 0.03015963511972634
7 0.8981083265966047 0.535193842645382 0.023063864187550527 0.058500570125427594
2 0.8148827809215845 0.35805017103762826 0.02054971705739693 0.05423603192702394
11 0.23100242522231204 0.22852907639680728 0.030565885206143898 0.04259977194982896
8 0.42320937752627324 0.8877423033067274 0.07144704931285367 0.01531927023945268
0 0.6396523848019402 0.5121607753705816 0.07121261115602263 0.019954389965792473
9 0.6480032336297494 0.41614595210946403 0.058383185125303154 0.01595781071835804
2 0.8524009700889249 0.6029817559863171 0.01847210994341148 0.05615165336374002
15 0.8192724333063864 0.769042189281642 0.02724333063864188 0.026334093500570123
15 0.7363702506063056 0.6259407069555303 0.023524656426839128 0.020701254275940707
2 0.877259498787389 0.7829304446978336 0.018084074373484235 0.10621436716077538
2 0.8773160873080033 0.6326282782212087 0.018787388843977362 0.11640820980615736
15 0.6147615198059823 0.6416476624857469 0.03344381568310428 0.022480045610034208
15 0.8405497170573969 0.8438768529076397 0.028197251414713017 0.02103762827822121
2 0.5918593371059013 0.36099201824401367 0.024923201293451897 0.06660205245153933
0 0.649199676637025 0.7120524515393387 0.0441552142279709 0.014851767388825541
2 0.8289571544058206 0.5847491448118587 0.018803556992724336 0.021835803876852907
15 0.7506063055780113 0.5663683010262257 0.027081649151172192 0.021140250855188142
2 0.7106952303961196 0.7659749144811858 0.016709781729991918 0.0451539338654504
2 0.7289571544058205 0.8027023945267959 0.01936944219886823 0.07253705815279361
2 0.8546483427647534 0.6565450399087799 0.02287793047696039 0.0466248574686431
2 0.8766370250606307 0.7074344355758266 0.017833468067906224 0.052018244013683004
0 0.6499272433306387 0.5413397947548461 0.05684721099434114 0.017941847206385406
0 0.6482215036378335 0.8660946408209806 0.052368633791430884 0.016117445838084377
2 0.727914308811641 0.4114994298745724 0.08073565076798707 0.01476054732041049
2 0.9020695230396119 0.7079646522234891 0.0211802748585287 0.2760946408209806
15 0.5171544058205336 0.5348175598631699 0.02624090541632983 0.02676738882554162
0 0.6474373484236055 0.8836716077537058 0.04615198059822151 0.01563283922462942
13 0.7021584478577203 0.3948460661345496 0.023257881972514147 0.01888255416191562
13 0.7035408245755861 0.3770581527936146 0.020485044462409053 0.018397947548460664
10 0.9081083265966047 0.7486145952109464 0.018690379951495556 0.04017673888255416
3 0.7656911883589329 0.6175712656784492 0.023508488278092158 0.02468072976054732
3 0.5456345998383185 0.6200114025085519 0.023694421988682296 0.024412770809578106
