0 0.590775370581528 0.45940253920836444 0.06876852907639681 0.029581777445855117
15 0.42951539338654504 0.6781404032860343 0.028688711516533637 0.02879014189693801
2 0.4878962371721779 0.7857879014189695 0.045188141391106044 0.01484690067214339
7 0.5728620296465222 0.0984167289021658 0.07411060433295326 0.022367438386855863
2 0.4944982896237172 0.08038834951456311 0.056681870011402506 0.014585511575802838
0 0.41354047890535917 0.45024645257654966 0.072884834663626 0.027483196415235247
5 0.6198517673888255 0.1672890216579537 0.06949258836944128 0.020642270351008216
2 0.4486259977194983 0.11046303211351755 0.09178449258836945 0.027191934279312917
0 0.3554618015963512 0.3351306945481703 0.04565564424173318 0.018909634055265124
2 0.4699543899657925 0.13968633308439132 0.0635860889395667 0.02177744585511576
1 0.6111345496009123 0.7674831964152353 0.06117445838084378 0.03008961911874533
16 0.11515393386545039 0.6980059746079164 0.09291904218928164 0.21852128454070202
