2 0.5088020536223616 0.3608467741935484 0.014694808899030234 0.0686290322580645
2 0.4700399315459213 0.7633306451612903 0.015270964061608671 0.07045967741935484
2 0.32657729606389047 0.3260806451612903 0.01670849971477467 0.07361290322580645
0 0.3933257273245864 0.8868467741935484 0.029332572732458644 0.06736290322580646
0 0.40539646320593264 0.2775161290322581 0.017518539646320594 0.047701612903225804
2 0.48648602395892754 0.3403790322580645 0.015179691956645749 0.03592741935483871
5 0.32597832287507134 0.9442580645161291 0.017843696520250998 0.08609677419354839
1 0.33063320022818027 0.8261451612903227 0.016697090701654305 0.05217741935483871
2 0.5331146605818596 0.6183387096774193 0.02042783799201369 0.3636370967741936
2 0.48128921848260126 0.3746209677419355 0.012567027952082145 0.027862903225806448
0 0.3916314888762122 0.5747177419354839 0.02385054192812322 0.06039516129032258
0 0.3893667997718197 0.8298064516129032 0.025556189389617796 0.061395161290322575
