0 0.455725 0.704206 0.030165 0.053081
0 0.802627 0.179248 0.016957 0.042535
0 0.816239 0.112129 0.016667 0.031983
0 0.750373 0.692975 0.016541 0.039181
0 0.677471 0.891176 0.030675 0.050904
0 0.633298 0.815115 0.030157 0.051528
0 0.592875 0.778672 0.029922 0.051825
2 0.324239 0.641537 0.029639 0.095409
2 0.248580 0.644469 0.027922 0.102874
2 0.578980 0.551225 0.014933 0.047301
2 0.605263 0.655340 0.014604 0.041825
2 0.803169 0.579336 0.017788 0.092426
2 0.918239 0.604309 0.018267 0.066095
15 0.491859 0.565130 0.042055 0.019454
15 0.467765 0.643481 0.038949 0.020788
15 0.400373 0.692965 0.028431 0.022874
7 0.371306 0.669266 0.024133 0.069739
15 0.275710 0.604660 0.030447 0.019096
2 0.296698 0.577335 0.014133 0.073554
5 0.649624 0.680100 0.023435 0.067696
15 0.647863 0.733620 0.021780 0.022110
15 0.722812 0.770788 0.023537 0.030843
15 0.793310 0.665115 0.024439 0.031358
7 0.857373 0.602307 0.089929 0.016452
15 0.353839 0.135979 0.019820 0.022207
15 0.369929 0.137978 0.017522 0.021765
15 0.328063 0.200115 0.024125 0.022923
1 0.799576 0.804566 0.019247 0.062414
11 0.298145 0.283393 0.067302 0.132632
11 0.591576 0.090473 0.062039 0.020788
