0 0.4428470588235294 0.4196664645239539 0.1193921568627451 0.053086719223771985
11 0.8949882352941175 0.5462704669496664 0.04321176470588235 0.10907822922983627
15 0.7298980392156863 0.449260157671316 0.03885490196078431 0.04598544572468163
2 0.7009803921568627 0.5402183141297756 0.09547450980392157 0.1293511218920558
0 0.3593921568627451 0.46817465130382047 0.13190588235294118 0.05141297756215889
15 0.4681882352941177 0.5801637355973317 0.0362078431372549 0.05047301394784718
15 0.5692470588235293 0.16755609460278958 0.03823921568627451 0.05387507580351728
11 0.6371333333333333 0.3024378411158278 0.033258823529411764 0.1327531837477259
15 0.48572941176470585 0.24331716191631292 0.037741176470588236 0.0493086719223772
2 0.4911607843137255 0.17860521528198908 0.11551372549019608 0.04125530624620982
15 0.4131725490196078 0.5946331109763493 0.03748627450980392 0.05164342025469982
15 0.5817960784313725 0.2724439053972104 0.03867450980392157 0.04345057610673136
4 0.3583137254901961 0.5071497877501516 0.15161960784313724 0.026634323832625834
11 0.8976745098039216 0.4503335354760461 0.05967843137254902 0.08755609460278957
15 0.6176274509803922 0.7880715585203153 0.041227450980392155 0.04553668890236507
2 0.8518313725490196 0.3561006670709521 0.0917921568627451 0.04647058823529412
1 0.4205607843137255 0.6622134627046695 0.10139215686274511 0.04850212249848393
2 0.5650745098039216 0.3682777440873256 0.09090980392156862 0.043493026076409945
7 0.43248235294117643 0.10936931473620376 0.14376470588235296 0.031588841722255914
