11 0.6664285714285715 0.6073428232502965 0.018790776152980877 0.0327164887307236
5 0.5465185601799776 0.6418703044681692 0.05296400449943757 0.014578884934756819
0 0.5666479190101237 0.4267101621194148 0.02124015748031496 0.09011466982997232
0 0.7635545556805399 0.4264610517991301 0.02048368953880765 0.09147093712930013
2 0.27639482564679413 0.7259865559509687 0.06740719910011249 0.024808224594701465
2 0.6766001124859392 0.1849308026888098 0.06240157480314961 0.01527481217872677
1 0.6514707536557931 0.3918505338078292 0.04879077615298088 0.012783708975879793
0 0.8231749156355456 0.4291459074733096 0.01420134983127109 0.07657967576117042
2 0.3421400449943757 0.6214907077896402 0.020677727784026996 0.08674574930802689
7 0.7640185601799775 0.11795175958877027 0.05128233970753656 0.013847370502174773
2 0.21708661417322836 0.30166073546856464 0.02215973003374578 0.08693159351522341
5 0.80140607424072 0.6059311981020167 0.04739032620922385 0.015357848952155003
2 0.6800646794150731 0.6759865559509688 0.07893138357705287 0.017544483985765122
0 0.8286839145106862 0.43083827599841834 0.015112485939257594 0.07498616053776196
2 0.6761417322834646 0.17993673388691184 0.06226940382452194 0.014903123764333727
0 0.5772609673790775 0.4279240806642942 0.019128233970753656 0.08957690786872281
0 0.6126884139482565 0.4284737050217477 0.015216535433070865 0.07754843811783314
15 0.7472947131608549 0.5675998418347173 0.023107424071991 0.0267141162514828
11 0.32465691788526435 0.6697390272835113 0.02814398200224972 0.04101225780941083
2 0.7582339707536558 0.08867536575721628 0.042398762654668166 0.015440885725583234
3 0.6572131608548932 0.5608699090549625 0.03049775028121485 0.013985765124555159
1 0.3210179977502812 0.2032621589561091 0.013703599550056242 0.05401344404903124
7 0.6817097862767154 0.11742190589165677 0.05307649043869517 0.013163305654408857
2 0.6941563554555681 0.08623171213918546 0.060930821147356574 0.02007512850929221
7 0.7580455568053993 0.7040055357848952 0.050216535433070864 0.013708975879794387
