5 0.398518 0.519969 0.026796 0.013057
15 0.855758 0.697389 0.016534 0.022273
15 0.835234 0.698157 0.014253 0.024578
2 0.664196 0.6298 0.010832 0.066052
15 0.650513 0.607527 0.020525 0.021505
15 0.649943 0.65361 0.017104 0.017665
15 0.625428 0.641321 0.011973 0.03149
2 0.625998 0.697389 0.014253 0.011521
11 0.347206 0.236559 0.028506 0.021505
1 0.315849 0.316436 0.020525 0.012289
1 0.393957 0.3149 0.020525 0.011521
1 0.462942 0.317204 0.018244 0.011521
1 0.462372 0.228111 0.019954 0.013057
0 0.532497 0.372504 0.010832 0.049155
0 0.49886 0.370968 0.011403 0.043779
0 0.257127 0.373272 0.009122 0.021505
2 0.284493 0.372504 0.017104 0.152842
2 0.413341 0.200461 0.068415 0.021505
2 0.389966 0.173579 0.116876 0.021505