11 0.26831242873432154 0.3160906958561376 0.0545096921322691 0.030828772478498828
3 0.2521037628278221 0.5465832681782643 0.01952679589509692 0.02204065676309617
2 0.27627137970353477 0.18593432369038312 0.03980615735461801 0.02733385457388585
3 0.2773831242873432 0.5446442533229086 0.014623717217787912 0.021235340109460515
11 0.1944982896237172 0.5833854573885848 0.03234891676168757 0.06413604378420641
0 0.3438312428734322 0.4165754495699765 0.01620296465222349 0.06425332290852229
2 0.2636431014823261 0.6263878029710711 0.03994868871151653 0.023885848318999217
0 0.321054732041049 0.415879593432369 0.01507981755986317 0.05928068803752931
0 0.2017217787913341 0.41770914777169665 0.02097491448118586 0.1267787333854574
1 0.37242873432155077 0.149687255668491 0.06598061573546181 0.02493354182955434
