3 0.423375 0.057315 0.040961 0.034429
2 0.375018 0.562438 0.064674 0.018320
2 0.347972 0.589000 0.066833 0.018877
2 0.338992 0.616589 0.083084 0.019096
2 0.325724 0.643575 0.109620 0.021105
6 0.455528 0.461073 0.023084 0.056630
2 0.641898 0.438384 0.024816 0.020438
0 0.602177 0.472918 0.027699 0.035096
3 0.301690 0.401429 0.027983 0.021763
3 0.261880 0.401429 0.023950 0.022658
3 0.255101 0.444845 0.036346 0.023315
3 0.325854 0.519256 0.042883 0.029142
3 0.334769 0.543237 0.027046 0.020356
7 0.480202 0.557781 0.137888 0.029096
15 0.404247 0.637909 0.052503 0.034648
3 0.680807 0.397169 0.028612 0.022393
3 0.407503 0.113731 0.047319 0.032648
2 0.429893 0.163320 0.121163 0.027717
2 0.552853 0.081342 0.032894 0.077553
15 0.524075 0.103164 0.044069 0.039973
15 0.500231 0.080329 0.048482 0.039014
15 0.470362 0.143416 0.048814 0.038374
11 0.535302 0.404781 0.048802 0.062895
11 0.400623 0.326169 0.048078 0.035352
2 0.381987 0.461612 0.072420 0.017379
2 0.820297 0.472100 0.036892 0.066776
0 0.523078 0.471005 0.032372 0.071872
0 0.491251 0.470091 0.027604 0.035708
