0 0.397486 0.854775 0.066336 0.020872
0 0.346594 0.939168 0.075432 0.014880
2 0.788951 0.591551 0.034334 0.045838
0 0.388083 0.483549 0.060363 0.014213
1 0.537627 0.127631 0.026263 0.063324
5 0.351554 0.634236 0.023317 0.079031
15 0.421001 0.708441 0.037724 0.029094
15 0.323390 0.513994 0.038257 0.026653
0 0.546905 0.638586 0.039298 0.026100
6 0.655969 0.522346 0.017877 0.037406
16 0.439108 0.238116 0.049241 0.126494
2 0.754282 0.637443 0.023769 0.038375
2 0.385593 0.650476 0.032446 0.077018
2 0.061889 0.738851 0.033140 0.113210
2 0.117849 0.763027 0.024447 0.064857
2 0.166203 0.749213 0.021186 0.037229
0 0.382740 0.898860 0.076086 0.019099
