15 0.868301 0.6851 0.013683 0.022273
15 0.853478 0.686636 0.013683 0.021505
15 0.831813 0.685868 0.014823 0.024578
15 0.393957 0.64977 0.015393 0.024578
11 0.393387 0.40937 0.034208 0.019969
2 0.380274 0.354071 0.009692 0.016129
2 0.552452 0.35023 0.008552 0.020737
2 0.570125 0.399386 0.009122 0.023041
1 0.510262 0.392473 0.009122 0.026114
1 0.553592 0.616743 0.008552 0.02381
15 0.519954 0.616743 0.013683 0.02381
0 0.470924 0.676651 0.056442 0.017665
0 0.469213 0.633641 0.054162 0.022273
5 0.342645 0.479263 0.009692 0.036098
0 0.358039 0.481567 0.009122 0.042243
0 0.478905 0.449309 0.015964 0.011521
0 0.370011 0.241935 0.011403 0.032258
2 0.468073 0.266513 0.120867 0.021505
3 0.383694 0.160522 0.026226 0.036098