11 0.6596316085489314 0.5978212732305259 0.026726659167604052 0.05217081850533808
2 0.7064679415073115 0.6928153420324239 0.05472159730033746 0.017730328192961647
15 0.7472778402699664 0.5585448793989719 0.02217660292463442 0.025899565045472518
7 0.6781242969628796 0.11901937524713326 0.05071709786276715 0.013598260181890075
5 0.5498312710911136 0.6425504151838671 0.05183914510686164 0.01571767497034401
7 0.766029246344207 0.11826809015421116 0.04731721034870641 0.013875049426650852
0 0.5735545556805399 0.4277066034005536 0.02202755905511811 0.08983392645314353
2 0.7498003374578177 0.08726769474100435 0.05600112485939257 0.01911032028469751
2 0.21673228346456694 0.30144325820482404 0.022705286839145106 0.08763938315539739
0 0.6197244094488188 0.425713720838276 0.013869516310461192 0.07772241992882563
0 0.759226659167604 0.42543297746144726 0.02469910011248594 0.09896006326611309
0 0.8189988751406074 0.42656385923289836 0.016110798650168727 0.08091340450771056
2 0.6946062992125984 0.08096876235666271 0.054898762654668164 0.03378015025701859
2 0.6886417322834646 0.146433372874654 0.070607424071991 0.0234638196915777
2 0.6658548931383578 0.18468960063266113 0.06818335208098988 0.028877026492684855
11 0.3222356580427446 0.658604191379992 0.03173509561304837 0.05516805061289048
2 0.27647919010123734 0.7116765519968367 0.06416760404949381 0.033270067220245156
1 0.22551462317210347 0.6613760379596678 0.05279527559055119 0.019454329774614473
2 0.3377193475815523 0.5986081455120601 0.033363329583802025 0.06962040332147093
3 0.27466535433070866 0.5300276789244761 0.037269403824521936 0.06334124159746936
0 0.33457817772778403 0.3454962435745354 0.05815241844769404 0.030296559905100832
2 0.3193982002249719 0.21948596283115857 0.020413385826771654 0.10400158165282719
15 0.9149437570303712 0.7310873863187031 0.09315241844769404 0.15716884143930407
