2 0.5128506271379704 0.6399778761061946 0.015684150513112886 0.05592182890855457
1 0.39437856328392246 0.7115339233038348 0.016356898517673888 0.04965339233038348
15 0.34296465222348915 0.762684365781711 0.025273660205245154 0.030250737463126846
15 0.4765735461801596 0.4781194690265487 0.024458380843785633 0.0274188790560472
2 0.5299885974914481 0.26597345132743366 0.01709236031927024 0.06510324483775812
0 0.4328221208665906 0.15257374631268436 0.0417502850627138 0.01988938053097345
0 0.4227993158494869 0.7455088495575221 0.04334093500570125 0.018355457227138643
15 0.47533067274800456 0.33262536873156345 0.02233751425313569 0.028458702064896757
0 0.432502850627138 0.1875589970501475 0.04299315849486887 0.019395280235988202
11 0.36357468643101487 0.6196976401179941 0.058147092360319265 0.021415929203539824
15 0.3506955530216648 0.1831047197640118 0.025051311288483466 0.028694690265486725
2 0.2001824401368301 0.5080383480825958 0.05518814139110604 0.022595870206489677
15 0.8511345496009123 0.3782300884955752 0.028865450399087802 0.03485250737463127
15 0.401442417331813 0.23616519174041298 0.023574686431014825 0.02898967551622419
15 0.7934492588369442 0.3610176991150443 0.027377423033067276 0.03148967551622419
2 0.3079589509692132 0.45910029498525073 0.018620296465222348 0.2074188790560472
15 0.7739167616875713 0.4407079646017699 0.02453249714937286 0.02943952802359882
2 0.30951539338654505 0.29698377581120944 0.016818700114025087 0.1053834808259587
2 0.7661744583808437 0.2982300884955752 0.049076396807297605 0.020486725663716815
2 0.33839794754846064 0.26067109144542777 0.015387685290763967 0.05710176991150443
2 0.530381984036488 0.5944616519174042 0.015216647662485748 0.07817109144542773
2 0.7777251995438997 0.46456489675516227 0.07534777651083238 0.03334070796460177
1 0.507314709236032 0.2094542772861357 0.01789623717217788 0.05356194690265487
15 0.4710376282782212 0.5839749262536873 0.024486887115165338 0.028222713864306786
15 0.5417787913340935 0.6534587020648968 0.028825541619156216 0.031607669616519174
0 0.4107354618015963 0.4330088495575221 0.02644811858608894 0.016238938053097344
0 0.4512029646522235 0.7893289085545723 0.05907639680729761 0.02101032448377581
2 0.32233181299885977 0.649358407079646 0.016659064994298745 0.07171091445427728
9 0.8353534777651084 0.48535398230088495 0.014082098061573546 0.05679203539823009
0 0.663363740022805 0.4876474926253687 0.02699543899657925 0.03680678466076696
2 0.5587058152793615 0.459712389380531 0.019167616875712654 0.4109882005899705
10 0.5550627137970354 0.5045722713864307 0.013135689851767388 0.04391592920353982
8 0.3995952109464082 0.78773598820059 0.03866590649942987 0.017079646017699113
7 0.44586088939566704 0.6146165191740413 0.012633979475484607 0.05511061946902655
