2 0.277347843611447 0.16895667046750287 0.08592906086255542 0.016026225769669326
8 0.5879604997984683 0.15356328392246296 0.017291414752116083 0.06909920182440137
2 0.3838331318016929 0.11967502850627137 0.29900846432889966 0.01996579247434436
2 0.3880935106811769 0.4663911060433295 0.20708182184602983 0.017297605473204105
0 0.5625352680370819 0.4114538198403649 0.0211285771866183 0.0770581527936146
0 0.1414993954050786 0.41127708095781074 0.013631600161225313 0.03503420752565565
0 0.583111648528819 0.41251995438996575 0.017750906892382103 0.05922462941847206
2 0.5089641273679968 0.46498859749144816 0.03392583635630794 0.01582098061573546
7 0.21115679161628376 0.67518244013683 0.016880290205562275 0.07287913340935005
0 0.42904877065699315 0.4104903078677309 0.013454252317613866 0.02838084378563284
0 0.17373236598145908 0.41658494868871154 0.01659411527609835 0.08428164196123147
0 0.1558887545344619 0.41000570125427593 0.014796453043127772 0.05203534777651083
2 0.43951229343006853 0.14244013683010262 0.1729826682789198 0.017474344355758266
2 0.2727448609431681 0.46584378563283924 0.02521160822249093 0.016174458380843786
2 0.24679161628375654 0.4650114025085519 0.025268037081821845 0.01602052451539339
3 0.2448367593712213 0.5596351197263398 0.02125352680370818 0.023928164196123147
2 0.29367190648931885 0.14669897377423033 0.11926642482869809 0.017571265678449258
6 0.8457194679564691 0.14905359179019384 0.028980249899234183 0.016345496009122006
