2 0.215615 0.495448 0.015308 0.014065
2 0.274889 0.645784 0.132834 0.015103
2 0.308283 0.608027 0.009053 0.035781
2 0.274901 0.193196 0.133962 0.015992
0 0.155820 0.432152 0.013083 0.053119
8 0.221600 0.689293 0.049746 0.020992
6 0.920121 0.336112 0.014357 0.014139
6 0.816459 0.180969 0.026848 0.014880
2 0.360490 0.137429 0.309041 0.018233
2 0.453446 0.165710 0.121685 0.015547
2 0.301701 0.165274 0.187392 0.016249
0 0.392324 0.365017 0.011306 0.028518
0 0.541002 0.431938 0.014885 0.087149
0 0.561445 0.432871 0.014321 0.086345
0 0.928960 0.308917 0.031245 0.014880
10 0.357948 0.111679 0.041322 0.020667
6 0.273859 0.421454 0.011121 0.059532
11 0.242324 0.341277 0.035957 0.020433
8 0.613222 0.233093 0.048831 0.019766
0 0.131348 0.431867 0.008726 0.035627
2 0.226606 0.494986 0.014784 0.014989
2 0.262523 0.494986 0.062805 0.015730
2 0.300363 0.495080 0.018710 0.015918
2 0.380639 0.494786 0.148944 0.017189
2 0.482688 0.494629 0.063112 0.016978
0 0.176429 0.432429 0.010859 0.033318
0 0.319984 0.368971 0.012245 0.033757
