11 0.26113709677419356 0.33833428408442673 0.045431451612903226 0.04222475755847119
11 0.3227540322580645 0.3722589845978323 0.0234758064516129 0.07212778094694809
15 0.934524193548387 0.5576497432972047 0.058407258064516125 0.03224187107815174
0 0.3972822580645161 0.46095835710211064 0.02365322580645161 0.12045065601825443
0 0.20665322580645162 0.5555219623502567 0.014713709677419355 0.04080433542498574
2 0.2719354838709677 0.29489446662863666 0.06466532258064517 0.017798060467769536
15 0.4182620967741935 0.3569594980034227 0.05751209677419355 0.02720479178551055
0 0.3469838709677419 0.5236794067313177 0.022241935483870965 0.12303479749001711
0 0.39923790322580643 0.5954991443240161 0.019665322580645163 0.09644038790644609
5 0.4138306451612903 0.27658300057045065 0.06613709677419355 0.024791785510553336
1 0.9442419354838709 0.6084768967484313 0.05279435483870968 0.022230462065031376
2 0.303866935483871 0.4216143753565317 0.043350806451612905 0.022698231602966343
