11 0.832282 0.592056 0.102984 0.029760
0 0.725770 0.294971 0.037153 0.015362
0 0.696839 0.590856 0.075355 0.023719
0 0.704073 0.528428 0.041774 0.019960
0 0.694875 0.397022 0.077315 0.026868
0 0.702169 0.362259 0.038887 0.017912
0 0.712629 0.342601 0.067823 0.015995
0 0.719226 0.319726 0.103613 0.022658
2 0.892383 0.693488 0.034927 0.119812
2 0.621298 0.463731 0.032403 0.070896
2 0.620823 0.527219 0.029839 0.035819
2 0.592565 0.532176 0.031194 0.071962
2 0.941262 0.160978 0.043621 0.085197
2 0.746552 0.250228 0.246315 0.021495
0 0.412976 0.328232 0.027581 0.082510
0 0.174113 0.232958 0.073048 0.023600
2 0.619359 0.927210 0.029831 0.053485
2 0.848641 0.416400 0.030460 0.082396
2 0.944798 0.691643 0.031048 0.526355
1 0.337399 0.225203 0.025621 0.057832
1 0.484379 0.340630 0.026371 0.056766
2 0.919476 0.793811 0.033468 0.321905
0 0.186754 0.261138 0.083460 0.022767
0 0.220952 0.290362 0.091581 0.021101
