2 0.7082509803921568 0.13786537295330503 0.19191764705882353 0.01870224378411158
15 0.6487176470588235 0.2398605215281989 0.023098039215686275 0.02960582171012735
15 0.9000235294117647 0.27329896907216494 0.025560784313725493 0.03314129775621589
15 0.6440745098039216 0.27727107337780477 0.023984313725490196 0.02932080048514251
2 0.6677411764705883 0.19024863553668891 0.0882392156862745 0.022498483929654336
2 0.7249764705882353 0.2326318981200728 0.10368627450980392 0.014044875682231655
2 0.7091882352941177 0.6828077622801698 0.13846666666666665 0.014263189812007276
2 0.610235294117647 0.170758035172832 0.060305882352941174 0.012935112189205579
2 0.07714901960784314 0.39597331716191636 0.04179607843137255 0.18509399636143117
2 0.6800156862745098 0.6029472407519709 0.09387450980392156 0.017822922983626442
0 0.5365647058823529 0.41555488174651306 0.04071372549019608 0.01760460885385082
15 0.3936392156862745 0.46377804730139477 0.023576470588235292 0.03266221952698605
2 0.8345098039215686 0.1655852031534263 0.0963607843137255 0.02723468768950879
2 0.6602156862745098 0.46436021831412977 0.060572549019607846 0.01643420254699818
15 0.5969450980392157 0.322874469375379 0.024776470588235296 0.034505761067313526
15 0.8151529411764705 0.2132080048514251 0.0243921568627451 0.029848392965433596
2 0.4116352941176471 0.3530442692540934 0.05641960784313726 0.08131594906003639
2 0.7182588235294117 0.6381807155852031 0.12114901960784313 0.025718617343844754
2 0.22671372549019608 0.3810309278350516 0.10870588235294117 0.017349909035779258
0 0.3713137254901961 0.42998787143723466 0.02439607843137255 0.017847180109157066
7 0.17325882352941177 0.4263432383262583 0.05976862745098039 0.020654942389326865
5 0.5751529411764706 0.4956579745300182 0.050623529411764706 0.01947847180109157
0 0.5775803921568627 0.469648271679806 0.052666666666666674 0.02932080048514251
3 0.720643137254902 0.5075379017586416 0.045588235294117645 0.024742268041237112
15 0.8075686274509805 0.24170406306852638 0.021227450980392158 0.03466343238326258
2 0.7737960784313725 0.2556640388114008 0.06106274509803922 0.01638568829593693
