16 0.866935 0.653166 0.106452 0.043925
15 0.515323 0.218483 0.040323 0.026241
3 0.429839 0.212778 0.041129 0.021107
2 0.409677 0.273816 0.023387 0.053622
2 0.625 0.241301 0.023387 0.054763
2 0.554032 0.281232 0.025 0.041072
7 0.628226 0.288648 0.11129 0.017114
15 0.695161 0.214489 0.045968 0.035938
2 0.770968 0.192812 0.023387 0.107245
15 0.733871 0.179692 0.044355 0.030804
15 0.615323 0.157444 0.035484 0.023959
8 0.487097 0.091843 0.105645 0.017114
0 0.483065 0.047918 0.047581 0.014832
0 0.468548 0.073018 0.035484 0.013691
0 0.470968 0.123217 0.037903 0.014832
15 0.416129 0.145465 0.046774 0.026811
15 0.400806 0.104963 0.048387 0.031375
3 0.35 0.155733 0.032258 0.027952
2 0.253226 0.170565 0.025 0.086708
11 0.319355 0.207074 0.060484 0.021677
2 0.218548 0.225898 0.029839 0.110667
2 0.264516 0.261266 0.025806 0.069595
3 0.326613 0.293782 0.035484 0.029093
8 0.370161 0.330291 0.109677 0.018254
0 0.372581 0.313748 0.040323 0.015402
15 0.465323 0.300057 0.045968 0.028523
0 0.482258 0.3417 0.041129 0.015402
0 0.593548 0.539076 0.03629 0.024529
2 0.516935 0.446092 0.056452 0.014832
2 0.458065 0.445522 0.062097 0.014832
0 0.420161 0.476897 0.034677 0.021107
0 0.608871 0.46834 0.03871 0.017684