2 0.8597903225806452 0.6274131054131054 0.052040322580645164 0.015230769230769232
2 0.8572983870967742 0.34038176638176637 0.04466935483870968 0.018353276353276354
2 0.8691370967741936 0.9326666666666666 0.04761290322580645 0.015082621082621083
2 0.8216532258064516 0.3402678062678062 0.027766129032258065 0.015213675213675214
0 0.9286129032258065 0.18781196581196583 0.016717741935483872 0.02986894586894587
2 0.896475806451613 0.34096866096866096 0.03276612903225807 0.017965811965811967
0 0.8056612903225806 0.1900968660968661 0.020354838709677418 0.03165242165242165
0 0.7734354838709677 0.19063817663817664 0.02282258064516129 0.03521937321937322
3 0.8562096774193548 0.1078917378917379 0.014225806451612904 0.024700854700854702
0 0.7765564516129032 0.4964216524216524 0.021798387096774195 0.03189173789173789
0 0.8080725806451613 0.49589743589743585 0.02095967741935484 0.028227920227920228
0 0.7859435483870968 0.8004387464387465 0.025629032258064517 0.029965811965811967
0 0.8166532258064516 0.7995384615384615 0.024193548387096774 0.027396011396011395
