0 0.5353995157384988 0.5790136830102622 0.022058111380145278 0.03326111744583809
8 0.5601049233252623 0.8609407069555302 0.019120258272800648 0.06814139110604332
15 0.8074899112187248 0.7523888255416192 0.027869249394673123 0.022970353477765108
15 0.46454398708636 0.600381984036488 0.024374495560936238 0.021835803876852907
2 0.8084826472962067 0.8091733181299886 0.015504439063761099 0.06887685290763969
2 0.8768361581920905 0.707981755986317 0.01686037126715093 0.1812314709236032
15 0.714406779661017 0.5754104903078677 0.02765940274414851 0.027605473204104905
7 0.8974334140435836 0.8222120866590651 0.014858757062146892 0.046391106043329536
2 0.22178369652945926 0.29197833523375144 0.02682808716707022 0.11948688711516535
15 0.7831476997578692 0.8805986316989738 0.024713478611783697 0.021716077537058155
2 0.8394511702986278 0.780387685290764 0.013010492332526232 0.04331242873432155
0 0.6102986279257465 0.523563283922463 0.01380952380952381 0.029851767388825542
0 0.7206941081517353 0.9140079817559864 0.018571428571428572 0.02933865450399088
0 0.5946489104116223 0.8299486887115165 0.023987086359967717 0.03329532497149373
2 0.5303147699757869 0.09333523375142531 0.08377723970944309 0.022183580387685288
3 0.5603874092009685 0.3187058152793615 0.03346246973365617 0.038249714937286204
1 0.24389830508474575 0.845775370581528 0.017441485068603713 0.04738882554161916
3 0.30516545601291367 0.7096294184720638 0.019152542372881356 0.0290193842645382
