16 0.412429 0.869441 0.029863 0.124857
2 0.734463 0.537628 0.020178 0.064994
11 0.714286 0.458951 0.081517 0.025656
15 0.707829 0.489168 0.024213 0.024515
15 0.456013 0.477765 0.033898 0.018814
15 0.492333 0.481756 0.037127 0.018814
15 0.426957 0.571266 0.033898 0.027366
15 0.694915 0.621437 0.026634 0.025086
0 0.613398 0.629418 0.040355 0.013683
0 0.484262 0.601482 0.047619 0.014253
0 0.608555 0.575827 0.100888 0.013683
5 0.769169 0.582668 0.025827 0.049031
2 0.79096 0.431015 0.020985 0.219498
5 0.754641 0.384835 0.028249 0.049601
5 0.769169 0.279361 0.020985 0.041619
2 0.72155 0.145952 0.032284 0.18016
15 0.674738 0.2252 0.037934 0.021095
0 0.616626 0.287913 0.054076 0.013683
15 0.438257 0.393387 0.027441 0.028506
0 0.48749 0.415051 0.057304 0.014253
2 0.380952 0.484607 0.022599 0.047891
2 0.35109 0.506842 0.02502 0.067275
2 0.351897 0.41106 0.03067 0.115165
2 0.318805 0.448119 0.025827 0.187001