15 0.7690330378726833 0.09302736602052451 0.019476228847703465 0.021163055872291902
7 0.7331426269137793 0.07183580387685291 0.057792103142626915 0.012690992018244014
15 0.739572925060435 0.20258836944127706 0.020813859790491537 0.01598631698973774
0 0.3317566478646253 0.2398859749144812 0.018444802578565674 0.021436716077537058
2 0.8442062852538276 0.33217787913340935 0.04356164383561644 0.011425313568985176
15 0.7959709911361804 0.08968072976054732 0.020854149879129733 0.017565564424173317
2 0.5927558420628526 0.626339794754846 0.0698549556809025 0.010957810718358038
2 0.6588718775181305 0.6066989737742304 0.048751007252215955 0.014287343215507411
15 0.8334649476228847 0.11993728620296465 0.018348106365834005 0.01687001140250855
0 0.8553908138597904 0.4712884834663626 0.011587429492344883 0.03303306727480045
2 0.5440370668815471 0.5503762827822121 0.018517324738114425 0.05872862029646522
0 0.3999033037872683 0.25147662485746863 0.018823529411764704 0.022115165336374
15 0.7019258662369058 0.11203534777651082 0.02056406124093473 0.016755986316989737
2 0.5833521353746979 0.6218928164196122 0.06796132151490733 0.01233751425313569
0 0.933102336825141 0.2882782212086659 0.010862207896857374 0.019960091220068414
0 0.6951732473811443 0.28840935005701257 0.012780016116035455 0.029104903078677306
0 0.7324818694601128 0.28905929304446976 0.010668815471394037 0.03141391106043329
0 0.37432715551974216 0.24129988597491447 0.015455278001611603 0.01909350057012543
2 0.8126913779210314 0.486539338654504 0.01748589846897663 0.009828962371721778
2 0.7895326349717969 0.05913340935005701 0.03158742949234489 0.013112884834663626
2 0.8339564867042708 0.09452679589509692 0.025656728444802577 0.011214367160775372
2 0.8150362610797744 0.05869441277080958 0.03378726833199033 0.012120866590649943
15 0.742586623690572 0.3758836944127708 0.015769540692989525 0.018683010262257698
2 0.7904673650282031 0.4863683010262258 0.022111200644641418 0.010461801596351197
0 0.761184528605963 0.2905188141391106 0.008823529411764706 0.01734891676168757
2 0.789242546333602 0.48967502850627137 0.02218372280419017 0.011185860889395667
0 0.8600564061240934 0.4718472063854048 0.012844480257856566 0.0308266818700114
0 0.7150846091861401 0.2880957810718358 0.010942788074133764 0.018620296465222348
0 0.6764544721998389 0.2900171037628278 0.01022562449637389 0.02968643101482326
2 0.8256809024979855 0.3129475484606613 0.05320709105560032 0.013688711516533638
3 0.6150604351329573 0.577012542759407 0.01693795326349718 0.016254275940706955
15 0.7952457695406929 0.2333181299885975 0.01676873489121676 0.014082098061573546
0 0.8857131345688961 0.46778221208665904 0.010145044319097503 0.020940706955530214
2 0.7896696212731669 0.06582098061573546 0.03017727639000806 0.014481185860889395
0 0.9170991136180499 0.27553591790193843 0.011740531829170025 0.02506841505131129
2 0.8157050765511684 0.49025655644241733 0.01895245769540693 0.010364880273660206
15 0.8161643835616439 0.3772862029646522 0.016559226430298148 0.01578677309007982
15 0.7638678485092667 0.14627137970353477 0.020104754230459307 0.01620296465222349
3 0.7880902497985496 0.4224686431014823 0.012377115229653506 0.020997719498289623
3 0.6793714746172442 0.5347548460661345 0.01419016921837228 0.03029646522234892
15 0.7993714746172441 0.08577537058152793 0.022925060435132958 0.017571265678449258
2 0.19916196615632553 0.2886374002280502 0.01726027397260274 0.02478905359179019
11 0.354842868654311 0.49659635119726336 0.2315310233682514 0.018175598631698972
11 0.457767929089444 0.11095781071835804 0.20581788879935534 0.06212086659064994
11 0.2476228847703465 0.10998289623717218 0.2125624496373892 0.06362029646522235
8 0.6941821112006447 0.3395096921322691 0.015745366639806607 0.03666476624857469
2 0.8038436744560838 0.4021265678449259 0.05021756647864625 0.00888255416191562
