2 0.5633254901960785 0.37059429957550033 0.02690980392156863 0.12573681018799274
2 0.7562039215686275 0.27551243177683443 0.13709019607843137 0.01607640994542147
2 0.8066666666666666 0.6016312916919345 0.09010980392156863 0.01456033959975743
0 0.16672156862745097 0.21460278956943601 0.07126666666666666 0.035767131594906
2 0.893964705882353 0.45725288053365676 0.03271372549019608 0.09672528805336568
15 0.14655686274509805 0.6010369921164342 0.021427450980392157 0.02979381443298969
2 0.6619607843137255 0.2756155245603396 0.046701960784313726 0.01520315342631898
5 0.1698627450980392 0.2443298969072165 0.046160784313725486 0.0209824135839903
5 0.24446666666666667 0.6424924196482718 0.04766666666666666 0.01958762886597938
0 0.2631921568627451 0.6197695573074591 0.06305882352941176 0.0297513644633111
3 0.4781725490196078 0.29198302001212856 0.05661568627450981 0.040667070952092176
0 0.7332392156862745 0.23292904790782293 0.042635294117647056 0.01548817465130382
13 0.7318941176470588 0.24877501516070347 0.04432549019607843 0.016264402668283807
