2 0.653987 0.290328 0.106893 0.021100
2 0.708249 0.266157 0.099564 0.020912
2 0.196856 0.337246 0.045416 0.023136
0 0.819798 0.357266 0.022324 0.020211
0 0.520557 0.448660 0.021275 0.019510
0 0.563341 0.447058 0.026263 0.020148
8 0.774762 0.387885 0.023648 0.042668
8 0.251465 0.317719 0.023366 0.043181
8 0.397312 0.393589 0.023648 0.042799
0 0.604314 0.447540 0.030339 0.023666
0 0.836828 0.448087 0.025278 0.020519
0 0.780803 0.448087 0.024140 0.020519
7 0.835056 0.274242 0.075763 0.018814
2 0.680295 0.385476 0.044544 0.022948
0 0.236102 0.447523 0.025149 0.020211
0 0.123543 0.445972 0.023261 0.019766
0 0.318176 0.446884 0.025940 0.021100
0 0.361013 0.449105 0.024625 0.019989
2 0.433721 0.322990 0.045488 0.022104
