7 0.131693 0.509755 0.067513 0.025097
2 0.564414 0.327933 0.060097 0.014168
2 0.428073 0.261137 0.250665 0.014282
2 0.274674 0.345068 0.088210 0.014607
15 0.173954 0.369219 0.018992 0.032623
15 0.289583 0.436089 0.024962 0.026864
1 0.633100 0.586078 0.062515 0.017035
0 0.638789 0.431824 0.056247 0.038084
0 0.201473 0.443389 0.067751 0.012788
0 0.137686 0.461100 0.046739 0.039555
2 0.321518 0.611993 0.068960 0.014396
11 0.256020 0.532631 0.019536 0.056608
11 0.588255 0.383295 0.014760 0.052634
5 0.629430 0.479418 0.048428 0.020308
15 0.222572 0.522799 0.024095 0.030855
15 0.592459 0.510852 0.018275 0.034111
