0 0.10488235294117647 0.4262401455427532 0.06352549019607844 0.0458641600970285
15 0.6433294117647059 0.4549120679199515 0.03797647058823529 0.04232261976955731
15 0.15113333333333334 0.34021224984839293 0.04297254901960784 0.051455427531837475
2 0.42983529411764704 0.21001819284414797 0.2971450980392157 0.030867192237719828
0 0.16912549019607842 0.42830806549423894 0.0525686274509804 0.031158277744087328
5 0.10779607843137255 0.4641358399029715 0.0785686274509804 0.031412977562158884
2 0.4533882352941177 0.1610915706488781 0.35215686274509805 0.030533656761673744
2 0.5534313725490196 0.24967859308671925 0.09248627450980393 0.026173438447543964
15 0.6501882352941176 0.4052395391146149 0.033831372549019606 0.04221952698605216
2 0.3217450980392157 0.6681018799272287 0.08441960784313726 0.026664645239539115
2 0.5032627450980391 0.2908065494238933 0.10742352941176471 0.020806549423893272
2 0.29909019607843135 0.289047907822923 0.09430196078431373 0.022043662825955126
0 0.7832509803921569 0.45009096422073985 0.03699607843137255 0.029769557307459067
0 0.8466313725490195 0.4437113402061855 0.05472549019607843 0.0317707701637356
2 0.6243647058823529 0.6837234687689508 0.12183137254901961 0.02485748938750758
2 0.6318470588235294 0.2921467556094603 0.07955686274509804 0.027974530018192844
0 0.7360823529411765 0.4310430563978168 0.06051764705882353 0.046979987871437236
11 0.6870588235294117 0.32176470588235295 0.0328078431372549 0.10833838690115222
0 0.2253372549019608 0.4398787143723469 0.05004705882352942 0.03941176470588235
0 0.14844313725490196 0.5406791995148575 0.04112549019607843 0.02636749545178896
1 0.2235058823529412 0.580582171012735 0.06729019607843137 0.021297756215888416
7 0.6601607843137255 0.5174530018192844 0.07313725490196078 0.02736203759854457
1 0.6782862745098039 0.5838023044269255 0.06025098039215686 0.02450576106731352
5 0.7681294117647058 0.6524984839296544 0.06927843137254902 0.02430563978168587
13 0.7787176470588235 0.570952092177077 0.09112156862745098 0.021406913280776225
13 0.4216 0.6863553668890237 0.09113333333333333 0.0199029714978775
