2 0.3130957810718358 0.3571946795646917 0.021425313568985176 0.05425634824667473
0 0.591927023945268 0.4667795243853285 0.047770809578107185 0.01536477226924627
0 0.5865906499429875 0.4302781136638452 0.05421892816419612 0.014796453043127772
2 0.6836202964652223 0.1384441757355905 0.020912200684150513 0.05852478839177751
8 0.5862713797035347 0.29650544135429263 0.09168187001140252 0.020725513905683193
7 0.8784093500570126 0.28097541313986296 0.02783922462941847 0.07924224103184199
2 0.914036488027366 0.37395808141878273 0.022462941847206385 0.05403466344216042
11 0.6188141391106043 0.2022249093107618 0.07155644241733182 0.015683192261185006
2 0.3533181299885975 0.3282023377670294 0.02026225769669327 0.07405884723901653
2 0.37165906499429874 0.3889278516727126 0.01726339794754846 0.06894397420395003
15 0.8499942987457241 0.33798468359532446 0.02609464082098062 0.02426037887948408
15 0.49008551881413914 0.420241837968561 0.027280501710376284 0.01980652962515115
15 0.7922805017103763 0.3015276098347441 0.026413911060433296 0.02140669085046352
2 0.9152223489167617 0.8573599355098751 0.020575826681870014 0.06706569931479242
16 0.2614196123147092 0.9424627166465135 0.028426453819840363 0.05568722289399436
15 0.847981755986317 0.37828698105602576 0.025438996579247433 0.020495767835550183
0 0.9145781071835805 0.8981499395405078 0.04486887115165337 0.017037484885126967
2 0.5594697833523374 0.889000403063281 0.09364880273660205 0.015344619105199516
7 0.8776054732041049 0.43508262797259173 0.028534777651083237 0.07644095122934301
0 0.5883523375142532 0.27440951229343 0.05741163055872292 0.012902055622732769
3 0.6397206385404789 0.08883514711809755 0.040820980615735455 0.02059653365578396
