8 0.778047 0.1374 0.109766 0.021095
15 0.889427 0.612885 0.053269 0.035918
0 0.728814 0.437856 0.041162 0.016534
0 0.776433 0.424173 0.038741 0.016534
11 0.552865 0.510262 0.041162 0.04618
0 0.475383 0.127708 0.050847 0.015393
0 0.458434 0.149373 0.063761 0.016534
2 0.163842 0.208666 0.029863 0.030217
6 0.170299 0.294185 0.03067 0.031927
6 0.198547 0.288483 0.029863 0.025086
1 0.221146 0.315279 0.03067 0.038198
1 0.322841 0.22862 0.058918 0.023375
1 0.312349 0.307298 0.051655 0.021095
0 0.453592 0.327822 0.054883 0.021665
1 0.624697 0.210946 0.053269 0.021095
1 0.715093 0.232041 0.03067 0.034208
2 0.789346 0.238883 0.040355 0.087229
2 0.751412 0.269099 0.03067 0.037628
8 0.779661 0.338084 0.106538 0.023375