2 0.681918 0.275576 0.024431 0.046046
0 0.255886 0.610197 0.015851 0.088484
0 0.271824 0.552177 0.022737 0.025543
0 0.677118 0.439612 0.027051 0.031461
11 0.411408 0.258587 0.050675 0.020788
11 0.557980 0.896167 0.087035 0.039951
11 0.385698 0.801419 0.047427 0.081552
3 0.326012 0.163642 0.026471 0.056925
1 0.828812 0.182568 0.023333 0.076756
2 0.303039 0.245746 0.014125 0.047380
15 0.777969 0.123081 0.016753 0.022826
15 0.736039 0.139721 0.017349 0.019588
15 0.769220 0.248050 0.031020 0.025318
15 0.657157 0.281149 0.023224 0.021837
15 0.738063 0.331898 0.028486 0.027762
7 0.270400 0.330467 0.025851 0.081552
15 0.305933 0.210212 0.025765 0.012335
15 0.269733 0.219827 0.022275 0.011310
2 0.288451 0.195261 0.015396 0.115603
2 0.243616 0.204557 0.018808 0.108690
0 0.623918 0.365224 0.039710 0.084469
0 0.602102 0.095873 0.135671 0.025585
0 0.703357 0.054254 0.107200 0.016258
