0 0.217776 0.499427 0.085176 0.035919
0 0.454120 0.370479 0.081533 0.032298
0 0.523667 0.580643 0.048251 0.032820
2 0.864514 0.642744 0.100776 0.030885
2 0.601853 0.223250 0.532906 0.032213
2 0.755465 0.276416 0.219682 0.031959
11 0.710465 0.504045 0.025337 0.083153
15 0.555245 0.502962 0.028537 0.032935
2 0.878349 0.595003 0.069812 0.031170
2 0.723208 0.603696 0.074933 0.031007
11 0.277314 0.668320 0.020165 0.019454
2 0.385422 0.315810 0.076647 0.032116
2 0.402422 0.662614 0.132718 0.031825
0 0.919641 0.474660 0.086616 0.037229
2 0.359941 0.586965 0.093929 0.028969
0 0.285504 0.459576 0.084875 0.035306
2 0.470837 0.276386 0.194718 0.034275
2 0.502104 0.318208 0.063588 0.035494
2 0.327620 0.352238 0.084698 0.033050
0 0.237610 0.641962 0.045267 0.034075
2 0.799357 0.318126 0.133506 0.031825
2 0.847931 0.365497 0.077573 0.031007
15 0.523086 0.395640 0.023459 0.031461
15 0.699153 0.395807 0.023098 0.032207
