5 0.7408313155770783 0.6208779931584949 0.03914447134786118 0.12468072976054732
1 0.42112994350282484 0.8206442417331814 0.021081517352703794 0.07249714937286203
1 0.38634382566585956 0.333078677309008 0.023026634382566587 0.03916761687571266
15 0.7914366424535916 0.35356898517673885 0.03620661824051655 0.02952109464082098
2 0.26994350282485874 0.43457240592930446 0.022558514931396288 0.14091790193842646
2 0.7731638418079096 0.4415849486887115 0.024600484261501212 0.13121436716077536
16 0.5038740920096852 0.7573489167616876 0.04641646489104116 0.17771949828962375
0 0.5132364810330912 0.5440079817559863 0.0721953188054883 0.022348916761687574
2 0.705770782889427 0.48649942987457245 0.022025827280064567 0.06767388825541619
2 0.3839144471347861 0.43584948688711517 0.022025827280064567 0.08911060433295326
15 0.7857949959644875 0.5177822120866591 0.035439870863599676 0.030946408209806157
0 0.4907344632768361 0.42739452679589507 0.03268765133171913 0.017080957810718358
15 0.5541565778853914 0.3324287343215508 0.03040355125100888 0.023375142531356898
1 0.3870379338175948 0.5395096921322691 0.021041162227602907 0.04192702394526796
2 0.8510573042776433 0.4370752565564424 0.04033898305084745 0.13615735461801595
2 0.3231154156577885 0.48111174458380845 0.024253430185633577 0.0833751425313569
11 0.6259644874899113 0.42936716077537057 0.07047619047619047 0.03717217787913341
0 0.4990556900726393 0.304321550741163 0.06326069410815173 0.01573546180159635
5 0.8146489104116222 0.2781242873432155 0.037586763518966906 0.1258551881413911
0 0.5190395480225989 0.25919612314709234 0.04680387409200969 0.02033067274800456
