15 0.378779 0.358065 0.030804 0.032258
16 0.844837 0.582258 0.132915 0.046774
2 0.491158 0.656452 0.043925 0.029032
2 0.469481 0.616935 0.069025 0.028226
0 0.289789 0.452419 0.027952 0.08871
0 0.343411 0.469355 0.015402 0.049194
1 0.363377 0.516129 0.05077 0.023387
11 0.54478 0.360484 0.034797 0.039516
11 0.416429 0.290323 0.021677 0.03871
15 0.521392 0.232258 0.026241 0.043548
2 0.503708 0.254839 0.046207 0.028226
2 0.46891 0.224194 0.0502 0.023387
15 0.447233 0.275 0.031945 0.022581
15 0.389618 0.234677 0.023959 0.039516
15 0.325157 0.296774 0.030234 0.033065
5 0.326868 0.195968 0.087849 0.032258
2 0.456361 0.171774 0.116942 0.023387
5 0.575585 0.194355 0.080434 0.033065
3 0.618369 0.26129 0.032516 0.025
15 0.583001 0.297581 0.029093 0.033065
15 0.542499 0.325806 0.028523 0.023387
0 0.578437 0.43629 0.017114 0.050806
2 0.469481 0.516935 0.083856 0.029032
2 0.456361 0.475 0.060468 0.022581
0 0.440958 0.416935 0.015402 0.040323
0 0.466058 0.418548 0.016543 0.037903