2 0.4559749144811858 0.1233414043583535 0.1374515393386545 0.02372881355932203
2 0.3634321550741163 0.6674414850686038 0.04267388825541619 0.020500403551251007
15 0.3768472063854048 0.48107344632768356 0.023352337514253137 0.025270379338175948
15 0.3807183580387685 0.11523002421307507 0.023255416191562142 0.0307909604519774
2 0.8022976054732042 0.1223405972558515 0.13224629418472064 0.020169491525423727
15 0.5888312428734321 0.48222760290556904 0.023683010262257696 0.0238498789346247
15 0.3370296465222349 0.49932203389830504 0.023671607753705817 0.025044390637610978
15 0.9588198403648802 0.49844229217110575 0.03006841505131129 0.02704600484261501
9 0.9194469783352338 0.4580952380952381 0.016573546180159635 0.06326876513317191
0 0.6109007981755986 0.4230669895076674 0.02081527936145952 0.058014527845036315
15 0.8160376282782211 0.4802502017756255 0.01985746864310148 0.02215496368038741
15 0.8548688711516534 0.4116626311541566 0.022155074116305587 0.028983050847457625
0 0.9604218928164195 0.35933010492332523 0.01925313568985177 0.07814366424535915
2 0.8805986316989738 0.1823002421307506 0.05965222348916761 0.019717514124293786
11 0.05149372862029646 0.4317352703793381 0.04955530216647663 0.1333494753833737
0 0.9298688711516534 0.36031476997578693 0.019144811858608893 0.07231638418079095
15 0.9034435575826683 0.31723970944309926 0.026915621436716077 0.02659402744148507
2 0.6382155074116306 0.12280064568200162 0.1906556442417332 0.030887812752219534
15 0.8826567844925884 0.11445520581113802 0.02214367160775371 0.03506053268765133
2 0.6409122006841506 0.09487489911218724 0.5030216647662485 0.027748184019370462
15 0.3275142531356899 0.60045197740113 0.021773090079817557 0.02798224374495561
2 0.876636259977195 0.15610169491525425 0.03403078677309008 0.020742534301856335
0 0.34891676168757124 0.3547134786117837 0.02006841505131129 0.0758999192897498
2 0.8726282782212086 0.4209604519774012 0.061505131128848346 0.025641646489104115
11 0.312981755986317 0.619313962873285 0.028426453819840363 0.07665052461662632
0 0.31408209806157356 0.3608474576271186 0.020695553021664766 0.10053268765133172
8 0.3547605473204105 0.4360774818401937 0.014737742303306729 0.07821630347054076
15 0.8968814139110605 0.3870298627925746 0.023956670467502852 0.022865213882163032
2 0.912029646522235 0.3656335754640839 0.017240592930444696 0.06643260694108152
10 0.763164196123147 0.07493946731234867 0.04489737742303307 0.019927360774818402
7 0.7697776510832384 0.09180790960451977 0.05652793614595211 0.018692493946731236
