16 0.755202 0.729296 0.229113 0.049504
15 0.673948 0.346819 0.032363 0.021847
15 0.555105 0.228347 0.038742 0.024800
15 0.750593 0.209065 0.037089 0.026066
6 0.492516 0.142908 0.031258 0.016260
5 0.872980 0.142682 0.094250 0.018877
1 0.745625 0.273583 0.054347 0.015547
0 0.527774 0.283461 0.097387 0.026283
2 0.646891 0.066086 0.125250 0.013449
2 0.432649 0.336086 0.062427 0.015673
2 0.293411 0.298523 0.023000 0.108734
2 0.676629 0.473777 0.124871 0.013883
2 0.595472 0.455730 0.054718 0.014436
1 0.779855 0.162070 0.076968 0.015918
2 0.721375 0.119344 0.127250 0.022668
2 0.658722 0.093749 0.103540 0.023848
0 0.181718 0.287788 0.038726 0.014265
1 0.723601 0.646009 0.076024 0.016431
0 0.815395 0.332836 0.087016 0.027759
0 0.886363 0.261012 0.072887 0.027315
