12 0.319520 0.414312 0.091620 0.022705
0 0.719331 0.358827 0.030161 0.018878
0 0.621912 0.464275 0.048545 0.015767
0 0.465825 0.509318 0.054286 0.026653
7 0.409233 0.471446 0.051941 0.023499
10 0.584757 0.288890 0.048604 0.024791
12 0.309092 0.628914 0.091918 0.021540
0 0.410429 0.446795 0.055055 0.028314
0 0.292506 0.397162 0.036769 0.014882
0 0.304857 0.545894 0.036765 0.016216
12 0.876076 0.318605 0.092922 0.024209
0 0.284439 0.612380 0.040573 0.013881
0 0.068486 0.465012 0.039624 0.017241
12 0.319131 0.577277 0.091486 0.020873
0 0.076700 0.396395 0.040694 0.018041
1 0.487625 0.391865 0.033275 0.014803
11 0.211361 0.308590 0.056157 0.027756
1 0.109118 0.342347 0.030737 0.015549
1 0.076057 0.322471 0.035620 0.015324
11 0.157173 0.308214 0.055843 0.025585
2 0.503845 0.328526 0.026098 0.012844
2 0.538408 0.266028 0.077435 0.014991
2 0.574347 0.371374 0.026569 0.015361
2 0.687522 0.480194 0.017992 0.132723
13 0.304653 0.561686 0.062380 0.014433
2 0.497157 0.408008 0.039294 0.013723
2 0.085047 0.554582 0.019914 0.151273
5 0.464884 0.533114 0.048592 0.022759
5 0.621143 0.483181 0.048953 0.022213
0 0.848945 0.301461 0.037482 0.013548
1 0.901763 0.411222 0.030161 0.015361
1 0.933420 0.449348 0.030039 0.014621
1 0.256580 0.339021 0.030502 0.016258
1 0.490918 0.605609 0.033153 0.012771
1 0.609116 0.536073 0.034349 0.013881
