10 0.3027993158494869 0.6069330104923325 0.033683010262257694 0.01814366424535916
2 0.3070695553021665 0.5919854721549637 0.2882782212086659 0.016133979015334945
2 0.4289737742303307 0.562090395480226 0.043329532497149374 0.012784503631961259
1 0.45599201824401364 0.21443906376109767 0.02412200684150513 0.013325262308313157
1 0.1626168757126568 0.31550443906376113 0.03858038768529076 0.014043583535108957
2 0.14551311288483465 0.1831638418079096 0.011904218928164196 0.10092816787732042
1 0.4523888255416192 0.3160613397901534 0.0220866590649943 0.012929782082324455
0 0.1195381984036488 0.38854721549636806 0.016801596351197264 0.06850686037126714
1 0.1789338654503991 0.21552865213882164 0.04412770809578107 0.013058918482647296
8 0.09984036488027366 0.3859241323648103 0.016750285062713796 0.06530266343825665
2 0.581630558722919 0.40380145278450363 0.01736031927023945 0.050225988700564966
2 0.1842588369441277 0.40383373688458435 0.05312998859749145 0.019144471347861177
0 0.08449828962371722 0.3904116222760291 0.013534777651083237 0.08666666666666667
2 0.4608380843785633 0.38677966101694916 0.014196123147092359 0.055528652138821626
0 0.6746978335233752 0.3706941081517353 0.042594070695553016 0.018329297820823244
7 0.48860889395667045 0.5798385794995964 0.05189281641961231 0.017635189669087975
3 0.3929532497149373 0.3142453591606134 0.02652793614595211 0.031815980629539956
0 0.5057753705815279 0.38498789346246975 0.044082098061573545 0.029515738498789346
0 0.3045895096921323 0.21566585956416462 0.049800456100342075 0.026117836965294593
2 0.3991733181299886 0.1807183212267958 0.09882554161915622 0.023260694108151736
3 0.7437685290763968 0.30242937853107343 0.015535917901938427 0.015875706214689266
2 0.6896693272519955 0.268498789346247 0.01743443557582668 0.056650524616626306
2 0.6837172177879134 0.3069572235673931 0.04445838084378564 0.025722356739305893
