2 0.439540 0.635066 0.020307 0.037942
2 0.355307 0.660921 0.031695 0.090507
2 0.869056 0.733694 0.017821 0.235815
2 0.481957 0.829493 0.019911 0.043124
1 0.778184 0.873119 0.015061 0.024835
3 0.825956 0.703418 0.036158 0.016881
1 0.760936 0.676488 0.014189 0.024550
15 0.446562 0.694424 0.028297 0.019989
7 0.402958 0.658891 0.023317 0.055707
1 0.785734 0.594547 0.015940 0.023905
15 0.729516 0.588070 0.027070 0.022058
2 0.640266 0.380855 0.035109 0.012725
2 0.662026 0.293472 0.047603 0.014036
2 0.557046 0.324461 0.017740 0.025274
0 0.727074 0.303387 0.020121 0.012885
0 0.640718 0.511183 0.038483 0.011511
0 0.636590 0.534475 0.052502 0.010217
0 0.633604 0.564789 0.054713 0.009989
0 0.639609 0.596149 0.032696 0.011328
0 0.660767 0.686408 0.048103 0.008883
0 0.639157 0.865234 0.024625 0.010365
0 0.612171 0.876799 0.026199 0.009812
0 0.637978 0.894658 0.029080 0.011106
2 0.846065 0.622232 0.013971 0.034704
15 0.754887 0.558067 0.025319 0.020673
2 0.756037 0.712711 0.019387 0.040348
2 0.650993 0.756206 0.018015 0.107999
2 0.670702 0.667728 0.069798 0.013324
2 0.581416 0.707845 0.017910 0.032235
2 0.704790 0.796699 0.017296 0.048119
16 0.272397 0.902095 0.047458 0.076425
