2 0.403137 0.785324 0.018824 0.081261
3 0.10902 0.707702 0.018039 0.029109
0 0.104314 0.775622 0.017255 0.028502
0 0.087059 0.801092 0.018039 0.027289
3 0.132549 0.824136 0.018039 0.018193
3 0.185882 0.844148 0.018039 0.014554
3 0.198431 0.894482 0.018039 0.026683
0 0.261176 0.890237 0.020392 0.038811
3 0.636863 0.885992 0.017255 0.032141
3 0.559216 0.825349 0.018039 0.01698
3 0.516863 0.828381 0.018824 0.015161
3 0.562353 0.713766 0.017255 0.015161
0 0.428235 0.717404 0.03451 0.015161
0 0.430588 0.684657 0.04549 0.013341
11 0.101176 0.286234 0.030588 0.060643
11 0.083922 0.314736 0.027451 0.125531
0 0.201569 0.555488 0.018824 0.027289
0 0.58902 0.573681 0.017255 0.024864