15 0.20213094877235527 0.33488235294117646 0.025689602909972718 0.02804705882352941
0 0.06618369202788724 0.2963882352941176 0.08365565322825098 0.03205098039215686
2 0.6020521370112155 0.1911450980392157 0.10656259472567445 0.030427450980392158
0 0.11283722340103061 0.3594078431372549 0.08992118823886025 0.03265882352941177
12 0.8849014852985753 0.4592235294117647 0.09606850560775992 0.018552941176470588
2 0.649245225826008 0.15895294117647057 0.21276144286147317 0.03114901960784314
2 0.29901788420733555 0.6556549019607844 0.07969384662018794 0.025333333333333333
2 0.3518369202788724 0.5885019607843137 0.03668990603213095 0.07602745098039215
2 0.28294634737799335 0.0924156862745098 0.10450439527129433 0.027709803921568625
15 0.3731282206729312 0.2402745098039216 0.02606244316459533 0.02628235294117647
2 0.3889784783267657 0.4759764705882353 0.048684449833282815 0.09709803921568627
2 0.4082267353743559 0.24284313725490195 0.042473476811154896 0.05030196078431373
4 0.17528645043952712 0.3112392156862745 0.10888754167929676 0.016345098039215685
2 0.39096089724158833 0.5682117647058824 0.04020915428917854 0.0855921568627451
2 0.27688693543498033 0.7360313725490196 0.0811761139739315 0.02632549019607843
7 0.3059593816307972 0.15609411764705883 0.10257956956653533 0.01591764705882353
15 0.1622309790845711 0.23891764705882354 0.02923310093967869 0.03151764705882353
2 0.6263079721127615 0.6936549019607843 0.07355562291603517 0.022074509803921567
2 0.33116095786602 0.5191882352941176 0.05287359806001819 0.06465098039215687
2 0.30224007274931797 0.46078039215686273 0.07442558351015459 0.027458823529411765
2 0.27872385571385266 0.42189019607843137 0.06940588056986965 0.024274509803921568
7 0.19109123976962716 0.1549764705882353 0.11110942709912094 0.01843921568627451
0 0.8820733555622916 0.39877254901960785 0.09659896938466202 0.03275294117647059
2 0.6706183692027887 0.721278431372549 0.08096089724158835 0.02268627450980392
2 0.4095513792058199 0.6410862745098039 0.051648984540769924 0.03964705882352941
2 0.273737496210973 0.1969529411764706 0.08414671112458322 0.02730196078431373
0 0.1698302515913913 0.4494235294117647 0.09716580782055169 0.03323529411764706
2 0.27014852985753257 0.6960274509803921 0.06616853591997575 0.027458823529411765
14 0.8828493482873598 0.541478431372549 0.09167020309184602 0.018133333333333335
3 0.1993149439224007 0.208478431372549 0.03652015762352228 0.031349019607843136
5 0.31128523795089424 0.24593725490196078 0.09405880569869658 0.015066666666666667
15 0.3772749317975144 0.5097607843137255 0.02738708699605941 0.029070588235294115
2 0.46293725371324645 0.3949019607843137 0.06625037890269779 0.08331764705882354
0 0.4817732646256441 0.22340784313725492 0.028172173385874508 0.017737254901960785
2 0.5928008487420431 0.3753764705882353 0.1214246741436799 0.02714901960784314
14 0.8829069414974234 0.5590941176470589 0.08855107608366171 0.018101960784313725
0 0.8798848135798726 0.6062470588235295 0.07953622309790845 0.028435294117647062
12 0.8879478629887845 0.6770588235294117 0.09558654137617459 0.016862745098039214
15 0.808584419521067 0.23536470588235292 0.02725674446802061 0.013666666666666667
13 0.8736344346771748 0.3108392156862745 0.07277356774780237 0.015611764705882355
