2 0.508347440548166 0.06356328392246294 0.2309633212414349 0.015923603192702394
2 0.09145505844417574 0.4293757126567845 0.04829101168883515 0.01169612314709236
2 0.3028738411930673 0.1308266818700114 0.013482466747279324 0.0366448118586089
2 0.2609471987101975 0.35043899657924743 0.016247480854494158 0.05245724059293045
2 0.2842160419185812 0.25118586088939565 0.012833534864973802 0.15245724059293045
15 0.2811930673115679 0.4165136830102623 0.019556630390971382 0.018132839224629417
2 0.260987505038291 0.22251710376282782 0.01310358726320032 0.20545610034207526
2 0.48607013301088275 0.2678648802736602 0.018012898024989923 0.29354618015963513
2 0.2623498589278517 0.3984920182440137 0.014389359129383314 0.04772519954389966
2 0.3035348649738009 0.3074942987457241 0.013123740427247078 0.04647947548460662
11 0.9289883111648529 0.6799686431014823 0.01875453446191052 0.03679589509692133
2 0.05692865779927449 0.3762229190421893 0.014087061668681984 0.03846066134549601
2 0.46368399838774693 0.13104047890535916 0.012950423216444983 0.03833238312428734
2 0.3031962918178154 0.2544925883694413 0.013039097138250706 0.05924743443557583
2 0.42242241031842 0.10935005701254276 0.01324465941152761 0.030943557582668185
15 0.2805844417573559 0.11566704675028507 0.020072551390568318 0.017628278221208667
15 0.9114913341394598 0.04634834663625998 0.02958081418782749 0.014409920182440136
3 0.19086255542120112 0.5399458380843786 0.020354695687222896 0.01837799315849487
15 0.8601733172108021 0.0917588369441277 0.021193067311567917 0.013050171037628278
11 0.33728335348649735 0.199133409350057 0.04944377267230955 0.02173888255416192
2 0.3710963321241435 0.10718928164196123 0.03727932285368803 0.017323261117445837
2 0.225534058847239 0.5500855188141391 0.032668278919790406 0.03980900798175599
1 0.3242321644498186 0.1138568985176739 0.011519548569125352 0.037696693272519954
16 0.2980572349858928 0.8945039908779931 0.03539298669891173 0.0936830102622577
2 0.45791213220475613 0.46142816419612315 0.010540104796453042 0.032796465222348914
11 0.9420959290608626 0.7187970353477765 0.01820233776702942 0.03805587229190422
2 0.7964651350261991 0.6649572405929305 0.028778718258766628 0.030461801596351198
3 0.16077791213220474 0.5383950969213227 0.0156590084643289 0.010838084378563284
3 0.1626440951229343 0.5594042189281643 0.01524385328496574 0.013486316989737743
15 0.2211285771866183 0.5228506271379704 0.02586860137041516 0.013241163055872293
15 0.2216243450221685 0.5779446978335234 0.020217654171704957 0.015903648802736602
3 0.19015719467956468 0.5617588369441278 0.023002821442966545 0.01708380843785633
3 0.1432527206771463 0.3843928164196123 0.012877871825876663 0.014820410490307868
15 0.2814832728738412 0.36961516533637395 0.02241031841999194 0.014905929304446978
15 0.2802055622732769 0.33633694412770804 0.022696493349455865 0.015145381984036489
7 0.2362515114873035 0.29391676168757125 0.012902055622732769 0.029247434435575825
1 0.30420395002015316 0.3447776510832383 0.01729544538492543 0.03283067274800456
0 0.43169286577992744 0.25348916761687573 0.03500201531640468 0.012021094640820981
3 0.340826279725917 0.16302166476624858 0.014353083434099153 0.017517103762827824
1 0.46498186215235787 0.41084378563283924 0.014369205965336557 0.034629418472063855
1 0.3248609431680774 0.42655929304446977 0.01509471987101975 0.03666191562143672
0 0.6570616686819831 0.0420096921322691 0.04833131801692866 0.00975199543899658
0 0.6560419185812173 0.05645952109464082 0.04629181781539701 0.009293044469783353
0 0.6640548166062071 0.08718358038768528 0.06293027005239822 0.008426453819840364
0 0.6566263603385731 0.07335233751425313 0.04574768238613462 0.010122576966932724
8 0.7180814187827489 0.04090079817559863 0.03929463925836356 0.00702109464082098
8 0.7181539701733172 0.056767388825541616 0.040894800483675935 0.007850627137970353
8 0.7186255542120114 0.07170467502850626 0.041112454655380895 0.008885404789053593
15 0.896235388956066 0.06192987457240593 0.020846432889963722 0.013352337514253137
15 0.8877468762595727 0.07711231470923603 0.02147521160822249 0.013195553021664766
2 0.443180169286578 0.4658580387685291 0.012813381700927046 0.02748574686431015
2 0.4357678355501814 0.4936374002280502 0.060644901249496175 0.013010262257696694
0 0.6577267230955259 0.4424543899657925 0.056787585650947194 0.014181870011402508
0 0.6583393792825474 0.4712884834663626 0.048843208383716245 0.01402793614595211
0 0.662273276904474 0.4866106043329532 0.05747682386134623 0.012790763968072976
8 0.7180491737202741 0.4705843785632839 0.040656993147924224 0.009381413911060432
8 0.7191213220475615 0.48574686431014824 0.03974203950020153 0.008899657924743443
2 0.7934340991535671 0.4115735461801596 0.014856912535268036 0.021416761687571263
2 0.8151350261991133 0.4130131128848346 0.013909713825070535 0.01606898517673888
15 0.8979000403063281 0.47606328392246294 0.018766626360338573 0.016704675028506272
15 0.9318863361547763 0.4903591790193843 0.020580411124546553 0.016502280501710376
