0 0.38781176470588236 0.569011522134627 0.09572549019607843 0.032395391146149186
12 0.2831686274509804 0.512698605215282 0.10791764705882353 0.02233474833232262
15 0.4760274509803921 0.5572225591267435 0.025933333333333333 0.03395391146149181
2 0.6638588235294117 0.46973317161916317 0.14324313725490195 0.03514857489387507
2 0.48620784313725485 0.7039539114614918 0.09930588235294117 0.03169799878714372
2 0.2030941176470588 0.2017950272892662 0.08993725490196079 0.03490600363856883
2 0.6167098039215686 0.40308671922377204 0.24920784313725491 0.032728926622195266
2 0.2906392156862745 0.22534263189812007 0.08042352941176471 0.03503335354760461
7 0.5450078431372549 0.3536628259551243 0.11542745098039214 0.025233474833232263
15 0.6237372549019607 0.15089144936325044 0.02557254901960784 0.037610673135233474
10 0.6445450980392157 0.4389144936325045 0.10729019607843136 0.023929654335961188
0 0.11683529411764706 0.1266525166767738 0.10223137254901961 0.04557913887204366
13 0.08878039215686274 0.3837295330503335 0.10292549019607843 0.02045482110369921
0 0.3920352941176471 0.4283323226197696 0.10945098039215687 0.034154032747119464
2 0.29098823529411766 0.170582171012735 0.03381568627450981 0.055664038811400855
2 0.14873725490196077 0.6785506367495452 0.1351607843137255 0.03887204366282595
4 0.39196470588235294 0.5996482716798059 0.10744705882352941 0.0187689508793208
0 0.3225450980392157 0.12027895694360219 0.0976078431372549 0.03957550030321407
2 0.6350745098039215 0.7037962401455428 0.19882745098039215 0.0337477258944815
2 0.7634941176470589 0.6749484536082474 0.09963529411764706 0.03468768950879321
10 0.5578392156862745 0.4726561552456034 0.06249803921568628 0.036591873862947245
0 0.6688901960784314 0.5536567616737417 0.05490588235294117 0.03460278956943602
15 0.47921176470588234 0.3919163129169193 0.025007843137254904 0.035445724681625226
3 0.08021176470588234 0.5909035779260158 0.08026666666666667 0.03562765312310491
3 0.5546117647058824 0.11435415403274711 0.08310588235294117 0.038950879320800484
4 0.7153058823529411 0.13191631291691935 0.12330588235294118 0.0216737416616131
2 0.6835529411764706 0.33179502728926624 0.10292156862745097 0.03320194057004245
2 0.7638666666666666 0.2190600363856883 0.05013725490196078 0.11412371134020619
0 0.7059411764705883 0.1006913280776228 0.10601568627450979 0.03503335354760461
2 0.8801372549019607 0.12562158884172225 0.09206274509803922 0.03741055184960582
0 0.810756862745098 0.39952698605215287 0.05686666666666666 0.033274711946634325
