2 0.731765 0.62644 0.022745 0.101273
2 0.730196 0.706489 0.018824 0.048514
3 0.701961 0.746513 0.055686 0.028502
15 0.672941 0.597938 0.058039 0.016374
3 0.618824 0.618557 0.024314 0.018193
3 0.597647 0.599757 0.022745 0.02547
11 0.52549 0.758035 0.108235 0.058217
11 0.509804 0.718011 0.020392 0.045482
3 0.392157 0.702244 0.035294 0.014554
2 0.352941 0.681625 0.018824 0.082474
2 0.327843 0.67738 0.019608 0.193451
0 0.35451 0.597332 0.025882 0.011522
15 0.447843 0.523347 0.026667 0.015161
3 0.658824 0.43117 0.03451 0.020012
3 0.647843 0.440873 0.031373 0.01698
1 0.658039 0.525167 0.039216 0.012129
0 0.52549 0.54154 0.029804 0.013341
0 0.501961 0.525773 0.031373 0.011522
2 0.521569 0.300182 0.054118 0.015161
2 0.472157 0.357793 0.116078 0.017586
2 0.379608 0.406307 0.020392 0.026683
2 0.378039 0.472408 0.020392 0.086719
2 0.32549 0.425106 0.016471 0.17829
2 0.351373 0.378411 0.016471 0.087932
2 0.352941 0.28866 0.016471 0.087326
2 0.327843 0.239539 0.024314 0.19527
2 0.380392 0.214676 0.015686 0.052153
2 0.379608 0.165555 0.014902 0.044269
3 0.562353 0.315343 0.032157 0.01698
3 0.657255 0.231656 0.031373 0.01698
3 0.636863 0.224378 0.02902 0.013341
1 0.654118 0.1698 0.041569 0.011522
1 0.654118 0.129169 0.047059 0.012129
0 0.507451 0.114615 0.032157 0.011522
0 0.528627 0.09339 0.032157 0.011522