15 0.3750423216444982 0.5584549600912201 0.02684401451027811 0.029954389965792475
15 0.13023780733575172 0.5582326111744583 0.027069729947601772 0.029264538198403647
2 0.2525675130995566 0.5770638540478905 0.2185006045949214 0.023933865450399085
2 0.3760862555421201 0.3266647662485747 0.05147924224103184 0.024082098061573548
1 0.16183796856106408 0.5297263397947548 0.05796453043127771 0.01774230330672748
2 0.6091334139459895 0.4067103762827822 0.021725110842402258 0.07789053591790195
2 0.16112454655380895 0.2632782212086659 0.03816606207174526 0.01736031927023945
16 0.9180572349858928 0.7197434435575827 0.05175735590487707 0.033648802736602056
5 0.41249899234179765 0.5866476624857468 0.04946392583635631 0.023340935005701252
15 0.12461507456670698 0.2760262257696693 0.02487706569931479 0.03146522234891676
1 0.3470213623538896 0.5296636259977194 0.05831519548569126 0.017782212086659067
0 0.09094719871019749 0.4039509692132269 0.015102781136638451 0.0986259977194983
1 0.1324869004433696 0.3279646522234892 0.054538492543329306 0.016750285062713796
2 0.31939137444578797 0.2668187001140251 0.021229343006852076 0.1095381984036488
3 0.14760580411124546 0.386733181299886 0.016916565900846434 0.020524515393386546
8 0.10890366787585651 0.4032440136830102 0.017871825876662636 0.07425313568985177
10 0.25274486094316806 0.5974800456100342 0.03255542120112857 0.02293044469783352
0 0.8448004836759371 0.4269897377423033 0.06828698105602579 0.057480045610034204
15 0.7487666263603386 0.46221778791334095 0.031567916162837564 0.03874572405929304
