0 0.9293058502576539 0.3351411764705882 0.08177932706880874 0.03012156862745098
0 0.8142103667778114 0.4179960784313726 0.09361321612609881 0.027694117647058824
0 0.8756411033646558 0.3706156862745098 0.08980903304031523 0.025827450980392158
2 0.6902576538344952 0.2691882352941176 0.06250985147014247 0.02918823529411765
0 0.7532130948772355 0.45422745098039213 0.05118520763867839 0.02851764705882353
7 0.7695028796605032 0.19447450980392159 0.09776598969384662 0.016388235294117648
2 0.6680569869657472 0.7529176470588236 0.10827523491967263 0.025447058823529413
15 0.7709396786905123 0.29155686274509807 0.02806001818732949 0.03209411764705882
2 0.5617368899666566 0.26942745098039217 0.1036344346771749 0.026509803921568625
2 0.44671415580478935 0.36685098039215686 0.03729311912700818 0.09166274509803922
0 0.49237041527735675 0.5182901960784314 0.08085177326462566 0.03479607843137255
2 0.6026765686571689 0.2321921568627451 0.09052440133373749 0.023674509803921568
2 0.6306395877538649 0.15718823529411763 0.15695362230979085 0.028713725490196077
2 0.7561442861473173 0.1575372549019608 0.11293422249166414 0.027964705882352944
7 0.6604092149136102 0.19623529411764706 0.0956077599272507 0.018094117647058823
2 0.4665959381630797 0.30818039215686277 0.05809639284631706 0.08619607843137256
2 0.7530494089117914 0.5391411764705882 0.10720824492270385 0.02399607843137255
0 0.9876598969384662 0.6639921568627452 0.020621400424371022 0.0943607843137255
15 0.7336980903304031 0.2300705882352941 0.027420430433464683 0.033145098039215684
4 0.5505153076689906 0.43470588235294116 0.10864504395271295 0.018901960784313727
2 0.7333040315247045 0.5847411764705882 0.16616247347681115 0.02715686274509804
2 0.4429766595938163 0.47267450980392156 0.02669899969687784 0.1199764705882353
0 0.4172537132464383 0.443078431372549 0.0486996059411943 0.026988235294117643
3 0.7489633222188542 0.6069686274509803 0.04262503789026978 0.03031764705882353
2 0.8359654440739618 0.5669882352941176 0.03745983631403456 0.026690196078431372
2 0.5568414671112458 0.7319058823529412 0.044719612003637464 0.06966274509803921
3 0.44880266747499237 0.7484470588235294 0.039742346165504705 0.030376470588235293
15 0.3450894210366778 0.21245490196078431 0.041512579569566534 0.019094117647058824
2 0.3372870566838436 0.24990588235294117 0.03461351924825705 0.031588235294117646
2 0.32137617459836315 0.2856666666666667 0.04017581085177326 0.02943137254901961
0 0.10400424371021522 0.21476470588235294 0.06795392543194907 0.026188235294117648
11 0.07623825401636859 0.5733058823529412 0.06404364959078508 0.15904313725490196
