2 0.903124 0.433690 0.078176 0.016950
2 0.169986 0.217568 0.105894 0.015379
2 0.164433 0.240385 0.095463 0.013457
2 0.171543 0.351519 0.063431 0.013881
2 0.640080 0.745255 0.107541 0.015992
0 0.743816 0.273720 0.048188 0.019509
0 0.762416 0.613787 0.041506 0.021098
0 0.845186 0.571549 0.029471 0.013857
1 0.129006 0.732250 0.061549 0.021492
0 0.779388 0.290992 0.057702 0.016950
0 0.859961 0.596959 0.067294 0.032159
11 0.522078 0.244157 0.131929 0.087502
11 0.146590 0.674078 0.020851 0.054099
11 0.422229 0.491161 0.071753 0.408532
0 0.123508 0.481331 0.034757 0.028205
0 0.246761 0.494709 0.034588 0.016841
0 0.288412 0.493969 0.034110 0.027574
12 0.857253 0.632538 0.079588 0.026471
12 0.766339 0.316128 0.080451 0.025270
