15 0.8671803921568627 0.6159187386294724 0.026231372549019607 0.03588841722255913
0 0.6750039215686274 0.44982413583990294 0.10465098039215687 0.03861127956337174
11 0.8374823529411765 0.6139114614918132 0.020137254901960784 0.08767131594906004
15 0.8082980392156862 0.13402061855670103 0.030654901960784315 0.03476652516676774
0 0.6086392156862745 0.34594299575500304 0.10742352941176471 0.0381746513038205
15 0.711678431372549 0.5962765312310491 0.03212549019607843 0.03968465736810188
15 0.6084627450980392 0.6538265615524561 0.028580392156862745 0.04096422073984233
7 0.6869411764705883 0.09004851425106125 0.11759607843137256 0.022577319587628864
15 0.7232588235294117 0.18374166161309885 0.031423529411764704 0.037331716191631295
1 0.8810588235294117 0.6972771376591873 0.08237254901960785 0.035385081867798665
2 0.7348941176470588 0.14243177683444513 0.11445882352941177 0.035809581564584594
2 0.8030313725490196 0.2049545178896301 0.10693333333333334 0.03562765312310491
4 0.6157019607843137 0.3760218314129775 0.12052941176470588 0.023371740448756822
