2 0.8220235294117646 0.23850212249848393 0.05932549019607843 0.013505154639175258
0 0.7364156862745098 0.3512492419648272 0.029619607843137254 0.01463917525773196
2 0.3355843137254902 0.44175257731958767 0.03104313725490196 0.11943602183141297
2 0.21594117647058822 0.28334141904184357 0.0568156862745098 0.011843541540327471
1 0.9394117647058824 0.4099332929047908 0.040776470588235296 0.016755609460278955
1 0.868 0.29934505761067315 0.040756862745098044 0.01567616737416616
2 0.3706470588235294 0.32591267434808974 0.03352156862745098 0.09927835051546392
2 0.5938470588235294 0.48554275318374773 0.020909803921568628 0.11406913280776228
2 0.30113725490196075 0.34537295330503337 0.01603921568627451 0.08996361431170406
13 0.7078 0.44938144329896906 0.0562313725490196 0.016834445118253487
0 0.7648588235294118 0.3217768344451183 0.03268627450980392 0.023953911461491815
13 0.33162745098039215 0.5857428744693753 0.051666666666666666 0.015469981807155853
0 0.3307294117647059 0.563844754396604 0.03939607843137255 0.02439660400242571
