7 0.724282 0.170510 0.112873 0.023985
15 0.609027 0.156200 0.044544 0.027759
15 0.509887 0.209441 0.037417 0.029977
15 0.232526 0.253478 0.038773 0.027206
6 0.238035 0.618549 0.024528 0.016254
3 0.221836 0.175006 0.027514 0.029795
11 0.512244 0.409036 0.078918 0.089282
11 0.301768 0.618672 0.036901 0.014960
11 0.306025 0.648589 0.037990 0.013107
0 0.403386 0.157605 0.068450 0.015986
0 0.402526 0.260790 0.066618 0.014213
0 0.661546 0.297643 0.033503 0.016950
0 0.797595 0.313763 0.030331 0.014709
0 0.724290 0.344977 0.042559 0.014390
0 0.858983 0.361286 0.045730 0.016950
0 0.403273 0.063994 0.036247 0.016813
0 0.362276 0.420664 0.037724 0.022651
6 0.230569 0.649062 0.027353 0.013575
8 0.403624 0.176688 0.106554 0.023136
2 0.147111 0.187948 0.025278 0.091950
2 0.113245 0.166200 0.023487 0.137258
2 0.643180 0.103398 0.024181 0.067514
2 0.675650 0.120382 0.024262 0.046055
16 0.884435 0.745775 0.117328 0.040274
