5 0.17631451612903226 0.841145952109464 0.018733870967741935 0.05299885974914481
2 0.772741935483871 0.5129190421892816 0.05780645161290323 0.01506271379703535
0 0.34591935483870967 0.5656784492588369 0.024693548387096774 0.04593500570125427
2 0.13199193548387095 0.7734378563283922 0.01339516129032258 0.039469783352337515
0 0.38028225806451615 0.7326453819840365 0.02516935483870968 0.032884834663625996
0 0.4082096774193548 0.7623432155074117 0.021774193548387097 0.03898517673888255
0 0.4834516129032258 0.609224629418472 0.01885483870967742 0.04801026225769669
0 0.38821774193548386 0.852605473204105 0.0345241935483871 0.029937286202964652
0 0.6963548387096774 0.33941277080957816 0.015088709677419355 0.04324401368301026
0 0.6741451612903226 0.33824971493728617 0.01420967741935484 0.060370581527936146
2 0.6754354838709677 0.7632269099201825 0.01616935483870968 0.09904218928164196
15 0.6266693548387097 0.6397377423033067 0.022895161290322583 0.021812998859749144
0 0.4014435483870968 0.5948460661345495 0.08436290322580645 0.016567844925883694
15 0.23474193548387096 0.8512371721778791 0.021580645161290324 0.02127708095781072
1 0.4185887096774193 0.7078620296465222 0.017629032258064517 0.052058152793614594
0 0.4002096774193548 0.6137115165336374 0.07190322580645161 0.022212086659064996
0 0.3785 0.8807069555302166 0.020096774193548387 0.01855188141391106
0 0.8522983870967741 0.555387685290764 0.01836290322580645 0.07025655644241734
16 0.7021854838709678 0.20009122006841504 0.05393548387096774 0.09872291904218929
0 0.4111532258064516 0.8378107183580388 0.015354838709677418 0.01880273660205245
15 0.31948387096774195 0.8469384264538198 0.026153225806451613 0.020877993158494867
0 0.3416451612903226 0.8944013683010262 0.044830645161290324 0.031636259977194985
0 0.39704838709677415 0.9167046750285063 0.025588709677419354 0.026396807297605473
15 0.19879032258064516 0.7946978335233752 0.03201612903225807 0.014794754846066134
2 0.10593548387096775 0.7263397947548461 0.036967741935483876 0.1256442417331813
2 0.1095967741935484 0.808175598631699 0.023048387096774193 0.03916191562143671
2 0.11362903225806452 0.6489908779931585 0.020185483870967743 0.030222348916761687
15 0.20498387096774195 0.6556841505131128 0.025346774193548388 0.014452679589509692
15 0.20991129032258066 0.5909407069555302 0.02261290322580645 0.019395667046750286
5 0.1771693548387097 0.6210205245153934 0.016540322580645164 0.04545039908779931
0 0.4969758064516129 0.7561345496009122 0.031903225806451614 0.02391676168757127
2 0.45290322580645165 0.8011744583808438 0.018588709677419355 0.041516533637400224
2 0.6574435483870968 0.7780045610034206 0.017443548387096774 0.02652793614595211
2 0.7022177419354839 0.7566704675028506 0.01953225806451613 0.11100912200684152
2 0.7816048387096775 0.7323717217787913 0.01939516129032258 0.16518244013683012
2 0.7535241935483871 0.7452622576966933 0.02038709677419355 0.13870581527936146
2 0.7287016129032259 0.7517046750285062 0.03258064516129032 0.12511972633979476
