0 0.327798 0.430157 0.021198 0.146298
0 0.357096 0.431036 0.018289 0.085782
0 0.384527 0.432798 0.021614 0.089306
2 0.270220 0.738105 0.043052 0.016855
0 0.196261 0.432452 0.017872 0.141597
0 0.167376 0.433331 0.014957 0.047000
0 0.140362 0.433036 0.018283 0.047589
0 0.113762 0.432153 0.015796 0.045823
0 0.089450 0.433625 0.021192 0.048766
2 0.798842 0.430980 0.017456 0.401879
2 0.611691 0.165040 0.043257 0.017468
2 0.216466 0.685746 0.064455 0.018702
2 0.217427 0.713286 0.066378 0.019379
2 0.256711 0.773109 0.071552 0.017847
