2 0.109179 0.193163 0.051712 0.013992
0 0.216343 0.315201 0.025774 0.018384
2 0.125817 0.542862 0.047156 0.012798
0 0.217247 0.651135 0.020652 0.020053
0 0.162714 0.345449 0.022003 0.020253
0 0.182372 0.683289 0.021571 0.017434
8 0.228794 0.601779 0.056897 0.022122
8 0.201198 0.264546 0.072231 0.023791
15 0.161516 0.569308 0.026834 0.027635
2 0.040786 0.574815 0.020817 0.077022
15 0.168794 0.642223 0.020275 0.026093
15 0.147765 0.306457 0.021406 0.026917
15 0.149631 0.262117 0.019827 0.024256
15 0.146080 0.212914 0.026960 0.028786
15 0.072129 0.212518 0.028154 0.024784
2 0.042023 0.300723 0.020699 0.049894
15 0.090141 0.567191 0.026834 0.029546
15 0.187777 0.598664 0.023409 0.026473
1 0.045899 0.253506 0.051155 0.020528
1 0.047207 0.639852 0.055515 0.024203
