0 0.833420 0.295135 0.011696 0.038990
3 0.344298 0.108778 0.019111 0.037533
3 0.427460 0.228487 0.028168 0.024059
3 0.250252 0.316527 0.013952 0.032204
3 0.175674 0.185770 0.025931 0.029057
3 0.228075 0.406271 0.016302 0.040775
3 0.337004 0.441910 0.015693 0.047972
3 0.692785 0.277974 0.022999 0.023602
3 0.708626 0.234799 0.023182 0.024170
3 0.778776 0.243764 0.022735 0.020882
3 0.705459 0.411863 0.020370 0.027902
3 0.770615 0.124629 0.021230 0.025308
2 0.263784 0.552221 0.035325 0.022173
2 0.296192 0.552111 0.035482 0.020623
2 0.236063 0.632846 0.091971 0.023683
2 0.324212 0.631383 0.090457 0.020488
0 0.409331 0.367992 0.013625 0.057475
2 0.280169 0.093306 0.025389 0.019514
2 0.118609 0.224251 0.016350 0.142080
2 0.118347 0.386698 0.014388 0.189439
2 0.164937 0.271209 0.015771 0.051667
2 0.165741 0.328871 0.015669 0.070886
2 0.388888 0.316023 0.016085 0.043019
2 0.723806 0.453879 0.061078 0.020842
2 0.712930 0.506162 0.057908 0.020223
2 0.772163 0.506427 0.040876 0.022353
2 0.703224 0.322711 0.038768 0.019711
2 0.760575 0.355744 0.072542 0.021619
2 0.767504 0.331011 0.059724 0.021394
2 0.704944 0.154655 0.041834 0.020777
12 0.440062 0.335215 0.045208 0.021991
7 0.643082 0.475508 0.043715 0.024215
2 0.144002 0.264037 0.021163 0.065520
2 0.244369 0.585760 0.071977 0.033818
2 0.314722 0.585751 0.072328 0.034864
2 0.144620 0.363039 0.023725 0.141578
0 0.599140 0.294699 0.021762 0.039114
0 0.622133 0.295365 0.010976 0.040445
0 0.651182 0.295099 0.010030 0.041510
