2 0.6638013698630137 0.3112128514056225 0.050565068493150685 0.025654618473895583
15 0.82912100456621 0.6751566265060241 0.02948630136986301 0.037606425702811246
2 0.7659646118721462 0.07731726907630522 0.10424657534246574 0.025156626506024096
2 0.7313869863013699 0.7017510040160642 0.17371575342465756 0.02340562248995984
2 0.7969006849315069 0.11854618473895583 0.06653538812785388 0.023686746987951805
16 0.24257420091324203 0.7511807228915662 0.25833333333333336 0.07129317269076306
0 0.5396575342465754 0.368289156626506 0.017414383561643838 0.03704417670682731
3 0.6691495433789953 0.24603212851405623 0.025770547945205478 0.03551004016064257
0 0.5901826484018264 0.3950843373493976 0.018966894977168948 0.05691566265060241
15 0.6329680365296804 0.6598313253012048 0.026797945205479453 0.03319678714859438
15 0.6190353881278539 0.2457269076305221 0.02579908675799087 0.03595983935742972
2 0.1061986301369863 0.3692289156626506 0.02220890410958904 0.3652690763052209
0 0.8802853881278538 0.37914056224899595 0.01788812785388128 0.034891566265060237
1 0.6406221461187214 0.44413654618473897 0.06535388127853882 0.020602409638554215
0 0.5635787671232877 0.38795180722891565 0.014845890410958905 0.04776706827309237
5 0.8797888127853882 0.6247710843373494 0.07505707762557078 0.023831325301204822
1 0.6336015981735159 0.5886425702811245 0.0735445205479452 0.03168674698795181
2 0.6587043378995433 0.6774859437751004 0.056084474885844754 0.024096385542168676
5 0.8322146118721461 0.4194859437751004 0.02065068493150685 0.0890281124497992
1 0.6842522831050228 0.6366987951807229 0.07109018264840182 0.03132530120481928
0 0.9072888127853881 0.38148594377510037 0.015353881278538812 0.032795180722891566
6 0.8515639269406393 0.38262650602409637 0.01786529680365297 0.07224899598393575
4 0.5506906392694063 0.6242730923694779 0.08767694063926941 0.03570281124497992
11 0.7082876712328767 0.308859437751004 0.03250570776255708 0.03631325301204819
