2 0.517742 0.543069 0.072581 0.013691
2 0.457258 0.584141 0.023387 0.054763
3 0.510484 0.6332 0.125806 0.031375
3 0.559677 0.634341 0.028226 0.028523
11 0.623387 0.586423 0.047581 0.059897
16 0.806452 0.612094 0.181452 0.044495
2 0.174194 0.089561 0.075 0.016543
10 0.267742 0.183685 0.085484 0.030804
5 0.278226 0.24016 0.1 0.023388
15 0.250806 0.41757 0.05 0.034797
2 0.193548 0.488876 0.105645 0.018254
0 0.108065 0.282373 0.019355 0.035938
0 0.074194 0.283514 0.018548 0.031945
15 0.146774 0.305762 0.045161 0.030804
15 0.207258 0.312037 0.045968 0.031375
0 0.334677 0.293212 0.019355 0.033657
0 0.458065 0.087849 0.03629 0.013691
0 0.494355 0.07587 0.035484 0.013691
0 0.808065 0.092983 0.042742 0.014832
0 0.796774 0.078152 0.044355 0.014261
0 0.720161 0.219624 0.041129 0.027952