2 0.8046563369090186 0.10859217877094972 0.19867699642431466 0.04285474860335195
2 0.35321811680572107 0.0974413407821229 0.1822606277314263 0.02529050279329609
15 0.4645252284465634 0.5028491620111732 0.023349225268176402 0.031050279329608937
3 0.4146563369090187 0.4503072625698324 0.02756853396901073 0.0320391061452514
15 0.347751291219706 0.5040502793296089 0.026801748112832736 0.030195530726256983
15 0.31241160111243543 0.5059664804469274 0.023412793007548668 0.03175977653631285
2 0.31177592371871277 0.1614245810055866 0.08470003972983711 0.022145251396648045
2 0.3021692491060786 0.12681005586592178 0.07825983313468414 0.022167597765363128
7 0.15117600317838698 0.6020893854748604 0.08009932459276918 0.021089385474860334
2 0.372657926102503 0.6455642458100558 0.2212316249503377 0.020927374301675978
0 0.5310687326181963 0.392536312849162 0.026495828367103694 0.10908379888268156
15 0.24300357568533967 0.18489385474860334 0.02594358363130711 0.032910614525139666
7 0.19858561779896702 0.16093296089385475 0.07916964640444975 0.019966480446927375
3 0.24826777910210568 0.31118435754189944 0.020870083432657928 0.031033519553072625
2 0.3647238776321017 0.6002793296089386 0.21086611044894715 0.024089385474860333
2 0.4494278903456496 0.32164804469273744 0.07206595152959873 0.022100558659217878
3 0.42268970997218913 0.4616759776536313 0.0455740961462058 0.053899441340782124
3 0.4279022646007151 0.4772122905027933 0.03470798569725864 0.024072625698324024
0 0.13295192689709973 0.4227486033519553 0.0210409217322209 0.050083798882681566
0 0.5931466030989273 0.3864916201117319 0.016519666269368294 0.09844134078212291
2 0.29539928486293204 0.12043016759776536 0.07714342471195867 0.021854748603351955
11 0.4914580850218514 0.20232960893854748 0.04685736988478347 0.02601675977653631
3 0.8527572506952721 0.3448268156424581 0.03986491855383393 0.03472625698324022
