7 0.871592156862745 0.24972104305639783 0.11218039215686275 0.03061249241964827
11 0.7499764705882354 0.4125712553062462 0.09478039215686275 0.06000606428138266
8 0.599043137254902 0.5551667677380231 0.10970196078431373 0.026901152213462703
15 0.6981019607843137 0.6455245603395998 0.031011764705882353 0.03750758035172832
15 0.8351294117647059 0.30683444511825353 0.03825882352941177 0.03973317161916313
13 0.8839176470588235 0.4129836264402668 0.08348235294117647 0.020988477865372952
2 0.8236745098039215 0.6307883565797453 0.07583137254901962 0.03882959369314736
1 0.7446823529411765 0.7248817465130382 0.0648549019607843 0.046318981200727714
0 0.6000313725490196 0.527477258944815 0.024211764705882353 0.028781079442086112
0 0.6768 0.5771679805942995 0.027588235294117646 0.024566403881140085
0 0.8883254901960784 0.5789144936325046 0.022290196078431374 0.029775621588841724
0 0.9251960784313725 0.5790721649484536 0.02044313725490196 0.026931473620375984
2 0.7657529411764706 0.2883444511825349 0.09993333333333333 0.02782292298362644
2 0.7950705882352942 0.3261006670709521 0.043478431372549024 0.01804123711340206
2 0.8219294117647059 0.3622801697998787 0.11013725490196079 0.03248029108550637
2 0.7615647058823529 0.44969678593086715 0.08270588235294118 0.026185567010309278
