7 0.3724339933993399 0.691824401368301 0.025132013201320132 0.08053021664766248
3 0.4375660066006601 0.5212029646522235 0.03616336633663366 0.030359179019384265
16 0.157516501650165 0.34441847206385406 0.04868811881188119 0.11364310148232612
11 0.42476897689768983 0.6304446978335233 0.08915016501650165 0.0287115165336374
7 0.9261468646864687 0.34940706955530215 0.02731848184818482 0.0829418472063854
2 0.32935643564356437 0.45479475484606613 0.02768151815181518 0.04762257696693273
2 0.9253052805280528 0.8052565564424173 0.02812706270627063 0.14772519954389968
3 0.4372029702970297 0.4863854047890536 0.03494224422442244 0.02726339794754846
2 0.8921287128712871 0.5688882554161916 0.024405940594059403 0.05186431014823261
15 0.3183993399339934 0.7501995438996579 0.03712046204620462 0.02941277080957811
2 0.8614026402640264 0.594230330672748 0.024306930693069308 0.07387115165336373
2 0.8116831683168316 0.05936716077537058 0.0795957095709571 0.06339224629418472
2 0.8955610561056107 0.43746294184720635 0.025486798679867986 0.07321550741163055
2 0.36013201320132016 0.19610604332953252 0.030049504950495052 0.08640250855188142
3 0.11276402640264026 0.23979475484606616 0.035264026402640265 0.032445838084378564
2 0.8976485148514852 0.8236316989737743 0.027929042904290432 0.1185974914481186
2 0.8865016501650166 0.1920581527936146 0.024282178217821783 0.07569555302166477
1 0.36822607260726076 0.39726339794754845 0.021476897689768976 0.04498859749144812
11 0.6820379537953796 0.16618586088939566 0.043209570957095704 0.04486887115165337
0 0.5898019801980199 0.63 0.12658415841584159 0.03558722919042189
0 0.5593646864686469 0.5248802736602053 0.06857260726072607 0.027673888255416192
0 0.6505528052805281 0.22141391106043332 0.039034653465346535 0.050581527936145954
0 0.8655280528052806 0.36013112884834664 0.021947194719471947 0.03824401368301026
0 0.5542656765676568 0.4010547320410491 0.059150165016501645 0.02289053591790194
2 0.8108745874587459 0.292690992018244 0.09193069306930693 0.020421892816419613
2 0.341980198019802 0.8193044469783352 0.04936468646864686 0.11078107183580388
2 0.9374257425742575 0.511824401368301 0.027533003300330032 0.16538768529076395
1 0.7026732673267326 0.8245724059293045 0.026221122112211222 0.061921322690992014
0 0.5591254125412541 0.7002736602052452 0.06714521452145214 0.02557582668187001
2 0.26432343234323435 0.13552451539338656 0.04895214521452145 0.19284492588369442
0 0.5617409240924093 0.6739851767388826 0.0661138613861386 0.023928164196123147
2 0.3816089108910891 0.8958323831242874 0.02731848184818482 0.1087400228050171
0 0.5537211221122113 0.9029019384264538 0.09314356435643564 0.029013683010262258
15 0.7733745874587459 0.898266818700114 0.02481023102310231 0.02664196123147092
2 0.2643151815181518 0.08873432155074115 0.04881188118811881 0.0937400228050171
1 0.37094059405940594 0.5538882554161916 0.022417491749174918 0.04159064994298746
0 0.5612541254125413 0.9393614595210947 0.12256600660066007 0.02502280501710376
2 0.7289356435643565 0.5468643101482327 0.022846534653465346 0.1001254275940707
0 0.5920874587458747 0.37597491448118586 0.13672442244224423 0.02789053591790194
2 0.8295792079207921 0.07007411630558723 0.049273927392739274 0.04306727480045611
2 0.6566996699669967 0.5246351197263398 0.029504950495049503 0.14221208665906498
1 0.39538778877887787 0.4703021664766248 0.026064356435643563 0.0689224629418472
3 0.5210973597359736 0.49028506271379707 0.0387046204620462 0.02806157354618016
