2 0.092672 0.12379 0.060736 0.017339
2 0.029085 0.246774 0.01055 0.114113
3 0.099515 0.250806 0.019105 0.031452
15 0.043627 0.212903 0.01996 0.022177
3 0.075563 0.190726 0.022526 0.024597
11 0.40576 0.894355 0.013402 0.031452
11 0.401768 0.8625 0.013402 0.033065
6 0.420302 0.797984 0.016538 0.009677
11 0.477616 0.775806 0.026233 0.016935
11 0.451668 0.775403 0.026518 0.020565
0 0.52381 0.856452 0.031936 0.016129
2 0.598232 0.804435 0.045908 0.013306
2 0.590248 0.781048 0.03878 0.0125
16 0.923296 0.768548 0.114913 0.03871
11 0.377246 0.489516 0.045053 0.185484
6 0.408896 0.629839 0.024237 0.009677
6 0.299401 0.627419 0.006843 0.030242
11 0.216709 0.56129 0.013687 0.03629
0 0.152267 0.395968 0.008839 0.039516
0 0.191617 0.396371 0.008554 0.037903
0 0.173653 0.430242 0.007984 0.037097
0 0.310237 0.177419 0.007984 0.047177
2 0.2572 0.08871 0.031936 0.0125
2 0.255489 0.034274 0.048189 0.015323
2 0.242087 0.050403 0.022526 0.014113
2 0.23724 0.079435 0.013687 0.014516
15 0.245509 0.068145 0.018534 0.028629
15 0.204163 0.147984 0.021956 0.025403
11 0.204733 0.194355 0.023952 0.060484
15 0.291702 0.264516 0.022241 0.024597
2 0.257485 0.287903 0.033647 0.015323
2 0.24665 0.329435 0.032221 0.0125
0 0.298261 0.396371 0.008269 0.088306
0 0.330197 0.333871 0.008554 0.041129
0 0.603365 0.297581 0.012831 0.03629
0 0.64414 0.360887 0.033932 0.022984
11 0.80211 0.3 0.046478 0.193548
6 0.882806 0.457661 0.01882 0.010081
6 0.816938 0.456048 0.016823 0.012097