11 0.6740509803921568 0.37184354154032745 0.12307843137254904 0.08943602183141297
2 0.5896196078431373 0.32337174044875683 0.0804078431372549 0.016658580958156456
2 0.24865490196078432 0.34073377804730137 0.08324313725490197 0.012825955124317768
2 0.2909764705882353 0.36554881746513035 0.04212156862745098 0.012971497877501516
0 0.4851450980392156 0.4171740448756822 0.028784313725490198 0.01356579745300182
0 0.5039490196078431 0.3709096422073984 0.028184313725490198 0.014038811400848998
0 0.3234039215686274 0.5836810187992723 0.02119607843137255 0.03318374772589448
2 0.44711764705882356 0.19054578532443905 0.03585882352941176 0.04157064887810794
2 0.28987450980392154 0.48504548211036996 0.054141176470588234 0.013905397210430563
2 0.2743450980392157 0.5526743480897514 0.07910196078431372 0.013905397210430563
0 0.09034117647058823 0.5806185567010309 0.021819607843137256 0.01908429351121892
0 0.12435686274509805 0.5806185567010309 0.026505882352941178 0.014475439660400243
0 0.16067843137254903 0.5809642207398423 0.025384313725490198 0.01747119466343238
