2 0.22609431680773884 0.4966191562143672 0.07276098347440549 0.014070695553021664
2 0.4601692865779928 0.4958266818700114 0.033413945989520355 0.015701254275940706
2 0.4479040709391374 0.13030216647662488 0.06496573962112052 0.014258836944127709
2 0.23140669085046353 0.13013112884834663 0.08378476420798066 0.01403648802736602
2 0.41963321241434903 0.4957981755986317 0.04722692462716647 0.015524515393386545
2 0.40852478839177747 0.15687001140250853 0.12534058847239019 0.014429874572405929
11 0.4344135429262394 0.21567274800456102 0.026364369205965334 0.04404218928164196
2 0.3441515517936316 0.12911060433295327 0.14839580814187828 0.01564994298745724
8 0.20242241031841998 0.6805872291904219 0.05288593309149537 0.022052451539338654
8 0.5792704554615075 0.17275940706955528 0.04920999596936719 0.016653363740022804
2 0.3359532446594115 0.10191562143671608 0.29668681983071343 0.019241733181299885
2 0.32942361950826277 0.4970410490307867 0.13464328899637243 0.01795895096921323
11 0.40037484885126967 0.2219042189281642 0.0237646110439339 0.04637970353477765
2 0.2723014913341395 0.18562713797035346 0.0279242241031842 0.014817559863169896
0 0.38091495364772265 0.3550057012542759 0.015223700120918986 0.03927023945267959
0 0.31855703345425235 0.350484606613455 0.014469971785570334 0.03831242873432155
11 0.3064893188230552 0.2217388825541619 0.023450221684804515 0.05551311288483467
0 0.11683998387746876 0.42884834663626 0.011753325272067714 0.04275370581527936
0 0.13324062877871826 0.42607183580387686 0.015292220878677952 0.08403648802736602
0 0.15351068117694477 0.4268015963511973 0.015933091495364773 0.0813854047890536
10 0.3435671100362757 0.072884834663626 0.04029020556227327 0.01953249714937286
2 0.511446997178557 0.429321550741163 0.01631197097944377 0.32023945267958953
0 0.530286174929464 0.4279589509692132 0.013704151551793631 0.08429304446978335
0 0.5507295445384925 0.427217787913341 0.012805320435308343 0.042708095781071834
6 0.8168037081821846 0.15719498289623718 0.02964933494558646 0.020530216647662483
