7 0.8278392156862744 0.13830200121285627 0.11590196078431372 0.025942995755003032
1 0.7206392156862745 0.6538568829593694 0.06991764705882353 0.03452395391146149
15 0.7512392156862745 0.5876167374166161 0.030047058823529413 0.035415403274711946
15 0.830521568627451 0.2698605215281989 0.029298039215686272 0.033523347483323224
15 0.765678431372549 0.27147362037598544 0.02919607843137255 0.03606428138265615
15 0.8429058823529412 0.3257428744693754 0.02981176470588235 0.03582171012734991
15 0.8898745098039215 0.2772892662219527 0.022423529411764707 0.036555488174651304
4 0.8928117647058824 0.4808429351121892 0.12229411764705883 0.021958762886597937
2 0.7610235294117647 0.2138568829593693 0.07627058823529412 0.031224984839296546
2 0.8332039215686274 0.23623408126137052 0.07854901960784315 0.03522741055184961
11 0.8705647058823529 0.31687083080654943 0.02324313725490196 0.08602789569436023
0 0.7302509803921569 0.4580654942389327 0.021192156862745098 0.025512431776834446
0 0.885756862745098 0.45901152213462704 0.021792156862745098 0.026361431170406305
