0 0.647712 0.479163 0.055173 0.019988
5 0.647678 0.498102 0.053427 0.022923
0 0.753824 0.353866 0.033271 0.020540
0 0.723280 0.626968 0.040812 0.016471
2 0.554798 0.254609 0.087753 0.020679
1 0.215251 0.331398 0.032918 0.016525
1 0.285137 0.497996 0.033435 0.015725
1 0.478678 0.619921 0.037341 0.014215
0 0.455741 0.524673 0.055294 0.030352
0 0.411471 0.441983 0.057090 0.030164
0 0.317845 0.386489 0.041776 0.015670
0 0.278851 0.315503 0.039255 0.013881
0 0.086061 0.362223 0.032553 0.018854
0 0.063467 0.423699 0.033271 0.019988
0 0.317451 0.549351 0.040157 0.015452
0 0.261647 0.645640 0.033953 0.019721
5 0.454631 0.550409 0.053459 0.022359
12 0.721335 0.645664 0.101008 0.024366
12 0.333831 0.582420 0.100533 0.025167
12 0.309457 0.333023 0.102373 0.023717
1 0.948161 0.491704 0.033435 0.016786
1 0.896325 0.345901 0.033749 0.014433
1 0.478747 0.416546 0.036710 0.015458
12 0.348767 0.405273 0.101337 0.024785
2 0.712794 0.492938 0.020059 0.189624
13 0.318063 0.563820 0.067796 0.015731
2 0.612300 0.366176 0.031596 0.016841
2 0.496220 0.322180 0.034008 0.012802
2 0.493027 0.300585 0.040392 0.014342
2 0.057033 0.570027 0.019604 0.158114
7 0.410002 0.469585 0.056702 0.024518
10 0.623076 0.260106 0.053282 0.024433
1 0.670257 0.563769 0.037745 0.015458
