16 0.847581 0.650314 0.157258 0.049629
1 0.702419 0.526526 0.020968 0.040502
15 0.75 0.510553 0.037903 0.027382
15 0.757258 0.470051 0.039516 0.031375
15 0.86371 0.492299 0.054839 0.027952
15 0.643548 0.462635 0.06129 0.027952
2 0.568548 0.463776 0.054032 0.014261
2 0.583065 0.436395 0.06371 0.014261
1 0.454839 0.45522 0.020968 0.038791
2 0.385484 0.48089 0.024194 0.058756
2 0.328226 0.464347 0.06129 0.017114
0 0.277419 0.377638 0.042742 0.027382
2 0.23871 0.219053 0.021774 0.07587
0 0.520161 0.127781 0.034677 0.032516
0 0.877419 0.200799 0.044355 0.017684
11 0.529032 0.337136 0.1 0.032516
0 0.549194 0.203651 0.041935 0.030804