15 0.140147 0.228157 0.015292 0.022581
11 0.320594 0.732432 0.024664 0.075985
11 0.243619 0.639839 0.024781 0.080174
11 0.257202 0.343161 0.026402 0.063111
15 0.255045 0.333445 0.018427 0.023690
11 0.231944 0.297338 0.050441 0.038109
11 0.594672 0.346836 0.225244 0.319906
11 0.783673 0.235259 0.159033 0.098554
11 0.892680 0.500104 0.074857 0.447867
1 0.182782 0.796879 0.041061 0.019279
1 0.315716 0.797074 0.043131 0.021283
15 0.238302 0.661382 0.014744 0.025096
7 0.360937 0.171246 0.074368 0.027762
5 0.367303 0.322176 0.071331 0.029581
0 0.393859 0.503268 0.025785 0.068760
0 0.423408 0.502733 0.014493 0.074089
0 0.446746 0.503667 0.014116 0.041306
0 0.767911 0.464126 0.043917 0.038124
12 0.527242 0.758847 0.087517 0.029048
0 0.253264 0.833224 0.051269 0.038378
0 0.239714 0.791263 0.042348 0.018506
3 0.323980 0.669718 0.013071 0.016196
0 0.302725 0.583554 0.048490 0.020174
0 0.305492 0.421702 0.049249 0.018877
0 0.255383 0.421257 0.058816 0.019766
0 0.258597 0.451574 0.063365 0.023541
15 0.170156 0.237077 0.015294 0.023137
15 0.219875 0.208982 0.016339 0.026096
2 0.246780 0.199954 0.039319 0.020667
2 0.272757 0.200108 0.017209 0.020975
2 0.316291 0.198952 0.053979 0.019433
2 0.269607 0.160382 0.085260 0.047973
15 0.243827 0.784512 0.010816 0.016387
15 0.243395 0.815442 0.011659 0.017585
15 0.366925 0.634277 0.015139 0.020821
15 0.281314 0.572937 0.015431 0.027117
0 0.090637 0.504120 0.025596 0.078888
0 0.126227 0.502974 0.024843 0.061295
0 0.161988 0.502575 0.014680 0.066359
0 0.191254 0.504175 0.014493 0.039709
