8 0.864516 0.395322 0.052419 0.017684
15 0.652016 0.16486 0.022177 0.034227
11 0.75121 0.171135 0.019355 0.037079
2 0.785081 0.158585 0.041129 0.017684
15 0.803226 0.133485 0.025403 0.029663
10 0.850403 0.106104 0.052823 0.020536
2 0.629435 0.10097 0.321774 0.020536
2 0.482661 0.150029 0.032258 0.018254
2 0.269758 0.382202 0.06129 0.020536
6 0.059677 0.35482 0.011694 0.016543
6 0.070565 0.386766 0.011694 0.016543
0 0.177016 0.41757 0.016935 0.023388
0 0.155645 0.409584 0.014516 0.022818
11 0.168145 0.288078 0.022581 0.041643
3 0.107258 0.120936 0.019758 0.027952
3 0.114919 0.107245 0.024597 0.031375
10 0.337903 0.186537 0.016532 0.061609
2 0.2625 0.18939 0.039113 0.019966
15 0.312903 0.261266 0.021774 0.035368
15 0.287903 0.276098 0.020161 0.033657
0 0.425 0.269823 0.01129 0.038791
0 0.441129 0.271535 0.010081 0.043354
1 0.5 0.24073 0.027419 0.014832
15 0.545565 0.321734 0.021774 0.035368
0 0.822581 0.270964 0.010081 0.06389
1 0.769355 0.216771 0.022984 0.01312
0 0.635081 0.267541 0.009677 0.031945
2 0.734677 0.377638 0.023387 0.016543
2 0.769355 0.378209 0.045565 0.014261
2 0.734274 0.413006 0.108065 0.014261
2 0.629839 0.412436 0.099597 0.015973