0 0.7798137254901961 0.5099939375568354 0.023315686274509802 0.011588360109123976
11 0.7681960784313726 0.42105789633222185 0.01581764705882353 0.04149136101849045
2 0.7309117647058824 0.3948711730827524 0.04150588235294118 0.01062140042437102
0 0.5660313725490197 0.5477811458017582 0.028898039215686275 0.012249166414064866
0 0.8136058823529413 0.5492937253713246 0.026631372549019608 0.010618369202788724
0 0.5843470588235294 0.5051955137920582 0.03905098039215686 0.012343134283116095
0 0.585143137254902 0.218696574719612 0.03421372549019608 0.011291300394058805
0 0.606778431372549 0.5484146711124583 0.02378627450980392 0.010973022127917552
0 0.8434509803921569 0.5107214307365868 0.024045098039215687 0.010578963322218854
1 0.4716254901960784 0.10839648378296454 0.021801960784313724 0.011233707183995151
2 0.6804941176470588 0.2694543801151864 0.035113725490196084 0.012461351924825705
0 0.8709254901960785 0.5547287056683844 0.028919607843137258 0.03167020309184602
2 0.6957745098039215 0.23672324946953624 0.060588235294117644 0.013598060018187329
2 0.6860058823529412 0.24952409821157925 0.0408156862745098 0.014052743255531979
2 0.5218196078431373 0.11577144589269475 0.04619607843137255 0.014383146408002426
2 0.48622941176470585 0.12702940284934827 0.04055490196078432 0.01275234919672628
2 0.49825882352941175 0.20318884510457716 0.07166666666666667 0.017208244922703852
2 0.6691882352941176 0.44183692027887234 0.0573078431372549 0.012515913913307062
2 0.6751509803921568 0.48040315247044557 0.06662549019607844 0.01719612003637466
3 0.7487450980392156 0.36376477720521366 0.03505098039215686 0.015034859048196424
