2 0.801686 0.208778 0.058816 0.030036
11 0.828324 0.635594 0.012294 0.089551
0 0.618439 0.407505 0.094329 0.036040
7 0.801996 0.104084 0.110157 0.025318
15 0.859688 0.636552 0.022694 0.037532
15 0.721165 0.616452 0.021341 0.036398
4 0.619688 0.438802 0.112153 0.025852
15 0.797104 0.152541 0.024333 0.035937
0 0.682335 0.482441 0.095643 0.034342
15 0.736524 0.199557 0.023612 0.038642
1 0.865488 0.708957 0.067753 0.037611
2 0.741312 0.157847 0.088255 0.033766
15 0.623245 0.218411 0.024820 0.037223
