11 0.35669327251995436 0.48176809210526317 0.021733181299885974 0.041398026315789475
2 0.34572405929304445 0.6951726973684211 0.1409122006841505 0.025238486842105265
1 0.4199543899657925 0.4489391447368421 0.01701254275940707 0.05189144736842105
7 0.33415051311288485 0.06055098684210526 0.05951539338654504 0.03035361842105263
0 0.45135689851767385 0.3978782894736842 0.014709236031927024 0.03445723684210526
2 0.2869840364880274 0.6473684210526316 0.05700684150513113 0.01667763157894737
2 0.41220638540478904 0.6691529605263158 0.045410490307867736 0.02053453947368421
15 0.24695553021664768 0.2118832236842105 0.021026225769669327 0.02640625
0 0.21458380843785632 0.40160361842105263 0.03047890535917902 0.08925986842105264
1 0.25824401368301025 0.6011184210526316 0.01958380843785633 0.02208059210526316
8 0.2593443557582668 0.13390625 0.056374002280501705 0.028643092105263158
2 0.3009064994298746 0.34508223684210526 0.04124857468643101 0.01770559210526316
0 0.1878392246294185 0.37925164473684214 0.02255416191562144 0.0774013157894737
2 0.30580387685290766 0.6234128289473685 0.04746294184720638 0.02080592105263158
3 0.36490877993158494 0.5524177631578947 0.02612314709236032 0.01977796052631579
16 0.8340649942987457 0.6531743421052632 0.22936145952109466 0.0548108552631579
2 0.33343785632839223 0.6666694078947368 0.11972063854047892 0.022935855263157896
2 0.00612884834663626 0.2985608552631579 0.012206385404789053 0.05099506578947368
2 0.2694355758266819 0.34477796052631576 0.02403078677309008 0.020452302631578947
2 0.35799315849486885 0.39395559210526315 0.08079247434435577 0.021792763157894735
2 0.3063568985176739 0.39241776315789473 0.022115165336374 0.020773026315789474
2 0.4128278221208666 0.39109375 0.02832383124287343 0.02015625
0 0.23669897377423035 0.44165296052631575 0.014492588369441279 0.03651315789473684
0 0.25294754846066136 0.4371546052631579 0.01937286202964652 0.07328125
15 0.235 0.5107976973684211 0.013928164196123147 0.025707236842105265
15 0.2510376282782212 0.4962417763157894 0.014133409350057012 0.02620888157894737
15 0.26844925883694415 0.4950164473684211 0.014982896237172178 0.023758223684210527
15 0.2640992018244014 0.5520970394736843 0.02185290763968073 0.028651315789473688
2 0.26664766248574684 0.6254605263157894 0.028363740022805017 0.01709703947368421
2 0.38157924743443555 0.6211842105263158 0.05149942987457241 0.02283717105263158
2 0.3695096921322691 0.6453865131578947 0.04222919042189281 0.020189144736842107
8 0.3651140250855188 0.42672697368421053 0.05297605473204105 0.026751644736842106
0 0.4359863169897378 0.42162828947368425 0.017383124287343215 0.06425986842105263
0 0.4669498289623717 0.3626315789473684 0.017109464082098062 0.04874177631578948
0 0.4813112884834664 0.33205592105263154 0.017240592930444696 0.04549342105263158
15 0.35967502850627137 0.20357730263157894 0.023432155074116306 0.03267269736842105
15 0.37687001140250853 0.16047697368421052 0.02048460661345496 0.03719572368421052
