16 0.8904615384615385 0.7156157354618016 0.09275303643724696 0.038899657924743446
15 0.45263157894736844 0.29027366020524514 0.03814574898785425 0.032457240592930446
15 0.4369554655870445 0.35496579247434434 0.04301214574898785 0.03335803876852907
15 0.6138542510121457 0.3007297605473204 0.04324696356275303 0.03285062713797035
0 0.7226963562753036 0.537502850627138 0.03008906882591093 0.0705473204104903
0 0.35735222672064776 0.5376567844925884 0.03219433198380567 0.07107183580387685
2 0.5351740890688259 0.2875484606613455 0.12021052631578948 0.01839224629418472
11 0.6419757085020243 0.3883751425313569 0.05948178137651822 0.0708266818700114
0 0.408251012145749 0.5354732041049031 0.042218623481781375 0.07831242873432157
2 0.6141457489878542 0.3440820980615735 0.049554655870445344 0.02194412770809578
2 0.5576599190283401 0.32395667046750287 0.12854251012145748 0.01758836944127708
