7 0.7802166476624858 0.1747118097541314 0.10159064994298746 0.02145908907698509
2 0.45414481185860894 0.2071503426037888 0.07506271379703534 0.021370415155179366
7 0.3319384264538199 0.1735671100362757 0.10118586088939566 0.020088673921805723
0 0.7935461801596352 0.45399838774687623 0.028774230330672747 0.07999596936719065
2 0.5138084378563285 0.20723498589278516 0.04093500570125427 0.018935912938331318
2 0.6537913340935005 0.20647722692462717 0.06807297605473205 0.017815397017331723
0 0.32089509692132273 0.4622531237404272 0.026339794754846067 0.048710197501007656
2 0.5667787913340935 0.17096735187424425 0.31499429874572404 0.025840386940749697
2 0.7110946408209806 0.20642079806529626 0.03688141391106043 0.01672712615880693
6 0.24182440136830105 0.24384522370012093 0.0796921322690992 0.015026199113260783
0 0.5899372862029647 0.420608625554212 0.023403648802736602 0.03717049576783555
0 0.8426681870011402 0.4620757758968158 0.027229190421892816 0.04165255945183394
0 0.5460661345496008 0.4117936316001612 0.02766248574686431 0.04979040709391375
0 0.5059920182440136 0.41997984683595324 0.023221208665906497 0.03152760983474406
11 0.6393557582668188 0.29222893994357113 0.03550171037628278 0.06921402660217654
