2 0.194823 0.378053 0.025919 0.047748
11 0.742665 0.514507 0.195879 0.064920
11 0.487641 0.724820 0.060315 0.094590
1 0.617012 0.259247 0.018105 0.039019
0 0.580315 0.881046 0.013306 0.016038
0 0.933504 0.846725 0.014137 0.027018
0 0.950101 0.841115 0.014395 0.029242
0 0.807577 0.624376 0.013960 0.015730
15 0.371258 0.921784 0.037694 0.026648
1 0.161863 0.217591 0.019161 0.041306
2 0.703835 0.291779 0.031282 0.104208
2 0.177806 0.439259 0.015177 0.020171
2 0.365565 0.261160 0.017274 0.039424
2 0.345746 0.296861 0.015444 0.066813
2 0.359149 0.345239 0.015185 0.037571
2 0.386653 0.344684 0.014113 0.024989
2 0.475762 0.381517 0.028589 0.039977
2 0.502000 0.378278 0.027645 0.034424
2 0.717786 0.354142 0.013089 0.053483
2 0.755351 0.358674 0.015444 0.045160
2 0.935782 0.318532 0.015081 0.091727
2 0.912532 0.321405 0.015839 0.086665
2 0.912738 0.263566 0.014137 0.025353
2 0.897819 0.288737 0.015185 0.075696
2 0.842226 0.260590 0.015710 0.041534
2 0.819960 0.231491 0.023823 0.049413
6 0.527198 0.892737 0.010524 0.021482
11 0.958649 0.336562 0.021992 0.030844
11 0.754585 0.863603 0.219863 0.067343
0 0.143722 0.326197 0.021734 0.033683
0 0.709730 0.075932 0.027927 0.045342
0 0.694218 0.107055 0.025629 0.035992
0 0.670294 0.131320 0.014185 0.027759
0 0.696895 0.170767 0.029323 0.051819
0 0.626625 0.210151 0.024089 0.043677
0 0.646113 0.237751 0.015710 0.028843
0 0.653931 0.388141 0.031153 0.039054
0 0.672613 0.416431 0.015710 0.022212
0 0.686000 0.445884 0.026177 0.033318
