0 0.232049 0.417277 0.029024 0.016192
0 0.342341 0.425012 0.058596 0.016659
0 0.147967 0.403445 0.058600 0.017768
0 0.190033 0.459015 0.058882 0.017326
0 0.387837 0.475049 0.058427 0.016258
0 0.443671 0.417350 0.050878 0.030382
0 0.521896 0.339927 0.041792 0.020873
0 0.795892 0.374485 0.048686 0.013323
15 0.183437 0.830036 0.020890 0.035500
13 0.794843 0.392119 0.053859 0.015992
5 0.340906 0.444278 0.060596 0.026543
5 0.387857 0.494842 0.058286 0.025355
11 0.240122 0.749260 0.016376 0.062899
14 0.233937 0.834748 0.047969 0.025543
11 0.156210 0.792708 0.027573 0.078842
11 0.088167 0.759203 0.021714 0.075421
10 0.184678 0.310561 0.059145 0.026543
12 0.810431 0.412486 0.085412 0.023663
0 0.106804 0.475828 0.028580 0.016434
5 0.147737 0.423166 0.059027 0.025761
2 0.234296 0.662250 0.063337 0.013099
2 0.236522 0.681016 0.053427 0.012438
2 0.183976 0.877750 0.129961 0.014518
2 0.101404 0.861689 0.082580 0.014439
2 0.100759 0.828930 0.083016 0.015543
2 0.101635 0.706198 0.038180 0.012953
2 0.119988 0.673360 0.094925 0.013111
2 0.121186 0.646974 0.093478 0.014712
2 0.207096 0.632465 0.050553 0.014657
