15 0.429584 0.851887 0.059452 0.031855
3 0.350485 0.352101 0.056132 0.023218
2 0.240234 0.253234 0.124062 0.035306
2 0.153922 0.426597 0.020131 0.104258
15 0.341780 0.851742 0.051797 0.030855
15 0.891540 0.334173 0.020924 0.071685
15 0.517142 0.464101 0.051272 0.028782
15 0.514541 0.350766 0.052630 0.027097
15 0.351144 0.244758 0.051278 0.028226
15 0.212270 0.390194 0.050337 0.027984
0 0.390573 0.576569 0.017370 0.088266
0 0.432647 0.429024 0.011877 0.037839
2 0.716609 0.325673 0.037302 0.016331
2 0.716666 0.306935 0.207924 0.018629
2 0.582008 0.307508 0.067039 0.018032
2 0.716064 0.271617 0.335311 0.017911
11 0.285630 0.856069 0.016965 0.014444
1 0.927898 0.400290 0.046212 0.012403
2 0.631748 0.539528 0.164238 0.019831
6 0.644469 0.333690 0.026532 0.011895
15 0.540990 0.273089 0.020816 0.074516
0 0.464709 0.386839 0.018408 0.153194
