5 0.801780 0.515752 0.048973 0.021437
13 0.091057 0.590109 0.086043 0.016192
0 0.090894 0.572962 0.062055 0.015992
5 0.510606 0.487799 0.049690 0.022874
1 0.356231 0.377787 0.031435 0.016313
1 0.348267 0.430397 0.030816 0.014706
15 0.765767 0.550194 0.018749 0.029763
15 0.875459 0.557547 0.019027 0.028872
2 0.533745 0.369312 0.035475 0.013990
2 0.744075 0.405740 0.052063 0.014803
1 0.510639 0.591322 0.033514 0.014809
1 0.606933 0.330224 0.035043 0.013548
12 0.101286 0.607374 0.091576 0.022195
7 0.896322 0.434876 0.052737 0.023347
7 0.925641 0.549106 0.052420 0.021656
2 0.649149 0.280394 0.185545 0.012905
2 0.646947 0.306243 0.180216 0.014136
2 0.925327 0.550030 0.018443 0.146816
2 0.662125 0.464876 0.211898 0.013499
2 0.723292 0.445785 0.090012 0.012723
2 0.736594 0.427025 0.079588 0.012959
0 0.110502 0.391231 0.031192 0.019721
0 0.802906 0.497690 0.048831 0.015731
0 0.857398 0.461082 0.029918 0.016477
0 0.896671 0.415658 0.050988 0.017101
0 0.511400 0.463723 0.049843 0.027823
0 0.439145 0.509321 0.058941 0.027180
5 0.439214 0.532708 0.049431 0.021837
