1 0.813053 0.774110 0.030553 0.012210
3 0.673401 0.164930 0.014896 0.011031
3 0.555959 0.420529 0.014965 0.010667
15 0.817425 0.737372 0.008661 0.014101
15 0.714894 0.773757 0.008800 0.014244
15 0.665420 0.766907 0.011431 0.018833
2 0.739327 0.635299 0.062184 0.024789
15 0.586259 0.388637 0.008573 0.014759
2 0.717931 0.372931 0.027949 0.025735
2 0.715270 0.332787 0.045688 0.028727
2 0.631281 0.294495 0.242892 0.016647
2 0.601983 0.332705 0.185257 0.028151
2 0.595716 0.361649 0.035125 0.023019
2 0.632050 0.361158 0.042124 0.012198
2 0.546882 0.406058 0.075212 0.017542
2 0.647728 0.415715 0.037543 0.012001
0 0.635499 0.562661 0.025708 0.014950
2 0.742702 0.570444 0.102322 0.013928
2 0.754996 0.531608 0.061545 0.014165
2 0.570896 0.850537 0.122184 0.027742
2 0.507936 0.536387 0.047818 0.025456
2 0.268495 0.208480 0.021218 0.197293
5 0.324516 0.833650 0.044176 0.019988
5 0.461657 0.613745 0.043529 0.019100
5 0.921223 0.627677 0.043818 0.019803
5 0.654463 0.657993 0.043937 0.018139
2 0.376616 0.110408 0.036780 0.012395
2 0.379733 0.080741 0.043651 0.027151
2 0.599291 0.049674 0.051120 0.012298
11 0.580055 0.084077 0.013275 0.050373
2 0.628575 0.211987 0.040622 0.025496
1 0.678464 0.824036 0.030261 0.012595
3 0.654975 0.388525 0.015465 0.012492
5 0.571531 0.817363 0.043400 0.018660
15 0.714284 0.451349 0.008451 0.014459
3 0.770723 0.793618 0.015084 0.011843
3 0.468877 0.809600 0.016206 0.012525
15 0.825652 0.730115 0.008488 0.014101
15 0.584844 0.154424 0.009006 0.014565
11 0.422035 0.169494 0.011063 0.030203
0 0.327952 0.116940 0.025939 0.022519
0 0.544312 0.092017 0.025855 0.022234
0 0.535158 0.118878 0.025806 0.022492
0 0.922234 0.606905 0.026104 0.023262
0 0.882784 0.607148 0.025357 0.010925
0 0.848684 0.606898 0.025910 0.021955
0 0.817389 0.607114 0.026218 0.022764
0 0.655374 0.636844 0.025633 0.022601
0 0.606549 0.629230 0.025855 0.021849
0 0.562632 0.630590 0.025288 0.022064
0 0.462746 0.592580 0.025641 0.022813
0 0.566464 0.796187 0.025739 0.022825
0 0.319296 0.812533 0.025859 0.023319
15 0.558053 0.440212 0.008729 0.014459
1 0.670809 0.447687 0.029829 0.011876
1 0.582434 0.523730 0.034767 0.012437
