0 0.360448 0.164673 0.061341 0.033573
2 0.562596 0.353278 0.036589 0.342992
3 0.035305 0.197742 0.021825 0.028097
15 0.437379 0.588649 0.028277 0.103944
2 0.257941 0.316839 0.135733 0.025903
2 0.250106 0.398778 0.120462 0.023185
2 0.374909 0.376306 0.017439 0.050419
2 0.400582 0.406153 0.020719 0.113290
2 0.524173 0.066492 0.151803 0.036839
1 0.400727 0.217738 0.045060 0.022637
15 0.647844 0.500851 0.074649 0.041831
15 0.519318 0.631839 0.027365 0.107306
5 0.568722 0.099778 0.092561 0.027444
5 0.386999 0.092028 0.091843 0.027798
16 0.137576 0.799298 0.204837 0.063000
11 0.151817 0.065504 0.080987 0.043831
11 0.230727 0.065532 0.080987 0.045419
11 0.218465 0.254508 0.057912 0.048613
11 0.154261 0.612605 0.077638 0.040677
3 0.094672 0.123339 0.013383 0.031710
0 0.159555 0.664089 0.175927 0.031081
0 0.372829 0.547089 0.065568 0.023194
0 0.392233 0.491714 0.068665 0.025589
3 0.070402 0.102000 0.025801 0.075774
1 0.194849 0.743694 0.042419 0.022387
1 0.546495 0.211847 0.042607 0.023452
0 0.163605 0.263431 0.035744 0.063960
0 0.147316 0.308206 0.045699 0.041573
2 0.592213 0.352339 0.019909 0.462048
