0 0.752331 0.282389 0.032803 0.032623
0 0.280146 0.754088 0.073826 0.023797
0 0.620106 0.478828 0.078587 0.030906
0 0.524301 0.443626 0.068830 0.018506
0 0.522612 0.410664 0.056174 0.015730
2 0.804427 0.335536 0.026206 0.086682
2 0.252157 0.264587 0.029448 0.039641
2 0.160146 0.317295 0.027685 0.072366
2 0.216604 0.314829 0.021251 0.107788
2 0.490983 0.312471 0.031324 0.062184
2 0.560443 0.284487 0.031641 0.060410
2 0.292364 0.630596 0.022405 0.097543
0 0.544228 0.369712 0.099033 0.026197
15 0.643164 0.363575 0.038920 0.026431
15 0.325747 0.459920 0.033623 0.024983
16 0.792677 0.748472 0.093038 0.034914
3 0.466068 0.257939 0.057969 0.017269
3 0.302575 0.305376 0.050366 0.016842
