10 0.5652470588235294 0.36154032747119463 0.11458823529411764 0.02378411158277744
15 0.3954078431372549 0.42291085506367493 0.031 0.040048514251061255
15 0.6142627450980391 0.5396482716798059 0.027898039215686274 0.033135233474833235
0 0.7668666666666667 0.48753790175864165 0.06554901960784314 0.03503335354760461
15 0.7657803921568628 0.42453608247422675 0.02795294117647059 0.031194663432383262
12 0.15491764705882355 0.7093571861734385 0.12123921568627452 0.020351728320194058
15 0.3575450980392157 0.5393875075803518 0.027050980392156865 0.033735597331716195
4 0.842486274509804 0.37582777440873255 0.1308156862745098 0.022219526986052153
15 0.6068235294117648 0.3991388720436628 0.031568627450980394 0.0452274105518496
4 0.7679450980392157 0.5178047301394785 0.11923137254901961 0.02004244996967859
0 0.24503529411764707 0.49242571255306244 0.07591764705882353 0.03606428138265615
15 0.2375176470588235 0.4250879320800485 0.027435294117647058 0.030812613705275927
2 0.41159999999999997 0.5731170406306852 0.11057254901960784 0.0369981807155852
2 0.6475058823529413 0.3362522741055185 0.09642745098039215 0.03569436021831413
2 0.6075607843137255 0.5673923590054578 0.08323529411764706 0.035106124924196486
0 0.8280745098039216 0.3107459066100667 0.04631372549019608 0.04068526379624015
4 0.3183843137254902 0.6681261370527593 0.11778431372549021 0.022753183747725895
4 0.6787882352941177 0.6246391752577319 0.11621176470588235 0.023117040630685263
10 0.43560784313725487 0.3874166161309885 0.10188235294117648 0.02642207398423287
2 0.34997647058823533 0.34958156458459677 0.10440392156862746 0.032704669496664646
3 0.5643490196078431 0.4307095209217708 0.03864705882352941 0.05095209217707702
0 0.1114313725490196 0.6450090964220739 0.04476078431372549 0.03711946634323832
0 0.14254117647058825 0.498429351121892 0.04976470588235294 0.037077016373559736
4 0.2383921568627451 0.5216979987871437 0.11131764705882354 0.02355366889023651
11 0.08599607843137255 0.42569436021831414 0.06078039215686275 0.05426318981200728
0 0.31747450980392156 0.618308065494239 0.0974392156862745 0.039981807155852034
0 0.5016352941176471 0.6016434202546999 0.05254509803921569 0.04124924196482717
0 0.6715529411764706 0.5950030321406913 0.09721176470588234 0.03771983020012129
0 0.8601058823529412 0.4975682231655549 0.04778431372549019 0.04118253486961795
11 0.9173450980392157 0.593456640388114 0.06643529411764705 0.06249241964827168
7 0.4313843137254902 0.21376591873862946 0.11941960784313725 0.026300788356579743
7 0.6883529411764706 0.21593693147362036 0.11943529411764706 0.019909035779260155
