0 0.445369 0.266112 0.020972 0.022919
6 0.089088 0.267135 0.024249 0.050895
2 0.326944 0.406331 0.134707 0.015285
2 0.170181 0.165365 0.052137 0.014572
2 0.338418 0.110678 0.114763 0.014755
2 0.276185 0.091001 0.238715 0.014453
2 0.268602 0.068900 0.251486 0.017286
2 0.563631 0.301465 0.022956 0.070365
2 0.891060 0.265810 0.023952 0.073432
0 0.610631 0.182671 0.037550 0.039173
11 0.153647 0.197742 0.064530 0.029453
15 0.777823 0.684316 0.047582 0.032623
15 0.411309 0.187520 0.037237 0.026431
0 0.334695 0.247397 0.060988 0.015992
7 0.100217 0.384284 0.033414 0.075958
2 0.317012 0.432004 0.155631 0.015445
3 0.224538 0.153569 0.031165 0.021585
6 0.734743 0.349199 0.023173 0.016323
