0 0.053892 0.501613 0.014542 0.045968
0 0.377531 0.646371 0.026518 0.018145
0 0.420017 0.760887 0.029085 0.018145
12 0.416025 0.777016 0.050185 0.018952
7 0.206159 0.7375 0.051326 0.019355
15 0.218705 0.701613 0.033077 0.026613
3 0.214428 0.683871 0.027089 0.019355
15 0.259481 0.635081 0.033647 0.029839
3 0.211292 0.624597 0.023952 0.019355
2 0.150841 0.549194 0.080696 0.020161
15 0.134873 0.248387 0.01882 0.02621
1 0.113772 0.375 0.038209 0.018952
2 0.189906 0.216935 0.073567 0.018952
2 0.202167 0.245565 0.045053 0.018548
2 0.210721 0.284274 0.032506 0.018952
15 0.202167 0.332661 0.034788 0.027823
15 0.260051 0.407258 0.034788 0.028629
0 0.275164 0.535081 0.013687 0.057258
5 0.288851 0.506855 0.014542 0.066129
0 0.421158 0.308468 0.033362 0.019758
1 0.55489 0.29879 0.046193 0.018952
11 0.834046 0.5 0.09866 0.543952
11 0.800114 0.391532 0.075848 0.234274