11 0.790676 0.331425 0.026725 0.077739
11 0.558476 0.099623 0.065110 0.121519
2 0.720878 0.177375 0.057545 0.012749
0 0.296284 0.227651 0.027353 0.015168
0 0.217378 0.274397 0.026937 0.015038
0 0.602491 0.439782 0.021367 0.012210
0 0.626602 0.478533 0.025855 0.021849
0 0.789154 0.498468 0.025606 0.011697
0 0.813506 0.457840 0.025690 0.020949
0 0.844508 0.497375 0.025608 0.020691
0 0.886464 0.498306 0.022747 0.011567
0 0.865273 0.458637 0.021349 0.012340
0 0.138743 0.323409 0.023506 0.011861
0 0.130685 0.401732 0.023567 0.012067
0 0.133554 0.413921 0.024018 0.010806
0 0.169630 0.811190 0.021476 0.011479
2 0.175243 0.863403 0.020490 0.015741
2 0.577177 0.490523 0.016312 0.443283
2 0.663107 0.592226 0.063775 0.021416
2 0.759217 0.566190 0.031888 0.024365
2 0.756401 0.412146 0.052076 0.021485
2 0.764801 0.439177 0.033445 0.011334
2 0.696627 0.436297 0.058949 0.013692
2 0.761593 0.323187 0.045688 0.012789
2 0.755240 0.211770 0.050214 0.011901
2 0.691264 0.215820 0.061759 0.016999
2 0.564510 0.131757 0.028890 0.012395
2 0.579401 0.176319 0.056633 0.014953
2 0.608497 0.092728 0.046771 0.013446
3 0.646597 0.126993 0.019853 0.012592
11 0.444785 0.314629 0.169802 0.203371
11 0.638914 0.651303 0.011973 0.034701
11 0.277420 0.653418 0.170733 0.208236
12 0.196440 0.825590 0.078786 0.020788
12 0.133074 0.429145 0.067880 0.018509
12 0.143834 0.338198 0.067841 0.019124
1 0.402209 0.243118 0.032037 0.016657
1 0.557729 0.108055 0.034361 0.013510
