0 0.895968 0.313177 0.018548 0.027382
10 0.741129 0.462635 0.083065 0.023959
2 0.650806 0.420993 0.11129 0.015402
2 0.828226 0.419852 0.116935 0.015402
7 0.885484 0.450656 0.129839 0.026811
2 0.445968 0.2915 0.022581 0.066743
3 0.754032 0.353109 0.045968 0.022818
15 0.772581 0.32972 0.046774 0.031945
15 0.708065 0.333714 0.042742 0.024529
15 0.664516 0.339418 0.037903 0.031945
0 0.574194 0.314318 0.019355 0.027952
0 0.53871 0.312037 0.019355 0.02567
0 0.504839 0.313177 0.018548 0.027382
11 0.574194 0.213919 0.041935 0.036509
2 0.634677 0.166572 0.080645 0.014832
2 0.740323 0.140901 0.21129 0.017114
2 0.866129 0.166001 0.044355 0.015973
11 0.906452 0.212778 0.033871 0.034797
15 0.817742 0.259555 0.03871 0.030804
3 0.733871 0.236167 0.037097 0.019966