8 0.6056117647058823 0.456931473620376 0.11881960784313726 0.031036992116434202
15 0.8828784313725491 0.4687386294724075 0.03143921568627451 0.04043056397816859
7 0.8734431372549021 0.3124196482716798 0.1278235294117647 0.028617343844754395
7 0.6430941176470588 0.3073862947240752 0.12637647058823528 0.029599757428744697
1 0.887443137254902 0.6600848999393572 0.0764 0.04516070345664039
0 0.9362274509803922 0.5151182534869617 0.03030980392156863 0.029041843541540328
0 0.8916745098039216 0.5445603395997575 0.04018039215686274 0.026240145542753186
2 0.8058901960784314 0.3854154032747119 0.0875921568627451 0.022219526986052153
2 0.7589882352941176 0.42810187992722865 0.054349019607843135 0.020848999393571863
2 0.7564823529411765 0.3351303820497271 0.1134078431372549 0.019890842935112188
5 0.7115098039215686 0.4061673741661613 0.06096078431372549 0.04981200727713766
0 0.6279686274509804 0.5414857489387508 0.03866666666666666 0.029739235900545787
