7 0.2011686274509804 0.12867798665858096 0.13886666666666667 0.02689508793208005
5 0.26680000000000004 0.31351121892055794 0.13132549019607842 0.026925409338993327
15 0.09787843137254902 0.21793208004851425 0.03994901960784314 0.043808368708308065
10 0.1871372549019608 0.08822922983626441 0.13233725490196077 0.028429351121892057
15 0.22061568627450984 0.7252456033959976 0.037658823529411765 0.04411764705882353
15 0.1990549019607843 0.2799029714978775 0.033423529411764706 0.03996967859308672
15 0.21197254901960783 0.6046694966646452 0.034905882352941175 0.03878714372346877
15 0.09478431372549019 0.6220072771376592 0.03494117647058823 0.04419041843541541
3 0.2460313725490196 0.5395087932080048 0.08567843137254902 0.040497271073377805
15 0.3893529411764706 0.7144754396604003 0.02926274509803922 0.03331716191631291
0 0.058188235294117645 0.32858702243784116 0.026094117647058827 0.03245603395997575
3 0.2525764705882353 0.6669739235900545 0.11131372549019608 0.0634020618556701
15 0.09470980392156862 0.35046088538508186 0.025933333333333333 0.04219526986052153
0 0.08098039215686274 0.42177683444511826 0.022015686274509803 0.029308671922377197
0 0.19099607843137256 0.4111885991510006 0.024494117647058822 0.02577319587628866
1 0.22712156862745098 0.22604002425712555 0.08747058823529412 0.04815645845967253
