0 0.3771059013742927 0.2622862029646522 0.023500404203718673 0.041174458380843784
2 0.811802748585287 0.4599201824401369 0.05312045270816491 0.017525655644241734
15 0.4785286984640259 0.07815279361459522 0.03042037186742118 0.02827251995438997
15 0.46144704931285363 0.37929304446978335 0.026038803556992726 0.01967502850627138
16 0.3782942603071948 0.888757126567845 0.044890864995957964 0.07748004561003421
11 0.6937267582861762 0.5273888255416191 0.09482619240097008 0.033055872291904216
0 0.4208003233629749 0.26210946408209806 0.01481002425222312 0.04274800456100342
2 0.8151172190784155 0.04881984036488027 0.04902991107518189 0.0153363740022805
2 0.839248181083266 0.1606442417331813 0.06329830234438157 0.016830102622576965
2 0.772586903799515 0.28066134549600913 0.08106709781729993 0.017662485746864312
2 0.5307275666936135 0.04882554161915621 0.04793047696038803 0.016738882554161914
15 0.4127000808407437 0.09906499429874571 0.03063055780113177 0.024469783352337515
3 0.7523120452708165 0.43127708095781075 0.028172999191592565 0.018101482326111744
2 0.8094098625707357 0.48450969213226913 0.05330638641875505 0.014874572405929305
3 0.8522312045270817 0.4275598631698974 0.023063864187550527 0.022685290763968073
8 0.40860145513338725 0.47613454960091217 0.022740501212611154 0.05530216647662486
2 0.5537348423605497 0.45958380843785634 0.09282134195634599 0.020792474344355757
0 0.6612611156022635 0.25986887115165336 0.012489894907033144 0.02718928164196123
0 0.7057477768795473 0.6575712656784494 0.022263540824575587 0.021094640820980615
2 0.8331527890056588 0.1802223489167617 0.07115602263540824 0.017120866590649944
11 0.5956022635408246 0.5301653363740023 0.1006143896523848 0.029304446978335234
2 0.5254324979789814 0.4857810718358038 0.07758286176232822 0.01596921322690992
0 0.6295392077607114 0.25923603192702394 0.02701697655618432 0.054099201824401366
2 0.8352223120452709 0.225193842645382 0.06602263540824575 0.01668187001140251
2 0.825877122069523 0.2023489167616876 0.08217461600646726 0.017371721778791333
2 0.5546806790622474 0.7969897377423033 0.021487469684721098 0.15853477765108323
3 0.619498787388844 0.9089509692132269 0.04114793856103476 0.02878563283922463
0 0.9029991915925626 0.2614025085518814 0.017008892481810832 0.030165336374002278
2 0.847396928051738 0.06493728620296466 0.07708164915117219 0.01461231470923603
11 0.8741713823767178 0.09111744583808437 0.03996766370250606 0.041396807297605476
