15 0.497121568627451 0.360369921164342 0.02625882352941176 0.029429957550030323
7 0.615843137254902 0.5983990297149787 0.02129411764705882 0.06122498483929654
2 0.5769725490196078 0.5545603395997575 0.019098039215686275 0.07372953305033353
2 0.2632627450980392 0.48813220133414187 0.01659607843137255 0.1745360824742268
15 0.5570745098039216 0.5167798665858095 0.02592156862745098 0.032844147968465735
2 0.30181176470588233 0.4268223165554882 0.012235294117647058 0.05154639175257732
2 0.3297098039215686 0.5771679805942995 0.013850980392156863 0.06497877501516071
15 0.5551058823529411 0.6439114614918132 0.024258823529411763 0.029163129169193454
2 0.2641176470588235 0.22228016979987872 0.016180392156862743 0.1289630078835658
2 0.29703529411764706 0.5499514857489387 0.030674509803921567 0.07845360824742269
15 0.4265568627450981 0.45302001212856274 0.024658823529411764 0.02215888417222559
