11 0.20911960784313724 0.378696574719612 0.20650392156862746 0.064022431039709
0 0.37390980392156864 0.5146620187935738 0.07909411764705883 0.04485904819642316
2 0.6635549019607844 0.6292755380418309 0.024876470588235295 0.10282206729311912
2 0.5590392156862745 0.3862534101242801 0.1261392156862745 0.023122158229766595
2 0.7506784313725491 0.20938466201879358 0.05713725490196078 0.02102758411639891
2 0.8131803921568628 0.20861473173688996 0.06595294117647059 0.01975143983025159
2 0.649556862745098 0.4162534101242801 0.05688627450980392 0.02290694149742346
12 0.36226470588235293 0.6137102152167324 0.07873333333333334 0.013737496210973022
0 0.9158803921568627 0.4769233100939678 0.03469607843137255 0.024064868141861172
2 0.4162254901960784 0.15068808729918157 0.019090196078431373 0.1236344346771749
2 0.6238156862745098 0.12866929372537134 0.018276470588235293 0.10630797211276144
1 0.4181372549019608 0.23136404971203395 0.04300588235294118 0.021639890876023037
13 0.342356862745098 0.6749954531676265 0.0614235294117647 0.010982115792664443
0 0.6840470588235293 0.5509002728099425 0.03137843137254902 0.027083964837829645
10 0.6734568627450981 0.4499939375568354 0.060647058823529415 0.01420733555622916
2 0.5801098039215686 0.4136101849045165 0.08368823529411765 0.02127008184298272
7 0.4014803921568627 0.5492421946044256 0.06686862745098039 0.014592300697180965
12 0.6132666666666666 0.26030615337981206 0.07374117647058823 0.013979993937556834
2 0.5951058823529412 0.4521430736586844 0.05858627450980393 0.023813276750530465
11 0.2515980392156863 0.4158623825401637 0.08418039215686274 0.04613822370415278
12 0.28099019607843134 0.4692118823886026 0.06017254901960784 0.015732040012124887
0 0.3419372549019608 0.5958017581085178 0.040747058823529414 0.02073658684449833
15 0.4879137254901961 0.5665747196120037 0.019211764705882355 0.022061230675962412
11 0.20891568627450982 0.8465838132767506 0.22757843137254904 0.0885813882994847
0 0.09043333333333332 0.6822279478629888 0.036723529411764703 0.024152773567747806
11 0.07730980392156862 0.6128341921794483 0.0732843137254902 0.3795938163079721
10 0.46890784313725486 0.40372840254622616 0.05962941176470588 0.015641103364655958
5 0.5894039215686274 0.7647620491057896 0.031127450980392157 0.02758411639890876
2 0.7239235294117647 0.2586480751742952 0.036166666666666666 0.03794483176720218
11 0.8126529411764706 0.24603819339193694 0.024843137254901962 0.036408002424977264
2 0.6466647058823529 0.20746589875719915 0.06180196078431373 0.05225522885722946
11 0.5167980392156862 0.2813761745983631 0.09463333333333333 0.036162473476811154
