1 0.6813797035347777 0.16986550632911393 0.12333523375142533 0.02767405063291139
2 0.6559064994298746 0.22981803797468356 0.057309007981755984 0.024335443037974684
2 0.4973489167616876 0.6113607594936709 0.0374230330672748 0.027104430379746833
2 0.6167673888255416 0.6145332278481013 0.07136830102622577 0.02490506329113924
2 0.10665906499429875 0.4236946202531645 0.021636259977194986 0.07839398734177215
15 0.18307867730900798 0.7616455696202532 0.045598631698973775 0.04703322784810127
2 0.5697548460661346 0.6531882911392405 0.1733352337514253 0.02385284810126582
0 0.6944640820980615 0.43683544303797467 0.016841505131128847 0.03784018987341772
0 0.4274686431014823 0.4378560126582279 0.017525655644241734 0.03753164556962025
3 0.520096921322691 0.2166772151898734 0.04403078677309008 0.048204113924050634
7 0.697588369441277 0.26530854430379747 0.08984606613454961 0.024224683544303797
0 0.3903078677309008 0.43729430379746836 0.01611174458380844 0.03643987341772152
0 0.7543500570125429 0.4142325949367089 0.02202964652223489 0.08027689873417722
2 0.19044469783352339 0.2022863924050633 0.09201254275940707 0.024050632911392405
2 0.5745610034207526 0.5556012658227848 0.05169327251995439 0.026004746835443036
2 0.35884834663626 0.2791139240506329 0.029475484606613457 0.3123892405063291
13 0.44060433295324974 0.31388449367088606 0.09564994298745724 0.019454113924050633
3 0.5930957810718358 0.45744462025316457 0.019030786773090082 0.021938291139240507
