5 0.4345542753183748 0.11826666666666666 0.06313523347483323 0.020447058823529412
5 0.605767131594906 0.11863529411764705 0.0641904184354154 0.021325490196078434
2 0.3327228623408126 0.8149333333333333 0.07000606428138266 0.02045490196078431
11 0.6779138872043663 0.40744313725490194 0.04673741661613098 0.12374117647058824
2 0.2516312916919345 0.6134039215686274 0.02743480897513645 0.0347843137254902
0 0.5548089751364463 0.34186666666666665 0.014881746513038205 0.052384313725490204
2 0.2887932080048514 0.29796078431372547 0.041497877501516074 0.05260392156862745
16 0.9030745906610067 0.6985019607843137 0.05473620375985446 0.03243137254901961
2 0.5185930867192238 0.11676862745098039 0.050891449363250456 0.02690980392156863
2 0.5371558520315343 0.49174117647058824 0.04813220133414191 0.01803921568627451
0 0.6020497271073377 0.34222745098039214 0.01730139478471801 0.0583921568627451
0 0.8130927835051546 0.37924705882352944 0.02510612492419648 0.05921568627450981
0 0.4423590054578533 0.3424313725490196 0.013808368708308065 0.03181176470588235
2 0.3045360824742268 0.7884078431372549 0.046779866585809585 0.014643137254901963
0 0.5688235294117647 0.34251764705882354 0.012625833838690115 0.029505882352941173
0 0.7639539114614918 0.36181176470588233 0.05398423286840509 0.0487921568627451
0 0.2878593086719224 0.562878431372549 0.03589448150394178 0.03575686274509804
0 0.5839478471801092 0.3425254901960785 0.01367495451788963 0.030031372549019608
2 0.5034445118253487 0.5673019607843137 0.07158277744087325 0.016337254901960783
15 0.445184960582171 0.17882352941176471 0.022783505154639175 0.02
0 0.4273135233474833 0.3432 0.01380230442692541 0.02475294117647059
2 0.30353547604608855 0.7700549019607843 0.04433596118859915 0.020980392156862746
0 0.27322013341419044 0.6617490196078432 0.014457246816252274 0.03705098039215687
5 0.655645845967253 0.5134588235294117 0.07104912067919951 0.021905882352941178
1 0.5138932686476653 0.2859529411764706 0.03249241964827168 0.016901960784313726
2 0.5202607640994542 0.5343607843137255 0.03444511825348696 0.01604705882352941
1 0.3330139478471801 0.6566901960784314 0.042922983626440266 0.018533333333333332
5 0.388253486961795 0.5161490196078432 0.06457246816252274 0.022054901960784315
11 0.3707822922983626 0.7678117647058824 0.05129775621588842 0.04056470588235294
2 0.5033535476046088 0.16436862745098038 0.044687689508793205 0.01636078431372549
2 0.23602183141297756 0.5972156862745098 0.026179502728926624 0.027505882352941175
2 0.12175257731958763 0.5038117647058824 0.027101273499090358 0.025623529411764708
11 0.2615281989084293 0.1864313725490196 0.09531837477258945 0.04847058823529411
2 0.7757731958762887 0.6108235294117647 0.016506973923590053 0.07057254901960784
2 0.5095633717404487 0.1475450980392157 0.025833838690115223 0.01692549019607843
0 0.7435597331716193 0.6688156862745098 0.02439660400242571 0.017788235294117646
6 0.4856822316555488 0.2755294117647059 0.013923590054578532 0.045960784313725495
15 0.547319587628866 0.571364705882353 0.018520315342631898 0.034415686274509805
2 0.5406367495451789 0.5117098039215686 0.04404487568223165 0.017019607843137254
0 0.23244390539721044 0.4748078431372549 0.0392540933899333 0.05928627450980392
2 0.2846876895087932 0.36383529411764703 0.04463917525773196 0.05355294117647059
