2 0.7459707554833468 0.80712086659065 0.024581640942323315 0.06118586088939566
7 0.8202518277822909 0.7277651083238312 0.023338748984565394 0.057901938426453824
2 0.47774167343623075 0.7880159635119727 0.019626320064987816 0.0475484606613455
11 0.7215434606011373 0.37210946408209805 0.045897644191714056 0.014583808437856328
2 0.7849715678310316 0.2907012542759407 0.0189195775792039 0.047445838084378564
8 0.7776116978066613 0.25396237172177877 0.07172217709179529 0.014583808437856328
1 0.7712022745735175 0.6623774230330672 0.01861088545897644 0.053791334093500565
0 0.5979528838342811 0.24677309007981754 0.044086108854589766 0.01515963511972634
0 0.5958164094232332 0.5216134549600911 0.035255889520714866 0.011995438996579247
9 0.694817221770918 0.7374857468643101 0.05987814784727863 0.01668757126567845
2 0.5535093419983753 0.5913854047890535 0.015580828594638505 0.03719498289623717
1 0.5575467099918765 0.30636259977194985 0.01694557270511779 0.05921322690992018
1 0.6433631194151097 0.7015222348916762 0.0147766043866775 0.02609464082098062
0 0.598123476848091 0.26730330672748004 0.048229082047116165 0.01444127708095781
2 0.8302355808285946 0.4854732041049031 0.022209585702680747 0.3814253135689852
2 0.5532250203086921 0.6517274800456101 0.01719740048740861 0.057023945267958946
15 0.7230706742485784 0.45232041049030786 0.024906580016246953 0.01734891676168757
2 0.6119333874898456 0.7336716077537058 0.09742485783915517 0.013523375142531355
15 0.775264012997563 0.8009407069555302 0.02187652315190902 0.0212884834663626
2 0.6565962632006499 0.33413340935005703 0.027554833468724615 0.0850285062713797
2 0.6566693744922827 0.4841391106043329 0.03120227457351746 0.2162029646522235
10 0.8321202274573517 0.5280159635119727 0.02147847278635256 0.041755986316989735
0 0.5994963444354183 0.8110889395667047 0.02874898456539399 0.016750285062713796
2 0.6557351746547523 0.6337400228050171 0.029382615759545087 0.08254275940706955
