16 0.213333 0.581621 0.052549 0.093607
0 0.58902 0.597032 0.028235 0.026826
6 0.550588 0.447489 0.027451 0.014269
1 0.303529 0.284247 0.019608 0.030822
1 0.265098 0.255137 0.020392 0.030822
1 0.298039 0.201484 0.021961 0.0371
2 0.688627 0.259132 0.022745 0.019406
1 0.608627 0.210046 0.020392 0.030822
2 0.656471 0.248858 0.024314 0.045091
2 0.632157 0.238014 0.020392 0.049087
1 0.612549 0.288242 0.021176 0.031963
0 0.700392 0.325913 0.068235 0.016553
0 0.653333 0.304224 0.047843 0.01484
15 0.889412 0.281393 0.036078 0.023402
2 0.869804 0.258562 0.021961 0.057648
2 0.901961 0.245434 0.024314 0.04395
2 0.807843 0.230023 0.021961 0.041667
2 0.843137 0.251142 0.024314 0.050799
15 0.886275 0.212329 0.036863 0.022831
15 0.784314 0.223174 0.030588 0.025685
15 0.785098 0.125 0.036863 0.020548
15 0.767059 0.159247 0.037647 0.026256
15 0.712941 0.176941 0.031373 0.019977
0 0.641569 0.187215 0.055686 0.019406
0 0.631373 0.165525 0.075294 0.014269
0 0.641569 0.143265 0.04549 0.014269
0 0.659608 0.118721 0.072157 0.01484