3 0.336021 0.690097 0.024960 0.040777
2 0.443458 0.300615 0.084852 0.017652
2 0.452084 0.339846 0.071306 0.017862
2 0.413056 0.261182 0.063067 0.017587
2 0.372064 0.215186 0.108084 0.019960
2 0.485619 0.451247 0.020268 0.067433
2 0.390450 0.168632 0.144755 0.016356
0 0.556135 0.507377 0.019327 0.079417
0 0.580439 0.547615 0.012383 0.040510
0 0.522942 0.554279 0.020832 0.081822
0 0.497044 0.525364 0.017075 0.064494
0 0.410182 0.513960 0.030399 0.025587
0 0.299393 0.541138 0.014635 0.037045
0 0.278937 0.564194 0.022891 0.085814
1 0.408734 0.588526 0.046351 0.025312
1 0.498663 0.697093 0.051796 0.023984
0 0.251354 0.530482 0.015764 0.054097
0 0.227166 0.573097 0.015576 0.049304
15 0.227925 0.828215 0.037605 0.049887
2 0.340653 0.339320 0.102229 0.018866
2 0.359698 0.796291 0.074436 0.029538
2 0.428683 0.760854 0.078814 0.034113
11 0.380334 0.397057 0.023780 0.093644
