7 0.4435137254901961 0.13732565191024862 0.14344313725490196 0.03297149787750151
15 0.11873725490196077 0.6711400848999394 0.03157647058823529 0.03500909642207398
15 0.1887098039215686 0.5390357792601577 0.03233725490196078 0.032922983626440264
0 0.42560784313725486 0.5219163129169193 0.06510980392156863 0.047489387507580354
0 0.16239607843137255 0.37447543966040026 0.13179607843137253 0.04795633717404488
11 0.6551294117647058 0.34647058823529414 0.09236862745098039 0.21086719223771985
15 0.39872549019607845 0.5626682838083688 0.027580392156862744 0.030479078229229836
2 0.31570588235294117 0.2942449969678593 0.11657647058823528 0.04831412977562159
15 0.7611176470588235 0.28584596725288053 0.02652156862745098 0.03096422073984233
11 0.6049294117647058 0.42687689508793203 0.03900392156862745 0.08879320800485142
1 0.2776156862745098 0.4250454821103699 0.08538431372549019 0.046664645239539115
2 0.40437647058823534 0.6446513038204973 0.11799607843137254 0.04693753790175865
5 0.24203921568627454 0.47649484536082476 0.13028627450980393 0.03243177683444512
15 0.3732980392156863 0.6085081867798665 0.028419607843137254 0.02996967859308672
1 0.48238039215686274 0.33408732565191024 0.08458431372549019 0.04568223165554881
2 0.43011372549019605 0.2092662219526986 0.17593725490196077 0.050606428138265616
2 0.4002862745098039 0.7026561552456034 0.11729019607843136 0.03862340812613705
0 0.09037254901960784 0.5991934505761067 0.09773725490196078 0.05000606428138265
2 0.3121333333333334 0.23466949666464526 0.11635294117647059 0.03906610066707095
7 0.28637254901960785 0.13735597331716193 0.13437254901960782 0.034081261370527596
0 0.5091529411764706 0.47596725288053365 0.12396470588235295 0.04199514857489388
2 0.3162078431372549 0.7242692540933899 0.08922352941176472 0.051431170406306854
15 0.4824196078431373 0.6001334141904184 0.02722745098039216 0.028399029714978773
2 0.6170549019607843 0.7019830200121285 0.06392549019607843 0.09272286234081262
0 0.5900901960784314 0.5504426925409339 0.0889921568627451 0.04083080654942389
0 0.1222078431372549 0.4917222559126744 0.08594901960784314 0.04833232261976956
15 0.3226470588235294 0.47527592480291087 0.02083529411764706 0.03350515463917526
15 0.7634352941176471 0.23086112795633718 0.019705882352941177 0.03610673135233475
2 0.7987372549019608 0.20926015767131595 0.152321568627451 0.0442874469375379
2 0.7817960784313726 0.2639235900545785 0.1005921568627451 0.04154032747119466
0 0.9146156862745098 0.35328077622801696 0.07124705882352941 0.05752577319587629
3 0.9018823529411766 0.5399454214675561 0.04774117647058823 0.05176470588235294
