0 0.638294 0.358317 0.014605 0.032824
0 0.295298 0.427019 0.019935 0.017849
0 0.452274 0.458115 0.017532 0.040531
0 0.429379 0.458300 0.012565 0.026469
0 0.654165 0.459335 0.017008 0.035476
0 0.518206 0.350459 0.013863 0.038500
2 0.586137 0.344621 0.063887 0.015117
5 0.509669 0.406680 0.073258 0.011569
2 0.556359 0.513845 0.041427 0.009641
2 0.535948 0.471212 0.097460 0.015419
11 0.518073 0.522624 0.019806 0.039715
2 0.605871 0.361509 0.021806 0.010023
15 0.482004 0.517208 0.025218 0.012624
15 0.572246 0.433953 0.019540 0.018460
1 0.930621 0.528768 0.063597 0.010542
