0 0.601651 0.521901 0.031088 0.016437
0 0.575407 0.431058 0.010927 0.038113
0 0.555339 0.430125 0.013378 0.080490
0 0.537628 0.431725 0.010363 0.028250
0 0.175421 0.424892 0.009262 0.031539
0 0.154458 0.429113 0.013817 0.054190
0 0.137346 0.429892 0.008476 0.033090
0 0.309156 0.346095 0.009613 0.034116
6 0.275768 0.388566 0.011076 0.050530
6 0.827451 0.149113 0.024204 0.014031
6 0.648654 0.550952 0.013849 0.011722
2 0.421163 0.192631 0.022608 0.015103
2 0.374998 0.192309 0.066860 0.014436
2 0.229323 0.165687 0.037525 0.015547
2 0.329371 0.165043 0.165619 0.014578
2 0.451185 0.165245 0.081177 0.013991
2 0.351387 0.137705 0.281773 0.016688
2 0.216975 0.503150 0.013523 0.014339
6 0.593362 0.538141 0.012245 0.012258
0 0.516235 0.429778 0.015075 0.085952
0 0.117954 0.430111 0.009895 0.031762
2 0.228916 0.503304 0.014502 0.014031
2 0.308815 0.502979 0.022531 0.015296
2 0.382848 0.502591 0.132596 0.015285
2 0.468644 0.502657 0.045744 0.015086
2 0.377120 0.671240 0.070185 0.015992
2 0.267334 0.503087 0.066913 0.015148
11 0.389385 0.228512 0.012975 0.039179
8 0.223156 0.681100 0.049722 0.020205
10 0.351755 0.098957 0.040125 0.019430
11 0.243470 0.306385 0.034228 0.021323
11 0.267745 0.223586 0.009581 0.048860
8 0.625308 0.666773 0.048738 0.019590
