16 0.4247941888619855 0.9011288483466362 0.04464891041162228 0.13058152793614594
15 0.4203954802259887 0.4878335233751425 0.03300242130750605 0.02807297605473204
0 0.6264164648910412 0.33941847206385406 0.03539144471347861 0.01628278221208666
0 0.6382405165456013 0.06145952109464082 0.04878934624697337 0.017519954389965793
15 0.6655286521388216 0.3286431014823261 0.032276029055690075 0.03205245153933865
15 0.6188700564971751 0.28190992018244015 0.03777239709443099 0.029025085518814137
15 0.7612671509281679 0.4552223489167617 0.03395480225988701 0.031282782212086656
2 0.7452058111380144 0.7052907639680729 0.027465698143664247 0.1674800456100342
0 0.6260209846650524 0.5311231470923603 0.04818401937046005 0.017628278221208667
15 0.7182082324455206 0.08202964652223489 0.03516545601291364 0.02655644241733181
0 0.6043583535108958 0.46417901938426454 0.03720742534301857 0.01758836944127708
15 0.4094915254237288 0.3581071835803877 0.03604519774011299 0.031750285062713796
15 0.6754882970137207 0.1668187001140251 0.03477804681194512 0.032702394526795894
2 0.7915334947538337 0.23941847206385405 0.023066989507667474 0.05672177879133409
2 0.8657062146892655 0.2549201824401368 0.023066989507667474 0.08268529076396808
2 0.8267393058918482 0.2675598631698974 0.0237046004842615 0.09031927023945267
0 0.6313397901533495 0.14565564424173316 0.04995157384987894 0.01839224629418472
15 0.6547054075867634 0.4555188141391106 0.03221953188054883 0.032542759407069556
11 0.7367393058918483 0.35000570125427594 0.10977401129943502 0.03197263397947548
15 0.41728006456820016 0.31305587229190424 0.044907183212267957 0.027280501710376284
5 0.5307344632768362 0.12647662485746863 0.08098466505246167 0.018494868871151652
2 0.753139628732849 0.1937799315849487 0.02315577078288943 0.10964082098061574
2 0.35317191283292976 0.2946921322690992 0.020863599677159 0.1663854047890536
1 0.6198143664245359 0.38752565564424174 0.021799838579499596 0.04769669327251995
15 0.7091767554479419 0.6391847206385406 0.042356739305891844 0.02797605473204105
2 0.9082889426957222 0.32443557582668187 0.025012106537530266 0.222981755986317
2 0.9433171912832929 0.3262599771949829 0.024382566585956417 0.23078107183580387
2 0.390726392251816 0.33740592930444696 0.02479418886198547 0.07545610034207526
15 0.6655286521388216 0.5041961231470924 0.034188861985472156 0.030929304446978334
0 0.5044148506860372 0.4976795895096921 0.10175141242937853 0.02026225769669327
15 0.6544067796610169 0.2932326111744584 0.03343825665859564 0.023443557582668185
2 0.6060774818401936 0.5775142531356898 0.15264729620661824 0.02054161915621437
2 0.750774818401937 0.41180159635119723 0.027401129943502828 0.05476054732041049
15 0.7438014527845037 0.3281413911060433 0.039176755447941886 0.024332953249714937
0 0.5068926553672316 0.09107183580387686 0.10808716707021791 0.020381984036488027
0 0.5151493139628732 0.17010262257696693 0.07857949959644875 0.02451539338654504
15 0.4246892655367232 0.8088654503990877 0.04434221146085553 0.03802736602052452
