16 0.636735197368421 0.12422209369577791 0.04226973684210526 0.10408328513591672
2 0.6263404605263158 0.7805436668594563 0.031710526315789474 0.0874840948525159
2 0.2911266447368421 0.5270734528629265 0.11217105263157895 0.018004626951995374
0 0.8849917763157895 0.7493811451706189 0.04797697368421053 0.03899363794100636
11 0.3298108552631579 0.3606709080393291 0.03626644736842105 0.03135338345864662
0 0.382952302631579 0.6098727588201273 0.05087171052631579 0.0705320994794679
0 0.36455592105263157 0.9163215731636783 0.039843750000000004 0.051226142278773854
0 0.3350082236842105 0.8520821283979179 0.041085526315789475 0.06096009253903991
11 0.3272779605263158 0.2518392134181608 0.04379934210526316 0.02764603817235396
1 0.5681661184210526 0.6315153267784848 0.023511513157894737 0.048721804511278194
1 0.545921052631579 0.8976113360323886 0.021620065789473685 0.05460381723539618
2 0.26238486842105263 0.7963157894736842 0.033223684210526315 0.054285714285714284
0 0.26393092105263155 0.6020936957779063 0.037837171052631575 0.03284557547715442
2 0.6367763157894737 0.69572006940428 0.021274671052631578 0.037079236552920766
2 0.17702302631578948 0.4652573742047426 0.020863486842105265 0.05037015615962984
2 0.11783717105263157 0.8593637941006361 0.041973684210526316 0.04696934644303065
0 0.1485361842105263 0.763262001156738 0.018273026315789472 0.029965297860034705
1 0.42719572368421055 0.7059919028340081 0.025476973684210525 0.07070561017929439
2 0.4012253289473684 0.08043956043956045 0.11037828947368421 0.03065934065934066
2 0.4038898026315789 0.8364372469635628 0.03523026315789474 0.03371312897628687
2 0.4936595394736842 0.13165413533834586 0.03175986842105263 0.05669751301330249
11 0.3316118421052632 0.27631578947368424 0.06463815789473684 0.0170561017929439
3 0.2653453947368421 0.27743782533256217 0.03244243421052632 0.03728744939271255
0 0.34398848684210526 0.5840890688259109 0.030633223684210526 0.03882591093117409
2 0.5153536184210527 0.6782070561017929 0.03000822368421053 0.04954887218045113
0 0.3198190789473684 0.6595026026604974 0.02647203947368421 0.034366685945633316
2 0.14510690789473682 0.6905841526894159 0.032952302631578945 0.07429728166570272
2 0.2848519736842105 0.6905320994794679 0.023865131578947367 0.04810294968189705
1 0.43028782894736844 0.7644997108155003 0.027360197368421057 0.04913244650086755
0 0.29922697368421053 0.8991844997108155 0.03504111842105263 0.030352805089647193
0 0.25563322368421054 0.7554077501445922 0.029654605263157895 0.026766917293233085
6 0.42529605263157894 0.5801156737998843 0.03763980263157895 0.06278773857721226
2 0.7022203947368421 0.7498496240601504 0.03481907894736842 0.14075766338924234
