2 0.543791 0.066343 0.066433 0.012207
2 0.692931 0.137599 0.031886 0.017284
2 0.699481 0.462392 0.031669 0.016999
0 0.673917 0.596426 0.024002 0.011907
0 0.463344 0.673024 0.023143 0.013401
0 0.455893 0.096290 0.021331 0.013525
0 0.623208 0.295036 0.025478 0.012286
0 0.602370 0.318186 0.025853 0.012158
13 0.128489 0.204342 0.040704 0.012031
11 0.310687 0.741960 0.025861 0.078888
11 0.435364 0.662539 0.028100 0.083416
11 0.633326 0.664483 0.024825 0.080752
13 0.666780 0.609436 0.043961 0.012216
13 0.810222 0.477766 0.039306 0.013325
0 0.809907 0.465241 0.023143 0.011713
2 0.151641 0.565817 0.054627 0.016726
0 0.215250 0.175011 0.027131 0.015684
2 0.057825 0.566225 0.052780 0.015911
2 0.560275 0.096826 0.033620 0.011313
2 0.580213 0.117895 0.045073 0.012789
2 0.583128 0.142980 0.039241 0.011804
2 0.583525 0.175990 0.033069 0.010700
1 0.613685 0.198171 0.030747 0.011995
1 0.286300 0.475820 0.032024 0.016502
1 0.572160 0.593857 0.029308 0.017057
0 0.136654 0.190921 0.023790 0.011246
0 0.794907 0.120824 0.022120 0.011779
2 0.502926 0.282166 0.022527 0.011807
2 0.507189 0.265934 0.028253 0.012789
0 0.473795 0.476070 0.023692 0.012310
0 0.123253 0.216841 0.023847 0.011119
