11 0.6645697412823397 0.6013206801107157 0.020075928008998874 0.04473309608540925
7 0.7611248593925759 0.11856860419138 0.04710911136107987 0.015013839462238039
2 0.2763413948256468 0.7260102807433768 0.06729471316085489 0.02476472914195334
0 0.5618841394825647 0.42682878608145514 0.019797525309336334 0.09232502965599051
0 0.8075253093363329 0.4275761170423092 0.015497750281214848 0.0776037959667853
7 0.6808295838020249 0.11982206405693949 0.05077896512935883 0.013036773428232503
2 0.7548931383577053 0.08678529062870699 0.0465466816647919 0.018497429814155794
2 0.2170978627671541 0.30166073546856464 0.022125984251968506 0.08690786872281533
2 0.7051940382452194 0.7245709766706209 0.056605736782902136 0.01716093317516805
15 0.7469375703037121 0.5661249505733491 0.022542182227221597 0.02731514432582048
5 0.5814201349831272 0.4091656781336497 0.01613048368953881 0.0770699881376038
0 0.7619235095613048 0.42643337287465405 0.020551181102362204 0.09144721233689206
2 0.6697497187851519 0.18302491103202848 0.06232564679415073 0.017900355871886122
2 0.6954499437570304 0.08185448793989719 0.06209223847019123 0.028722815342032425
11 0.32317491563554557 0.6686318703044681 0.028042744656917886 0.040810597073942266
1 0.6441057367829022 0.47514827995255043 0.05036839145106862 0.015365757216291024
2 0.3210179977502812 0.22176749703440096 0.01344488188976378 0.09051008303677344
0 0.777384701912261 0.4082325029655991 0.016400449943757032 0.0633926453143535
2 0.3376012373453318 0.6127599841834718 0.029111361079865016 0.06902728351126927
2 0.6771681664791902 0.6956662712534598 0.08585770528683914 0.015749308026888096
1 0.22718503937007875 0.6775128509292211 0.0516169853768279 0.011376037959667852
0 0.3360348706411699 0.34558323448003164 0.06199381327334083 0.029497825227362592
2 0.6907339707536558 0.14771055753262158 0.07126265466816648 0.015100830367734281
3 0.275466816647919 0.5479003558718861 0.047966816647919006 0.059604586793198897
