0 0.7483647058823529 0.3586173438447544 0.1091607843137255 0.03776834445118254
15 0.26064313725490196 0.4503456640388114 0.030411764705882353 0.035100060642813825
2 0.23657647058823528 0.2663250454821104 0.08779607843137255 0.01747119466343238
3 0.2320627450980392 0.5159187386294725 0.030878431372549017 0.0179805942995755
15 0.5999019607843137 0.6621710127349909 0.030639215686274507 0.042468162522741056
5 0.13631764705882354 0.7082959369314736 0.05633725490196078 0.021170406306852636
2 0.14134117647058825 0.5865130382049727 0.09435686274509804 0.03440873256519102
5 0.750356862745098 0.3918132201334142 0.0654470588235294 0.023778047301394784
15 0.4138745098039216 0.45204972710733776 0.039819607843137254 0.04124924196482717
15 0.1566392156862745 0.5381564584596725 0.027529411764705882 0.0379805942995755
15 0.5175411764705883 0.6156094602789569 0.02703921568627451 0.04456640388114008
15 0.5531960784313726 0.4518556701030928 0.026674509803921567 0.034329896907216495
15 0.20886666666666667 0.6001334141904184 0.030580392156862746 0.039545178896300784
15 0.15219607843137256 0.6651910248635537 0.02870588235294118 0.03892662219526986
2 0.08006666666666666 0.5174166161309885 0.04958823529411765 0.07770770163735596
15 0.14129411764705882 0.43198908429351124 0.0338078431372549 0.03511825348696179
2 0.20319607843137255 0.2936264402668284 0.04800392156862745 0.01909642207398423
15 0.08874117647058823 0.4634323832625834 0.02851764705882353 0.03353547604608854
0 0.6425529411764705 0.4074287446937538 0.10801960784313724 0.03539721043056398
2 0.5573137254901961 0.6370588235294118 0.054356862745098045 0.0200970285021225
3 0.31935686274509806 0.4445239539114615 0.03507843137254902 0.019029714978775016
0 0.11145098039215685 0.38000606428138267 0.06445882352941176 0.030436628259551242
2 0.5886823529411765 0.6008975136446331 0.04546274509803922 0.018447543966040026
2 0.37526666666666664 0.6773620375985446 0.42160784313725486 0.022595512431776835
15 0.6992352941176471 0.290018192844148 0.029337254901960784 0.03667070952092177
15 0.6725372549019608 0.5663432383262583 0.02596078431372549 0.038241358399029715
15 0.2299764705882353 0.41853850818677985 0.031674509803921565 0.034699818071558516
3 0.493756862745098 0.44252880533656763 0.026137254901960786 0.019854457246816254
0 0.06762352941176471 0.41721649484536083 0.04945882352941176 0.03459672528805336
0 0.38321176470588236 0.3643844754396604 0.046878431372549025 0.027052759248029107
1 0.23836470588235295 0.36419648271679805 0.036074509803921566 0.030479078229229836
1 0.6173137254901961 0.3387568223165555 0.031125490196078433 0.024002425712553063
11 0.6313490196078432 0.4823953911461492 0.019823529411764705 0.07704669496664646
3 0.6269176470588236 0.5697634930260764 0.017227450980392158 0.02749545178896301
10 0.10181960784313725 0.657938144329897 0.04752156862745098 0.023826561552456032
2 0.138521568627451 0.6286416009702851 0.10799215686274509 0.0381746513038205
2 0.12018823529411765 0.5030200121285627 0.02744705882352941 0.03697392359005458
