10 0.7319702940284935 0.3110941176470588 0.08356168535919976 0.015101960784313724
2 0.5868354046680813 0.36790588235294114 0.09241588360109124 0.02376470588235294
12 0.3812094574113367 0.4447529411764706 0.0981630797211276 0.014917647058823529
15 0.47964534707487116 0.44669019607843136 0.021488329796908155 0.022262745098039216
2 0.7020885116702031 0.36947450980392155 0.09595028796605032 0.02153333333333333
0 0.5480509245225826 0.6159411764705883 0.0766171567141558 0.021701960784313728
11 0.09343437405274325 0.6397137254901961 0.027202182479539254 0.16752549019607843
0 0.477790239466505 0.5220274509803922 0.04293725371324644 0.02404705882352941
0 0.4053925431949076 0.8019764705882353 0.041794483176720215 0.026423529411764703
0 0.3476629281600485 0.40276862745098035 0.041821764170960896 0.025909803921568626
0 0.8006668687481056 0.5685843137254902 0.07703849651409518 0.021435294117647056
7 0.6613519248257048 0.24010588235294117 0.1010366777811458 0.016482352941176472
4 0.47672628069111855 0.544886274509804 0.10011821764170961 0.015929411764705883
11 0.09749317975143983 0.5881490196078432 0.02554410427402243 0.06634509803921569
12 0.7202728099424067 0.6560470588235294 0.09395574416489845 0.012792156862745097
4 0.8029099727190058 0.5884627450980392 0.09293119127008184 0.013486274509803923
4 0.6043285844195211 0.42291764705882356 0.015450136404971204 0.026596078431372547
4 0.6745983631403456 0.4703176470588235 0.015301606547438618 0.03490196078431373
2 0.6613670809336162 0.29439607843137255 0.09043952712943316 0.01628627450980392
2 0.6154319490754774 0.3268235294117647 0.08230069718096393 0.012341176470588236
