15 0.815012 0.366023 0.057331 0.027759
2 0.567181 0.653945 0.071476 0.018871
5 0.816399 0.124225 0.027895 0.077560
6 0.863347 0.689208 0.018726 0.019761
2 0.834121 0.775242 0.023242 0.054190
2 0.671379 0.827919 0.176806 0.037047
2 0.479440 0.749812 0.022250 0.069407
2 0.523556 0.766556 0.023823 0.037035
11 0.789786 0.413683 0.080298 0.023717
0 0.690185 0.170516 0.075548 0.030063
0 0.693996 0.204575 0.081056 0.028250
0 0.705161 0.493387 0.051516 0.015325
0 0.672145 0.868478 0.035500 0.013101
15 0.797395 0.284108 0.052468 0.032651
2 0.523565 0.718677 0.022242 0.051699
15 0.609835 0.267346 0.050831 0.031613
16 0.339327 0.803540 0.074895 0.175006
2 0.866980 0.314313 0.024508 0.059299
2 0.489750 0.348489 0.025403 0.070456
2 0.442016 0.548290 0.025000 0.473774
