0 0.218480 0.436577 0.012704 0.043750
16 0.907556 0.676944 0.118055 0.050290
0 0.173688 0.418153 0.018899 0.075065
1 0.937105 0.448504 0.050148 0.017589
2 0.688674 0.663032 0.096640 0.034919
15 0.524181 0.261121 0.024358 0.026919
15 0.286515 0.289726 0.024495 0.025387
2 0.417675 0.359706 0.070468 0.018363
2 0.447978 0.320431 0.075762 0.018702
0 0.253508 0.404234 0.018825 0.115726
15 0.671569 0.506875 0.024917 0.026766
15 0.706155 0.500581 0.022829 0.027548
2 0.593334 0.508827 0.014335 0.077831
2 0.410071 0.096891 0.086406 0.020427
2 0.387156 0.137383 0.037747 0.019718
2 0.396087 0.179907 0.047598 0.019105
0 0.492804 0.411093 0.012442 0.041895
0 0.530200 0.392637 0.018779 0.100097
3 0.612715 0.438141 0.027359 0.043750
