2 0.548607305936073 0.25801772763900077 0.12293949771689497 0.018444802578565674
2 0.8303652968036529 0.6223529411764707 0.0938755707762557 0.02267526188557615
15 0.07421232876712329 0.5231829170024174 0.028110730593607306 0.030829975825946817
2 0.49697488584474886 0.12676067687348913 0.05660388127853881 0.02151490733279613
15 0.4782191780821918 0.07863013698630136 0.02416666666666667 0.029572925060435136
15 0.4678253424657534 0.5115149073327961 0.027505707762557077 0.026317485898468974
15 0.8970148401826483 0.510781627719581 0.026135844748858446 0.02597904915390814
8 0.4185958904109589 0.2579210314262691 0.016638127853881277 0.08032232070910557
15 0.9374657534246575 0.5484931506849314 0.02311073059360731 0.024399677679290896
2 0.5228824200913242 0.0935132957292506 0.06949771689497718 0.021587429492344882
0 0.4163413242009132 0.3585012087026591 0.021073059360730593 0.07321514907332796
2 0.6836472602739726 0.2580257856567284 0.15115296803652967 0.020999194198227236
15 0.7148801369863014 0.513126510878324 0.023595890410958907 0.02522965350523771
11 0.13431506849315067 0.3218855761482675 0.04287671232876713 0.0932876712328767
0 0.9464326484018265 0.35921837228041903 0.015622146118721461 0.06677679290894441
0 0.44659246575342465 0.3624818694601128 0.019012557077625572 0.08335213537469782
15 0.863607305936073 0.07822723609991941 0.020388127853881277 0.023996776792908944
2 0.22982876712328767 0.6075261885576149 0.10480022831050229 0.03703464947622885
15 0.21935502283105024 0.579331184528606 0.02552511415525114 0.03120064464141821
3 0.18054794520547945 0.48488315874294924 0.031409817351598174 0.044222401289282835
0 0.9032990867579909 0.358638195004029 0.016769406392694062 0.07987912973408541
15 0.18156392694063928 0.5809589041095891 0.030051369863013697 0.03218372280419017
2 0.6803139269406393 0.05058823529411765 0.38682077625570777 0.024963738920225624
2 0.7936415525114155 0.5881788879935536 0.04743150684931507 0.020314262691377923
0 0.6440525114155252 0.43829975825946815 0.01900684931506849 0.07063658340048348
2 0.040131278538812785 0.4506607574536664 0.036158675799086756 0.17917808219178083
2 0.22964611872146118 0.4006768734891217 0.02621004566210046 0.07697824335213538
15 0.4363584474885845 0.5455761482675261 0.022128995433789957 0.03224818694601128
2 0.519634703196347 0.611676067687349 0.0409703196347032 0.028323932312651085
11 0.4645376712328767 0.5946091861402095 0.056050228310502284 0.029411764705882353
15 0.4547317351598174 0.6191861402095085 0.01841324200913242 0.02912973408541499
15 0.47640981735159815 0.6177276390008059 0.021598173515981738 0.02912973408541499
2 0.4029737442922374 0.6175825946817083 0.04777397260273973 0.023021756647864624
2 0.8144577625570777 0.26049153908138595 0.11943493150684932 0.025745366639806606
2 0.8940011415525114 0.09344883158742949 0.03875570776255708 0.025954875100725222
2 0.4276712328767123 0.6901289282836423 0.025713470319634703 0.026631748589846894
2 0.45382420091324205 0.6911845286059629 0.021295662100456622 0.02541498791297341
2 0.47804223744292235 0.6899597099113618 0.023264840182648402 0.023408541498791298
2 0.5142751141552512 0.6929089443996777 0.04845890410958904 0.029975825946817084
