0 0.789006 0.159635 0.022635 0.019384
2 0.751819 0.190422 0.02021 0.04675
3 0.323363 0.313569 0.021019 0.026226
3 0.34034 0.421323 0.034762 0.027936
16 0.28941 0.621437 0.045271 0.08951
2 0.268391 0.49943 0.023444 0.057013
11 0.313662 0.479475 0.04042 0.04618
3 0.426031 0.512543 0.05093 0.022235
11 0.398545 0.553592 0.052546 0.023945
6 0.829426 0.72691 0.02021 0.034208
2 0.655618 0.830673 0.02021 0.04561
2 0.465643 0.828962 0.023444 0.152223
0 0.584479 0.847777 0.046888 0.021665
0 0.556993 0.792474 0.033145 0.027936
6 0.681487 0.721779 0.031528 0.024515
0 0.607114 0.619726 0.067098 0.018814
6 0.59903 0.650513 0.082458 0.017104
0 0.565077 0.594071 0.030719 0.014823
0 0.594179 0.568985 0.037995 0.014823
2 0.452708 0.417332 0.021827 0.167047
15 0.624899 0.236602 0.029911 0.023375
2 0.45675 0.185291 0.02021 0.077537
2 0.496362 0.214937 0.033145 0.064994
15 0.544867 0.213797 0.038804 0.021095
15 0.582862 0.215507 0.030719 0.021095
0 0.570736 0.185861 0.053355 0.014253
0 0.55861 0.111745 0.047696 0.018814
0 0.620049 0.062144 0.046079 0.016534
5 0.852061 0.09122 0.025061 0.061003
2 0.821342 0.18016 0.021019 0.047891
5 0.853678 0.251425 0.021827 0.070696
5 0.767179 0.266249 0.022635 0.065564
2 0.926435 0.323261 0.023444 0.355758
2 0.889248 0.339795 0.021827 0.31984
2 0.819725 0.340935 0.024252 0.072406
2 0.85287 0.415621 0.021019 0.176169
2 0.819725 0.449259 0.022635 0.103763
2 0.61439 0.464082 0.02021 0.034208
2 0.577203 0.475485 0.024252 0.057583
0 0.573969 0.374572 0.046079 0.014253
0 0.57882 0.312999 0.048504 0.017674
0 0.582862 0.278791 0.045271 0.014253
0 0.577203 0.246864 0.04042 0.017674