2 0.596449 0.81984 0.445521 0.153934
2 0.573043 0.514823 0.49314 0.493158
2 0.338983 0.250855 0.025827 0.069555
2 0.307506 0.250855 0.026634 0.075827
2 0.285714 0.31813 0.028249 0.062144
2 0.254237 0.250285 0.025827 0.112885
0 0.569007 0.401368 0.056497 0.019384
0 0.570621 0.376853 0.093624 0.019954
0 0.565779 0.331243 0.1477 0.027366
0 0.548023 0.232041 0.088781 0.020525
0 0.570621 0.215507 0.049233 0.018244
0 0.566586 0.202395 0.059726 0.020525
0 0.569007 0.18244 0.08071 0.018244
0 0.573043 0.164196 0.062147 0.018244