16 0.383374 0.732041 0.034705 0.132269
1 0.501211 0.282782 0.01937 0.028506
15 0.364003 0.301026 0.029863 0.019384
2 0.384181 0.326112 0.023406 0.031927
2 0.338983 0.405359 0.033091 0.189282
5 0.359968 0.570696 0.03067 0.09008
1 0.500404 0.524515 0.020178 0.030217
0 0.56255 0.550741 0.031477 0.013683
15 0.423729 0.507982 0.02502 0.023375
2 0.385795 0.404789 0.021792 0.123717
0 0.501211 0.400798 0.034705 0.013113
5 0.724778 0.22805 0.032284 0.086659
15 0.669895 0.22805 0.03067 0.017674
0 0.557708 0.199544 0.058918 0.013683
0 0.550444 0.22862 0.033091 0.013113
0 0.52381 0.254276 0.027441 0.013113
15 0.605327 0.279932 0.029863 0.021095
2 0.725585 0.388255 0.037127 0.052452
11 0.702986 0.415051 0.045198 0.031357
15 0.683616 0.397948 0.03067 0.021095
2 0.754641 0.343216 0.03632 0.068415
2 0.79661 0.397948 0.039548 0.18016