0 0.5912274509803922 0.5233414190418435 0.06187058823529412 0.02750758035172832
10 0.3424078431372549 0.342504548211037 0.0623843137254902 0.021103699211643418
11 0.245 0.6033717404487569 0.02487058823529412 0.07274711946634324
0 0.6584666666666666 0.4915949060036386 0.06238823529411765 0.019248029108550637
2 0.5129529411764706 0.4989630078835658 0.09251372549019608 0.01525166767738023
3 0.5938431372549019 0.6096785930867192 0.04732156862745098 0.016937537901758642
2 0.3983058823529412 0.2710369921164342 0.21847450980392158 0.017956337174044875
15 0.2094156862745098 0.39807762280169795 0.026109803921568628 0.03688902365069739
3 0.361878431372549 0.47975742874469374 0.0519921568627451 0.015761067313523346
15 0.2024078431372549 0.4572407519708915 0.022011764705882356 0.036694966646452394
15 0.6343843137254902 0.5668101879927229 0.022862745098039216 0.034536082474226806
15 0.2786470588235294 0.39269860521528194 0.025850980392156865 0.03351728320194057
5 0.5911960784313726 0.5503759854457247 0.06009019607843137 0.0210369921164342
0 0.23778039215686275 0.5035051546391752 0.06578431372549019 0.030006064281382656
2 0.5092980392156863 0.471340206185567 0.08358823529411764 0.014396604002425711
0 0.13406274509803923 0.488853850818678 0.06312549019607844 0.021728320194057002
15 0.2279372549019608 0.43828380836870834 0.02616078431372549 0.039557307459066104
2 0.1639372549019608 0.4226076409945421 0.04108627450980392 0.08450576106731351
5 0.23985490196078432 0.5318132201334143 0.06403921568627452 0.022019405700424502
2 0.3190627450980392 0.3242935112189205 0.10473725490196077 0.01813826561552456
2 0.26256862745098036 0.358853850818678 0.07790588235294117 0.01713159490600364
2 0.28123529411764703 0.6514432989690722 0.05150980392156863 0.014614918132201334
15 0.47416862745098043 0.5293147362037599 0.021968627450980393 0.030648878107944207
2 0.5075450980392157 0.651570648878108 0.06075686274509804 0.01100667070952092
11 0.5292941176470588 0.5976652516676774 0.02129411764705882 0.08591873862947241
7 0.1336078431372549 0.5120679199514857 0.059886274509803925 0.021273499090357792
0 0.18145098039215685 0.5403032140691328 0.036333333333333336 0.020127349909035776
15 0.48893333333333333 0.5583444511825348 0.022803921568627452 0.030351728320194057
1 0.36666666666666664 0.6893511218920558 0.04617647058823529 0.02293511218920558
