11 0.7257339821573399 0.5512143671607754 0.14742903487429035 0.03380273660205245
2 0.5789132197891321 0.4698688711516534 0.05416058394160584 0.01396237172177879
15 0.7927980535279805 0.3341619156214367 0.024793187347931872 0.02097491448118586
15 0.49036496350364966 0.3797548460661346 0.026423357664233576 0.018443557582668187
15 0.470632603406326 0.45397377423033064 0.026520681265206816 0.01887115165336374
2 0.5147931873479319 0.4943671607753706 0.06347120843471209 0.012867730900798176
3 0.2911597729115977 0.42179589509692134 0.023479318734793187 0.022565564424173318
2 0.6005271695052717 0.06653363740022805 0.10094079480940794 0.01694412770809578
11 0.13089213300892133 0.37447548460661345 0.03630981346309814 0.05798175598631699
0 0.632595296025953 0.7243899657924743 0.02497161394971614 0.02434435575826682
2 0.7235036496350365 0.4270866590649943 0.06494728304947282 0.013865450399087799
16 0.29371451743714516 0.8979703534777651 0.033698296836982965 0.08114025085518814
0 0.86992700729927 0.27621436716077535 0.01725060827250608 0.024652223489167617
2 0.6790348742903487 0.2956043329532497 0.17301703163017032 0.016316989737742305
2 0.187007299270073 0.0963854047890536 0.07168694241686943 0.014629418472063855
2 0.731346309813463 0.40403648802736597 0.04839416058394161 0.012354618015963513
3 0.29072181670721814 0.36969213226909925 0.021792376317923762 0.02186431014823261
2 0.27252230332522304 0.461636259977195 0.08977291159772911 0.01938996579247434
7 0.8345336577453366 0.49965792474344356 0.08346309813463097 0.019566704675028506
0 0.500948905109489 0.27550741163055875 0.017526358475263584 0.0304903078677309
0 0.44682076236820756 0.2761744583808438 0.01559610705596107 0.03694412770809578
15 0.5147850770478508 0.4683979475484607 0.02471208434712084 0.018181299885974916
8 0.8147364152473642 0.28882554161915625 0.022043795620437956 0.05522805017103763
0 0.4668937550689375 0.27547320410490306 0.015206812652068127 0.035456100342075254
15 0.8159124087591241 0.15071835803876854 0.02886455798864558 0.023819840364880274
1 0.7952230332522303 0.41901368301026226 0.015677210056772098 0.028603192702394527
2 0.09443633414436334 0.37692702394526795 0.026180048661800487 0.06653363740022805
0 0.7233171127331711 0.7120467502850627 0.0202757502027575 0.018648802736602053
0 0.8403649635036496 0.2744298745724059 0.015482562854825629 0.033722919042189284
2 0.19172749391727495 0.32135119726339795 0.08591240875912409 0.012708095781071835
10 0.6856528791565287 0.4900684150513113 0.05823195458231954 0.015096921322690993
1 0.79448499594485 0.23985746864310148 0.01821573398215734 0.03633979475484607
1 0.6482481751824817 0.4149315849486887 0.015896188158961884 0.03053591790193843
0 0.6930251419302514 0.757405929304447 0.028094079480940795 0.021442417331813
11 0.19438767234387672 0.13809007981755986 0.04386050283860503 0.045940706955530215
0 0.30936739659367396 0.18485176738882556 0.01859691808596918 0.0320866590649943
8 0.43289537712895376 0.06400798175598632 0.02294403892944039 0.05223489167616876
2 0.6534874290348743 0.4940935005701254 0.20370640713706406 0.01347206385404789
1 0.1978507704785077 0.4637115165336374 0.01718572587185726 0.03623147092360319
