0 0.2103698090330403 0.5386352941176471 0.1381812670506214 0.05243529411764706
0 0.5682540163685965 0.4177607843137255 0.053892088511670204 0.0319921568627451
15 0.2635040921491361 0.6019294117647059 0.02945741133676872 0.03291764705882353
2 0.41314943922400726 0.2806549019607843 0.08944528645043952 0.030619607843137255
2 0.40445892694755986 0.19269019607843138 0.08397999393755684 0.025733333333333334
2 0.3550591088208548 0.14836078431372549 0.08677478023643528 0.03372941176470588
0 0.4547468929978782 0.43416078431372546 0.06121551985450136 0.03243921568627451
2 0.41886632312822064 0.23738823529411765 0.09342831160957867 0.029180392156862744
7 0.43837526523188847 0.7204470588235294 0.09768111548954228 0.016184313725490198
8 0.5097423461655047 0.5604196078431373 0.09837223401030615 0.01864705882352941
1 0.2557775083358593 0.416 0.07516520157623523 0.031254901960784315
0 0.5096786905122764 0.5348392156862745 0.09853591997575023 0.030211764705882355
0 0.11189148226735374 0.3163960784313725 0.09971203394968171 0.027941176470588237
2 0.4201758108517733 0.6871843137254902 0.08214610488026675 0.032266666666666666
3 0.28665050015156107 0.32593333333333335 0.04030615337981206 0.02776470588235294
2 0.3023855713852683 0.2379686274509804 0.07671718702637163 0.029458823529411766
13 0.0815459230069718 0.2474470588235294 0.0864928766292816 0.018945098039215687
0 0.11296150348590482 0.2803176470588235 0.1015762352227948 0.030321568627450977
13 0.48600181873294934 0.31676470588235295 0.09315550166717187 0.021666666666666667
0 0.20511063958775386 0.7151215686274509 0.039581691421642924 0.026568627450980393
11 0.8262988784480145 0.45995686274509806 0.1402728099424068 0.27580784313725487
