7 0.33322690992018245 0.1748851269649335 0.10173318129988597 0.021414752116082226
2 0.4546579247434436 0.20711406690850465 0.0747206385404789 0.02036678758565095
7 0.7802052451539339 0.17473599355098748 0.101442417331813 0.02124546553808948
0 0.7934378563283923 0.4610600564288594 0.028922462941847204 0.24411527609834743
0 0.3207867730900798 0.47439742039500205 0.025267958950969213 0.29900846432889966
2 0.5203306727480046 0.20421604191858123 0.0400285062713797 0.01799274486094317
2 0.6539167616875713 0.206440951229343 0.06783352337514253 0.01763401854091092
2 0.7158380843785632 0.20511084240225716 0.036744583808437856 0.016626360338573155
2 0.5677765108323831 0.17080612656187022 0.31443557582668186 0.024744054816606208
0 0.8438711516533638 0.46605804111245464 0.02723489167616876 0.31288593309149537
0 0.5496750285062714 0.4105884723901652 0.02083808437856328 0.047372027408303104
0 0.5900285062713797 0.47085449415558245 0.023517673888255416 0.3257315598548972
0 0.50845496009122 0.4218984280532044 0.022297605473204106 0.027093913744457878
