1 0.20117254901960785 0.5325651910248635 0.07085098039215686 0.022401455427531837
15 0.13504313725490197 0.5130260764099455 0.03170980392156863 0.038635536688902364
1 0.6790078431372549 0.19173438447543967 0.07513725490196078 0.029157064887810794
3 0.2317529411764706 0.5062644026682839 0.03307843137254902 0.018677986658580958
15 0.7236196078431373 0.22732565191024864 0.03135686274509804 0.038071558520315345
15 0.6213843137254902 0.5410127349909035 0.03253333333333333 0.04242571255306246
10 0.1131529411764706 0.6124257125530624 0.05832941176470589 0.0254639175257732
15 0.6670274509803922 0.440018192844148 0.031776470588235295 0.04063068526379624
15 0.1203921568627451 0.45485748938750753 0.03032549019607843 0.03865979381443299
2 0.19794901960784314 0.224251061249242 0.05491372549019608 0.022249848392965434
2 0.13108627450980392 0.5506913280776228 0.07213725490196078 0.028010915706488778
2 0.6718627450980392 0.5548574893875076 0.07419215686274509 0.025385081867798667
15 0.2014313725490196 0.5708550636749545 0.031305882352941176 0.036646452395391146
15 0.11867843137254902 0.31171012734990905 0.029125490196078428 0.04530018192844148
15 0.4823411764705883 0.4415463917525773 0.03675686274509804 0.04232868405093996
3 0.27852941176470586 0.5123590054578533 0.028223529411764706 0.04450576106731352
15 0.7190745098039216 0.6139417828987265 0.03963921568627451 0.04504548211036992
0 0.0635686274509804 0.35714978775015166 0.025074509803921567 0.06496664645239539
2 0.06329019607843137 0.48737416616130985 0.024219607843137255 0.08716798059429959
2 0.24091764705882354 0.1994057004244997 0.12010980392156861 0.028829593693147363
3 0.5947176470588236 0.5089387507580352 0.028368627450980392 0.03791388720436628
0 0.7393333333333333 0.36444511825348697 0.025474509803921568 0.11627653123104913
2 0.691364705882353 0.5149605821710127 0.03523529411764706 0.02539721043056398
15 0.12973333333333334 0.6562462098241358 0.029498039215686275 0.03522741055184961
0 0.09613725490196079 0.36249848392965434 0.024717647058823528 0.07603395997574287
5 0.0840078431372549 0.7005761067313523 0.07315686274509804 0.02723468768950879
0 0.4289725490196079 0.3360582171012735 0.022494117647058824 0.06289266221952698
2 0.14627058823529412 0.5877258944815039 0.07774117647058824 0.026701030927835052
15 0.7281843137254902 0.48949060036385683 0.028058823529411765 0.03808368708308065
11 0.7285333333333334 0.5352334748332322 0.01935294117647059 0.031503941782898726
15 0.08812941176470587 0.48051546391752575 0.02403921568627451 0.04012734990903578
11 0.7541176470588236 0.4822316555488175 0.037125490196078435 0.0891691934505761
5 0.8119058823529413 0.5443420254699818 0.06660392156862745 0.02614918132201334
0 0.7677176470588235 0.3891691934505761 0.026772549019607843 0.11662219526986052
2 0.4238117647058824 0.669417828987265 0.5574470588235294 0.02702243784111583
