2 0.313548 0.492558 0.217161 0.010365
2 0.328306 0.466355 0.136710 0.010645
2 0.340456 0.478999 0.160911 0.009407
11 0.480887 0.343697 0.018323 0.028808
11 0.251286 0.319669 0.019556 0.018893
5 0.477044 0.292116 0.072685 0.010816
5 0.149488 0.307250 0.072556 0.009994
1 0.239948 0.400394 0.034702 0.009127
1 0.914133 0.575103 0.064540 0.010491
3 0.386698 0.308888 0.027556 0.007074
3 0.519440 0.318865 0.029653 0.008021
0 0.128411 0.373257 0.018839 0.042202
0 0.330919 0.368705 0.014129 0.020548
0 0.544448 0.370998 0.013605 0.023503
2 0.316073 0.282878 0.211742 0.011460
2 0.360532 0.295271 0.124339 0.011192
2 0.411835 0.316880 0.051427 0.008865
16 0.880927 0.546215 0.128403 0.023987
0 0.500250 0.386389 0.017758 0.062681
15 0.466532 0.426569 0.025597 0.013776
15 0.548266 0.322576 0.025032 0.013936
15 0.429569 0.309378 0.019121 0.017627
15 0.204060 0.290961 0.018734 0.019127
15 0.164556 0.321774 0.023758 0.012983
15 0.284940 0.314370 0.026379 0.011626
