2 0.3265175332527207 0.6039110604332953 0.09965739621120516 0.01937286202964652
2 0.26077791213220475 0.6033922462941846 0.03255945183393793 0.015273660205245154
2 0.7123095525997581 0.5988198403648802 0.21818621523579204 0.02893386545039909
2 0.30800886739218053 0.14706385404789052 0.0958403869407497 0.017656784492588368
6 0.1781700927045546 0.3769897377423033 0.014123337363966142 0.06821550741163056
2 0.3472954453849254 0.657884834663626 0.17443369609028617 0.022862029646522234
2 0.9012938331318018 0.2923147092360319 0.024095122934300685 0.17170467502850628
2 0.318254735993551 0.6307069555302166 0.1175695284159613 0.01966932725199544
2 0.2011205159209996 0.37884834663626 0.01509471987101975 0.19652223489167617
2 0.3745183393792825 0.14655644241733182 0.033079403466344214 0.015992018244013684
2 0.34677549375251915 0.08885974914481187 0.1716485288190246 0.019954389965792473
0 0.4821362353889561 0.37892816419612313 0.018472390165255946 0.06024515393386545
2 0.31671906489318824 0.1180672748004561 0.10904877065699316 0.022183580387685288
2 0.8773841193067311 0.3780900798175598 0.02550584441757356 0.26273090079817557
3 0.4514228133817009 0.5188996579247435 0.022684401451027812 0.036248574686431015
3 0.39933494558645705 0.5477480045610034 0.017517130189439744 0.02847206385404789
2 0.6503385731559855 0.17147662485746865 0.022523176138653768 0.07944697833523374
