11 0.588130 0.383900 0.014526 0.052007
15 0.290238 0.435456 0.022612 0.027982
7 0.131709 0.509843 0.067513 0.025536
2 0.428122 0.260339 0.251342 0.014795
1 0.632892 0.585422 0.062181 0.019453
2 0.274974 0.344082 0.086804 0.012281
2 0.565028 0.328261 0.061761 0.014561
0 0.135828 0.459658 0.050681 0.036271
0 0.201733 0.443084 0.066707 0.015017
0 0.638910 0.431993 0.056489 0.038079
15 0.222031 0.522871 0.018839 0.034111
11 0.255760 0.530867 0.019218 0.058632
2 0.321667 0.612232 0.068960 0.013324
15 0.591711 0.511063 0.018214 0.035091
5 0.629647 0.479832 0.049065 0.020359
15 0.174004 0.369361 0.017521 0.033580
