0 0.22419753086419753 0.4613227513227513 0.040569272976680386 0.02895238095238095
0 0.36376543209876544 0.41667724867724865 0.04215363511659808 0.030179894179894178
15 0.9577366255144034 0.7763703703703704 0.040473251028806584 0.040962962962962965
2 0.37790809327846364 0.20656084656084656 0.16180384087791494 0.017343915343915346
2 0.4341906721536351 0.2301375661375661 0.05150205761316873 0.012052910052910053
2 0.3151577503429355 0.2614074074074074 0.07109053497942387 0.013100529100529102
12 0.8137997256515775 0.26057142857142856 0.0753360768175583 0.017608465608465608
2 0.4554183813443073 0.26041269841269843 0.07300411522633744 0.01735449735449735
4 0.5353635116598079 0.6561587301587302 0.05550068587105624 0.01802116402116402
0 0.49602880658436216 0.4659365079365079 0.019636488340192042 0.01965079365079365
1 0.5349725651577504 0.5290687830687831 0.048689986282578875 0.020645502645502647
2 0.7618175582990397 0.23552380952380952 0.06497942386831275 0.018846560846560844
2 0.847318244170096 0.32762962962962966 0.019574759945130315 0.09434920634920635
