1 0.22212414349052803 0.5737343215507412 0.033079403466344214 0.017075256556442417
1 0.36099959693671907 0.572782212086659 0.03258766626360338 0.02005131128848347
15 0.18538895606610237 0.5011060433295326 0.022809351068117698 0.02864880273660205
1 0.35948004836759373 0.3117958950969213 0.05848045143087465 0.0172690992018244
15 0.22941152760983471 0.22872291904218928 0.021386537686416768 0.02449258836944128
15 0.3980733575171302 0.4288426453819841 0.02407093913744458 0.031864310148232614
8 0.17079000403063282 0.18455530216647661 0.018266827891979042 0.07480045610034207
2 0.5787101975010076 0.4020581527936146 0.020697299476017735 0.09502850627137971
2 0.21408303103587262 0.4716191562143672 0.03644901249496171 0.021755986316989735
1 0.22461507456670696 0.3105701254275941 0.027428456267634016 0.01661915621436716
2 0.29038694074969773 0.5961516533637401 0.20008867392180574 0.024298745724059292
3 0.21132204756146714 0.3742132269099202 0.021797662232970576 0.023204104903078678
16 0.9176582023377671 0.7204446978335234 0.05449012494961709 0.03968072976054732
3 0.21589278516727126 0.4128449258836944 0.020511890366787584 0.022725199543899656
10 0.29147118097541314 0.6188141391106043 0.032398226521563885 0.02137400228050171
5 0.4394558645707376 0.6093443557582668 0.043095525997581624 0.018979475484606614
0 0.1551471180975413 0.3990592930444698 0.032515114873035066 0.09316989737742302
11 0.7530149133413946 0.319133409350057 0.07776299879081015 0.04472633979475485
0 0.7656872228939944 0.3763968072976055 0.0735751713018944 0.034144811858608896
15 0.772962515114873 0.49237742303306725 0.030233776702942364 0.027525655644241732
