2 0.6813 0.638057 0.492018 0.033198
11 0.305587 0.622672 0.024515 0.072065
2 0.328962 0.57247 0.036488 0.022672
2 0.445838 0.060729 0.031927 0.023482
2 0.465222 0.078543 0.04561 0.022672
15 0.647662 0.100405 0.019384 0.02834
2 0.8626 0.079352 0.049031 0.020243
2 0.885975 0.05749 0.077537 0.023482
0 0.656784 0.382996 0.014823 0.054251
0 0.945838 0.42996 0.014253 0.042915
0 0.875713 0.396761 0.019384 0.068016
0 0.814139 0.380567 0.014253 0.05668
15 0.807298 0.524696 0.018814 0.033198
15 0.730901 0.523077 0.019384 0.030769
15 0.649943 0.519838 0.019954 0.032389
0 0.277081 0.782186 0.013683 0.038057
8 0.275941 0.830769 0.015393 0.059919
0 0.152223 0.823482 0.017674 0.05587
1 0.216078 0.806478 0.026226 0.021053
15 0.281642 0.695547 0.023375 0.031579
2 0.190422 0.662348 0.125428 0.025911
2 0.166477 0.640486 0.170468 0.024291
11 0.1374 0.684211 0.050741 0.036437
11 0.068415 0.702834 0.017674 0.05587
2 0.193273 0.068826 0.289054 0.025911
15 0.310148 0.150607 0.025656 0.035628
8 0.400228 0.462348 0.016534 0.0583
8 0.370582 0.45668 0.014253 0.063158
0 0.371722 0.353036 0.014253 0.043725
0 0.399088 0.394332 0.013683 0.043725
0 0.515393 0.387045 0.013683 0.049393
0 0.474914 0.393522 0.014253 0.064777
15 0.507412 0.527935 0.014253 0.035628
15 0.420753 0.533603 0.019384 0.032389
7 0.396237 0.612146 0.04333 0.021053
16 0.852338 0.703644 0.13797 0.073684
10 0.694413 0.633198 0.038198 0.021862
2 0.885975 0.594332 0.080388 0.025101
2 0.81927 0.595951 0.059293 0.021862
2 0.740023 0.597571 0.096351 0.020243
2 0.662486 0.59919 0.058153 0.019433
2 0.58894 0.598381 0.084379 0.021053
2 0.517674 0.596761 0.058153 0.021053
2 0.460091 0.595142 0.057013 0.023482