16 0.4216330645161291 0.8134398174557901 0.11126209677419355 0.04787221905305191
11 0.8890967741935484 0.4028066172276098 0.04904032258064516 0.1149001711351968
11 0.8940040322580646 0.28197946377638333 0.05689516129032258 0.11613234455219625
2 0.20478225806451614 0.17661722760981177 0.044088709677419353 0.014848830576155164
2 0.23286290322580644 0.14515687393040502 0.08433870967741935 0.015276668568168854
2 0.5863830645161291 0.17715345122646892 0.045048387096774195 0.014135767256132345
2 0.21675 0.5634968625213919 0.05371774193548387 0.01450656018254421
15 0.44525000000000003 0.3899657729606389 0.02192741935483871 0.02381631488876212
2 0.5086653225806451 0.5630005704506561 0.06959677419354839 0.014808899030233885
15 0.565641129032258 0.3909526525955505 0.019681451612903227 0.021762692527096405
2 0.27775 0.5639132915002852 0.06845161290322581 0.014432401597261836
2 0.3928185483870968 0.5944038790644609 0.07154435483870968 0.015482030804335425
15 0.22126209677419356 0.39045065601825446 0.024354838709677418 0.025305191100969765
0 0.09338709677419355 0.34235596120935535 0.013516129032258066 0.033793496862521394
2 0.3944758064516129 0.11240730176839704 0.4046491935483871 0.01416999429549344
2 0.5691895161290322 0.5632116371933827 0.05431854838709678 0.014677695379349686
0 0.5209314516129032 0.4997147746719909 0.037705645161290324 0.016349115801483172
2 0.5554153225806452 0.5322646891043924 0.07860080645161291 0.014609241300627495
2 0.5128508064516129 0.5936280661722761 0.16435887096774193 0.018020536223616657
0 0.6395967741935484 0.34019395322304624 0.014221774193548389 0.061517398745008556
2 0.27598387096774196 0.5936394751853965 0.1634475806451613 0.01975470621791215
2 0.23001209677419354 0.5310325156873931 0.07517741935483871 0.0150656018254421
8 0.6544596774193548 0.3425499144324016 0.01730241935483871 0.06969195664575015
0 0.14004032258064517 0.34269823160296636 0.015963709677419356 0.053017683970336564
0 0.26741129032258065 0.49945807187678265 0.04062903225806452 0.01795778665145465
15 0.33535080645161286 0.39031945236737026 0.025153225806451615 0.024095835710211067
0 0.28548790322580647 0.34363947518539645 0.01472983870967742 0.037524244152880776
2 0.19964112903225806 0.20811751283513974 0.0371491935483871 0.013177410154021678
11 0.8371250000000001 0.46449515116942386 0.05403629032258064 0.02991443240159726
2 0.5874233870967742 0.20906446092413006 0.03553225806451613 0.013525385054192813
0 0.5278548387096774 0.3426012549914433 0.014374999999999999 0.03631488876212208
6 0.3331653225806452 0.20766685681688535 0.01986290322580645 0.018100399315459214
2 0.7201854838709677 0.3391272104962921 0.015419354838709678 0.125875641756988
1 0.6179435483870968 0.3330290929834569 0.01384274193548387 0.057735310895607524
15 0.24968145161290323 0.46763262977752423 0.022056451612903226 0.019851682829435252
1 0.1588306451612903 0.3665145464917285 0.013060483870967742 0.06077010838562465
0 0.3444395161290323 0.3431774101540217 0.011221774193548386 0.054865944095835714
2 0.5371370967741935 0.44502567027952084 0.012866935483870967 0.06918996006845408
0 0.4567862903225806 0.34393040501996575 0.01355241935483871 0.05111808328579578
0 0.3936612903225806 0.34341699942954934 0.012237903225806453 0.05640045636052482
0 0.11149596774193549 0.38385054192812323 0.014798387096774194 0.034238448374215635
0 0.6739838709677419 0.3843183114660582 0.013899193548387097 0.03235025670279521
15 0.8133709677419355 0.22756988020536223 0.016173387096774194 0.021329150028522533
15 0.8194596774193549 0.19440958357102112 0.01688709677419355 0.025008556759840275
9 0.7674032258064516 0.18053622361665717 0.041899193548387094 0.017741015402167715
