2 0.28179411764705886 0.24148226735374356 0.03177254901960784 0.011873294937859958
2 0.22728823529411765 0.35368293422249164 0.17415490196078431 0.011773264625644136
0 0.910878431372549 0.6538344953016065 0.027213725490196076 0.03292209760533495
0 0.6011313725490196 0.521048802667475 0.0491078431372549 0.025265231888451044
2 0.16260196078431371 0.5531009396786906 0.03927254901960784 0.010885116702030918
2 0.8453901960784314 0.513940588056987 0.04635294117647059 0.015759321006365568
11 0.12719411764705885 0.5082024856016975 0.016715686274509804 0.041173082752349204
2 0.19086274509803922 0.3319187632615944 0.09515882352941177 0.020363746589875723
0 0.3028666666666667 0.6297514398302516 0.031841176470588234 0.03445286450439527
2 0.230321568627451 0.24269475598666262 0.035741176470588235 0.021788420733555622
15 0.8975019607843138 0.5162655350106093 0.02022156862745098 0.024389208851167018
0 0.0778313725490196 0.6272779630190967 0.027898039215686274 0.011591391330706274
3 0.1910392156862745 0.2452803879963625 0.01886470588235294 0.04301303425280388
0 0.3352078431372549 0.6268596544407397 0.027937254901960782 0.022291603516217038
13 0.5512901960784313 0.41292512882691723 0.040788235294117646 0.01716883904213398
12 0.5599411764705882 0.4408426795998787 0.07082745098039216 0.01972719005759321
0 0.2717980392156863 0.6290663837526523 0.030233333333333334 0.027859957562897848
3 0.1853843137254902 0.7203516217035465 0.02747450980392157 0.034374052743255536
2 0.23954705882352942 0.7791391330706275 0.03840392156862745 0.023385874507426494
11 0.2905274509803922 0.7560321309487724 0.035323529411764705 0.053846620187935734
15 0.1164607843137255 0.7310063655653228 0.021494117647058823 0.032525007578053954
0 0.10586862745098038 0.6265019702940284 0.02756862745098039 0.03338284328584419
0 0.13228823529411765 0.6258078205516823 0.02736078431372549 0.021357987268869352
11 0.8882529411764706 0.545295544104274 0.016484313725490196 0.032631100333434374
14 0.32873529411764707 0.38137314337678085 0.03464117647058823 0.018405577447711426
15 0.20093725490196077 0.277423461655047 0.022207843137254903 0.026444377083964837
2 0.14485686274509804 0.28419217944831765 0.0738 0.024616550469839342
2 0.1454235294117647 0.3152197635647166 0.07304313725490195 0.025210669899969687
2 0.3163960784313725 0.243370718399515 0.03872745098039215 0.013940588056986966
10 0.09207254901960785 0.19370112155198543 0.04270588235294118 0.019869657471961198
