2 0.28324696356275303 0.2394526795895097 0.018153846153846156 0.05738882554161916
2 0.21476113360323887 0.23332383124287343 0.019441295546558705 0.06932155074116306
0 0.5842348178137652 0.08922462941847206 0.06778137651821863 0.03188141391106043
0 0.5221295546558705 0.37486887115165335 0.061676113360323886 0.031408209806157356
2 0.5085344129554655 0.2602679589509692 0.02574898785425101 0.06652223489167618
0 0.5487773279352227 0.13057012542759408 0.12051012145748989 0.02807297605473204
0 0.5831012145748988 0.3291733181299886 0.05429959514170041 0.024646522234891673
11 0.8169068825910931 0.5475769669327252 0.029182186234817813 0.11457810718358039
2 0.7322753036437247 0.2218072976054732 0.017465587044534412 0.07520524515393387
2 0.7460971659919028 0.5869726339794754 0.05415384615384615 0.08280501710376283
2 0.5046558704453441 0.19551311288483467 0.02859919028340081 0.04519384264538198
0 0.18746558704453442 0.14527366020524515 0.0825668016194332 0.02089509692132269
