15 0.8229943502824859 0.8518015963511972 0.025334947538337368 0.02525085518814139
0 0.6467554479418887 0.8278905359179018 0.023486682808716706 0.03291904218928164
2 0.2543744955609363 0.2863055872291904 0.02328490718321227 0.18201254275940706
2 0.8895964487489911 0.6596294184720639 0.020500403551251007 0.20741733181299887
2 0.86227602905569 0.7478620296465223 0.021372074253430184 0.06310148232611175
2 0.8359644874899113 0.7695039908779931 0.015149313962873284 0.0682497149372862
0 0.560952380952381 0.5255530216647663 0.026803874092009686 0.03160775370581528
15 0.4591041162227603 0.5450456100342075 0.025786924939467312 0.021402508551881413
2 0.5607586763518967 0.08893956670467502 0.059459241323648104 0.021259977194982897
0 0.597409200968523 0.7867787913340935 0.017271993543179983 0.038107183580387685
0 0.7166585956416466 0.9081870011402509 0.01854721549636804 0.03200114025085519
1 0.2761501210653753 0.8124572405929305 0.013422114608555285 0.04311288483466363
7 0.911501210653753 0.783939566704675 0.012526230831315576 0.04289053591790194
3 0.6006779661016949 0.3392018244013683 0.024455205811138015 0.033551881413911064
