15 0.393988603988604 0.6672884770346494 0.020039886039886042 0.01752215954875101
2 0.653931623931624 0.8561764705882354 0.034575498575498576 0.011905721192586625
2 0.8513675213675215 0.8552497985495568 0.03548148148148148 0.012171635777598711
15 0.4203931623931624 0.689375503626108 0.018997150997150998 0.01485898468976632
15 0.43456410256410255 0.6666116035455278 0.01687179487179487 0.016941982272361
15 0.8046153846153845 0.672163577759871 0.015635327635327635 0.014814665592264305
15 0.6958290598290598 0.8414665592264303 0.014136752136752136 0.013585817888799355
3 0.8518860398860398 0.6651933924254634 0.014541310541310542 0.00959307010475423
8 0.3784843304843305 0.7973690572119259 0.01411965811965812 0.04159951651893634
15 0.4942393162393162 0.8274254633360194 0.02080911680911681 0.014319097502014504
15 0.4834586894586895 0.6646535052377116 0.015754985754985754 0.014850926672038679
0 0.377988603988604 0.7517082997582595 0.013846153846153847 0.01661966156325544
0 0.40082051282051284 0.7524174053182917 0.013225071225071225 0.016950040290088637
11 0.5178461538461538 0.8323408541498791 0.029156695156695157 0.021680096696212733
2 0.48010256410256413 0.7811764705882354 0.0571054131054131 0.020197421434327158
2 0.4598746438746439 0.8528444802578566 0.03441025641025641 0.013102336825141017
0 0.6998917378917379 0.7579734085414987 0.01611965811965812 0.021240934730056407
0 0.7892991452991454 0.7618211120064464 0.02125925925925926 0.035914585012087025
0 0.8123361823361824 0.75651893634166 0.013065527065527065 0.01693392425463336
0 0.8947749287749287 0.7580862207896857 0.017094017094017096 0.02216760676873489
15 0.8251168091168091 0.7077034649476229 0.015925925925925927 0.013501208702659145
15 0.8749458689458689 0.7102497985495567 0.014928774928774929 0.015104754230459308
15 0.8518518518518519 0.7273489121676068 0.020062678062678065 0.011619661563255439
15 0.8817606837606837 0.6752497985495568 0.01698005698005698 0.011974214343271554
15 0.843014245014245 0.6451813053988719 0.015304843304843305 0.009548751007252216
15 0.8575384615384616 0.6532232070910556 0.013105413105413105 0.012429492344883159
2 0.8320113960113961 0.6300523771152297 0.034985754985754985 0.00999597099113618
2 0.8711111111111111 0.6353142626913779 0.039669515669515674 0.010282030620467364
