13 0.814479 0.636318 0.053395 0.017271
15 0.295265 0.635888 0.018885 0.029094
1 0.747184 0.456710 0.080339 0.030118
2 0.339642 0.513347 0.080479 0.188341
0 0.854594 0.489329 0.054383 0.030063
0 0.837928 0.666182 0.102313 0.027761
0 0.837957 0.703604 0.102098 0.025906
2 0.251690 0.317522 0.108030 0.027514
0 0.387073 0.662990 0.117172 0.052576
2 0.622169 0.317461 0.109151 0.024247
2 0.604682 0.364692 0.058881 0.025761
2 0.685383 0.741184 0.085286 0.027718
2 0.600221 0.694810 0.067736 0.023345
3 0.085731 0.367749 0.080343 0.028251
0 0.493636 0.523631 0.055826 0.028518
3 0.735690 0.564592 0.054386 0.027451
7 0.520050 0.739451 0.099567 0.020212
12 0.291849 0.339441 0.119309 0.020655
