16 0.291027 0.600342 0.041229 0.08951
2 0.51253 0.660205 0.021827 0.106613
6 0.586095 0.764538 0.038804 0.014253
0 0.574778 0.687571 0.026677 0.028506
15 0.765562 0.141391 0.038804 0.024515
1 0.554568 0.216078 0.023444 0.030217
0 0.585287 0.195553 0.054163 0.015393
0 0.591754 0.171608 0.063864 0.015393
0 0.599838 0.146522 0.038804 0.014253
0 0.644301 0.123147 0.038804 0.014253
2 0.872272 0.278221 0.032336 0.09065
2 0.798707 0.299316 0.021019 0.050171
2 0.803557 0.262258 0.022635 0.021095
2 0.834276 0.255416 0.021019 0.042759
15 0.767987 0.285063 0.028294 0.020525
15 0.679871 0.281072 0.027486 0.023945
2 0.607114 0.257127 0.025061 0.04618
2 0.576395 0.250855 0.022635 0.029647
2 0.535166 0.275371 0.025061 0.041619
2 0.511722 0.257697 0.023444 0.047891
2 0.412288 0.22862 0.021827 0.041619
2 0.386419 0.241163 0.021019 0.057013
1 0.337106 0.214937 0.02021 0.032497
3 0.430073 0.285063 0.025869 0.022805
3 0.458367 0.290194 0.028294 0.019954
0 0.472918 0.416192 0.039612 0.014823
0 0.528698 0.394527 0.072757 0.015964
0 0.58367 0.36374 0.037187 0.014253
1 0.613581 0.339795 0.02021 0.029647