0 0.4815034260378879 0.44412200684150516 0.024631197097944375 0.00991448118586089
2 0.3469528415961306 0.6944925883694414 0.14697299476017733 0.014007981755986318
8 0.2302216848045143 0.6086716077537058 0.04376864167674325 0.012685290763968073
11 0.38323256751309953 0.4871835803876853 0.015401047964530432 0.04745724059293044
10 0.4539298669891173 0.6952166476624858 0.04393389762192664 0.015153933865450398
2 0.3644095122934301 0.6299144811858608 0.11185006045949214 0.010296465222348916
2 0.5870213623538896 0.6646864310148232 0.060322450624748086 0.011932725199543899
2 0.5974929463925837 0.6181242873432156 0.04367190648931882 0.011556442417331813
2 0.4423095525997581 0.6307354618015963 0.042652156388553 0.00879133409350057
2 0.6700322450624747 0.4739623717217788 0.04590084643288996 0.010438996579247434
2 0.3215397017331721 0.6193557582668187 0.04066505441354293 0.008454960091220069
2 0.35369609028617494 0.6657297605473205 0.13583635630794033 0.010450399087799316
0 0.3468238613462314 0.45646522234891673 0.024574768238613463 0.011214367160775372
2 0.8181176944780331 0.29011972633979477 0.0458645707376058 0.01194412770809578
2 0.4874687625957276 0.6636887115165335 0.1285328496573962 0.011818700114025086
2 0.7100362756952842 0.4888597491448119 0.05802498992341798 0.01056442417331813
0 0.7395888754534462 0.5262827822120867 0.02415558242644095 0.01991448118586089
0 0.3002781136638452 0.40187001140250855 0.030999596936719064 0.011163055872291903
0 0.7138774687625957 0.5663854047890536 0.027952438532849656 0.019064994298745724
2 0.6685247883917774 0.5916020524515394 0.03181781539701733 0.010376282782212086
15 0.43632406287787184 0.47956100342075253 0.0167956469165659 0.01935005701254276
15 0.5850665054413543 0.47996579247434434 0.017222893994357114 0.017223489167616877
0 0.768863361547763 0.5639737742303307 0.04645707376058041 0.015085518814139111
2 0.595844417573559 0.633751425313569 0.03900040306328094 0.011071835803876854
2 0.7921402660217653 0.5112257696693273 0.028980249899234183 0.052622576966932726
0 0.44420798065296246 0.4040820980615735 0.029189842805320436 0.021020524515393386
8 0.7238170092704554 0.5865507411630558 0.04486900443369609 0.014104903078677308
2 0.6268480451430875 0.642502850627138 0.038029020556227325 0.010096921322690992
2 0.8561064087061668 0.45964082098061576 0.05234985892785167 0.02957810718358039
3 0.582261185006046 0.5869555302166477 0.02392180572349859 0.015228050171037628
15 0.6516888351471181 0.6305074116305588 0.01380894800483676 0.019481185860889396
2 0.6342563482466747 0.6636202964652224 0.03244256348246675 0.012770809578107183
2 0.30058041112454653 0.6470581527936147 0.03879887142281339 0.013215507411630559
2 0.483422007255139 0.7248175598631699 0.4209673518742443 0.008922462941847207
13 0.22744860943168074 0.5861459521094641 0.04812575574365176 0.012063854047890536
2 0.25255945183393796 0.5516761687571266 0.06528415961305925 0.00974914481185861
3 0.3953446191051995 0.5702280501710376 0.02252720677146312 0.01290193842645382
3 0.39874244256348246 0.5835860889395668 0.02297863764611044 0.010792474344355757
15 0.40106005642885934 0.486824401368301 0.014796453043127772 0.020575826681870014
0 0.31502216848045145 0.46384264538198405 0.020842402257154374 0.015222348916761688
0 0.31169286577992744 0.42531927023945265 0.022934300685207576 0.02372862029646522
0 0.38756146715034256 0.4125826681870011 0.02916565900846433 0.02122006841505131
8 0.39610640870616687 0.4308836944127708 0.04245868601370415 0.012890535917901938
0 0.5815316404675533 0.40374572405929304 0.028923821039903267 0.02202964652223489
8 0.586658605401048 0.42259407069555305 0.041995163240628776 0.012862029646522234
0 0.5907496977025394 0.4388654503990878 0.024095122934300685 0.012987457240592932
11 0.8329826682789199 0.323945267958951 0.02997984683595324 0.03329532497149373
0 0.1333696090286175 0.6170809578107183 0.01901652559451834 0.00911060433295325
13 0.14122531237404273 0.6258266818700114 0.03346231358323257 0.007833523375142532
