7 0.8231294117647059 0.1675924802910855 0.11642745098039216 0.025657974530018193
15 0.8220627450980393 0.2247058823529412 0.03244705882352941 0.03862340812613705
15 0.7523372549019608 0.2804730139478472 0.03137254901960784 0.03919345057610673
1 0.7081411764705883 0.6878229229836265 0.07044313725490196 0.03548817465130382
15 0.8929803921568628 0.2817889630078836 0.02511372549019608 0.04112795633717404
11 0.869356862745098 0.3181200727713766 0.02352156862745098 0.09136446331109763
15 0.7498039215686274 0.6240388114008489 0.03188235294117647 0.04122498483929655
15 0.8378196078431372 0.3325773195876288 0.03132156862745098 0.04174044875682231
2 0.8157176470588235 0.26882959369314735 0.07250980392156862 0.02962401455427532
4 0.8900235294117647 0.5018435415403274 0.11757254901960784 0.02539114614918132
2 0.749521568627451 0.2311764705882353 0.11154509803921568 0.03460278956943602
