3 0.5859568627450981 0.36021224984839295 0.03615294117647059 0.03525773195876289
2 0.8326549019607843 0.5972953305033354 0.06647058823529411 0.018593086719223773
15 0.14048627450980392 0.6070770163735597 0.02427843137254902 0.03135233474833232
0 0.1686235294117647 0.2327228623408126 0.059094117647058825 0.02742268041237113
15 0.8197098039215687 0.6261249241964827 0.021368627450980393 0.02614918132201334
5 0.16817254901960782 0.26220133414190416 0.052533333333333335 0.022777440873256522
2 0.7331176470588235 0.22118253486961797 0.060627450980392156 0.017077016373559732
2 0.8097098039215687 0.2204851425106125 0.09145098039215686 0.015864160097028502
0 0.9230666666666667 0.13469981807155854 0.06830980392156863 0.01597938144329897
0 0.273121568627451 0.6355184960582171 0.07237647058823529 0.035100060642813825
5 0.2531450980392157 0.6625894481503941 0.05236470588235294 0.021412977562158885
3 0.5025843137254902 0.23771983020012127 0.036407843137254904 0.023195876288659795
13 0.7515882352941177 0.15785930867192238 0.05198823529411765 0.019733171619163128
0 0.7670627450980392 0.13677380230442693 0.0708156862745098 0.021103699211643418
2 0.9204039215686275 0.4449423893268648 0.035094117647058824 0.04782292298362644
2 0.8424078431372548 0.45374166161309887 0.07876078431372549 0.021170406306852636
2 0.8670470588235293 0.6473135233474834 0.04269411764705883 0.0684232868405094
