2 0.8953176470588236 0.5124802910855064 0.06053725490196079 0.2625651910248636
15 0.2752392156862745 0.7544875682231656 0.029568627450980395 0.043529411764705886
0 0.18217254901960786 0.4553668890236507 0.022145098039215685 0.03913887204366283
2 0.3632235294117647 0.7605821710127351 0.13035686274509806 0.038447543966040026
0 0.48518823529411764 0.5059308671922377 0.07048627450980392 0.042953305033353546
1 0.11882745098039216 0.19409945421467556 0.09117254901960785 0.043298969072164954
0 0.06516470588235293 0.4280897513644633 0.023176470588235295 0.04486355366889024
0 0.10791764705882353 0.4389084293511219 0.021058823529411765 0.04377198302001213
15 0.13905882352941176 0.3942207398423287 0.02739607843137255 0.043947847180109155
15 0.08335686274509804 0.3328259551243178 0.03807450980392157 0.04244390539721043
15 0.2527450980392157 0.6504002425712553 0.030356862745098037 0.04483929654335961
2 0.2948 0.7218192844147968 0.15513725490196079 0.01859915100060643
2 0.7725647058823529 0.7198483929654336 0.23844313725490196 0.04271073377804731
15 0.26024313725490195 0.3617889630078836 0.028023529411764704 0.03991510006064281
2 0.4171529411764706 0.6918496058217101 0.15213725490196078 0.04037598544572468
3 0.4750980392156863 0.3670042449969679 0.04708235294117647 0.04277137659187386
6 0.2072705882352941 0.5606488781079442 0.09594509803921568 0.030824742268041237
