2 0.343597 0.072788 0.104766 0.018550
2 0.239866 0.137675 0.106722 0.022119
3 0.322685 0.584742 0.017537 0.022651
7 0.159863 0.146237 0.056568 0.015729
14 0.156656 0.159654 0.049629 0.015181
0 0.259946 0.384170 0.012218 0.050274
0 0.261303 0.430032 0.010587 0.030701
5 0.187007 0.641777 0.055314 0.015318
5 0.444036 0.077421 0.053683 0.015117
3 0.408489 0.205995 0.024356 0.026833
0 0.424957 0.449649 0.010371 0.068759
1 0.356830 0.438509 0.068073 0.020790
1 0.456719 0.149529 0.046357 0.014432
2 0.316722 0.104468 0.077469 0.019766
2 0.417868 0.113687 0.088153 0.029533
0 0.740707 0.374359 0.022064 0.034907
0 0.734202 0.365834 0.015462 0.026382
0 0.500405 0.430673 0.011505 0.028517
0 0.500499 0.386966 0.010941 0.041845
0 0.472779 0.430677 0.010941 0.031716
0 0.472779 0.386164 0.009800 0.039178
0 0.235245 0.446777 0.011471 0.075068
3 0.328623 0.574484 0.016220 0.019718
0 0.234775 0.360342 0.010941 0.081555
0 0.424695 0.368042 0.010941 0.082885
15 0.205117 0.137039 0.014145 0.021652
15 0.458552 0.191060 0.015063 0.020540
15 0.226263 0.631080 0.015388 0.021902
15 0.410391 0.489533 0.013746 0.021096
