15 0.087957 0.208742 0.031271 0.042213
15 0.200759 0.267116 0.024129 0.039715
3 0.225918 0.526622 0.056086 0.042220
2 0.134484 0.697280 0.087894 0.017908
2 0.114012 0.663696 0.046533 0.020455
15 0.103349 0.607611 0.031537 0.041043
2 0.374067 0.169782 0.052118 0.060788
5 0.270588 0.299848 0.127067 0.029933
7 0.212490 0.103814 0.134761 0.031086
10 0.199157 0.062453 0.128016 0.029745
0 0.200578 0.388005 0.021345 0.025713
0 0.073614 0.388999 0.021839 0.023408
0 0.052998 0.334178 0.023941 0.028187
0 0.370416 0.251719 0.020267 0.023026
15 0.092625 0.339218 0.027714 0.040934
15 0.209222 0.585652 0.029298 0.040509
15 0.220939 0.632956 0.032059 0.042371
15 0.529406 0.214445 0.024271 0.043311
1 0.247410 0.207359 0.084278 0.045136
