15 0.24305017103762827 0.11668552950687147 0.019019384264538197 0.020832659660468877
15 0.06914481185860889 0.4071382376717866 0.019749144811858608 0.021042845594179467
2 0.8233181299885974 0.41537590945836705 0.12805587229190424 0.02063055780113177
2 0.8202622576966933 0.3863702506063056 0.12313568985176739 0.013928860145513339
15 0.7514994298745725 0.3983831851253032 0.01900798175598632 0.022813257881972512
15 0.8991847206385405 0.15863379143088116 0.017936145952109465 0.021762328213419564
2 0.8976510832383124 0.3892724333063864 0.024224629418472064 0.01631366208569119
0 0.9047890535917902 0.26658852061438965 0.01161915621436716 0.028286176232821345
0 0.16894526795895096 0.2516895715440582 0.015216647662485748 0.06607922392886015
7 0.06789053591790194 0.6560226354082458 0.031180159635119727 0.013791430881164106
2 0.32636830102622577 0.3702991107518189 0.12741733181299886 0.023508488278092158
2 0.3988141391106043 0.36008892481810834 0.029264538198403647 0.01465642683912692
15 0.777884834663626 0.3534357316087308 0.019139110604332953 0.02016976556184317
15 0.8758152793614595 0.18312045270816493 0.020342075256556444 0.021188358932902183
15 0.25157924743443555 0.31037995149555375 0.01602052451539339 0.020832659660468877
15 0.08423033067274802 0.6385852869846402 0.01700684150513113 0.018876313662085694
15 0.08169897377423034 0.5956184316895715 0.016431014823261116 0.019830234438156832
0 0.21920182440136832 0.23185933710590137 0.01412200684150513 0.07023443815683104
15 0.20901368301026227 0.6437590945836702 0.016579247434435576 0.0222554567502021
7 0.7342531356898518 0.41738884397736453 0.03752565564424173 0.015731608730800324
10 0.33955530216647667 0.3709296685529507 0.022559863169897377 0.014502829426030721
7 0.23918472063854046 0.3713257881972514 0.03009692132269099 0.013063864187550525
15 0.25318129988597493 0.35279708973322554 0.019424173318129987 0.022983023443815684
2 0.22026795895096923 0.4048827809215845 0.0419612314709236 0.016410670978173
11 0.16805587229190422 0.4073160873080032 0.01880273660205245 0.06713823767178657
8 0.21959521094640821 0.2876717865804366 0.010615735461801596 0.04416329830234438
0 0.10230900798175598 0.23275666936135814 0.013768529076396807 0.07257881972514148
8 0.04840364880273661 0.5724898949070331 0.00992588369441277 0.04408245755860954
10 0.16891676168757125 0.6558771220695231 0.0226054732041049 0.014203718674211803
3 0.5937514253135691 0.07776879547291836 0.018979475484606614 0.023063864187550527
2 0.6137742303306727 0.11536782538399354 0.05307867730900798 0.01652384801940178
15 0.7396522234891676 0.1440016168148747 0.01695553021664766 0.026200485044462405
15 0.8795381984036488 0.1402101859337106 0.01855188141391106 0.023734842360549718
7 0.8600798175598632 0.21343573160873078 0.02791904218928164 0.014858528698464026
10 0.8358836944127709 0.4157720291026677 0.021812998859749144 0.013185125303152788
8 0.7156727480045609 0.31654001616814875 0.01025655644241733 0.04299919159256265
0 0.7138825541619157 0.26078415521422793 0.014287343215507411 0.07085691188358934
15 0.38480615735461804 0.11406628940986256 0.023261117445838083 0.03859337105901375
