0 0.1806392156862745 0.36090357792601574 0.0730156862745098 0.032789569436021834
0 0.7341215686274509 0.3311522134627047 0.11972549019607844 0.037331716191631295
0 0.6066196078431373 0.37059429957550033 0.1132470588235294 0.03084899939357186
15 0.1465607843137255 0.42278350515463914 0.028145098039215683 0.030115221346270465
15 0.2919058823529412 0.38093389933292904 0.03236470588235294 0.03303214069132808
2 0.38791764705882353 0.6302607640994542 0.29004705882352944 0.029563371740448756
15 0.3059019607843137 0.4156701030927835 0.031200000000000002 0.030570042449969678
10 0.17776470588235294 0.5964705882352942 0.0592 0.023596118859915097
11 0.580156862745098 0.4356701030927835 0.021066666666666668 0.07338993329290479
15 0.667607843137255 0.27177683444511824 0.02810980392156863 0.03500303214069133
15 0.42598431372549017 0.41383869011522134 0.032631372549019606 0.03508186779866586
2 0.5362313725490196 0.5626743480897514 0.04436862745098039 0.01580351728320194
15 0.23640000000000003 0.474990903577926 0.026380392156862744 0.031419041843541544
0 0.09053725490196078 0.3618799272286234 0.06907450980392156 0.034329896907216495
15 0.5449450980392156 0.6192359005457854 0.02704705882352941 0.03379624014554275
15 0.5131176470588236 0.41525773195876287 0.02633725490196078 0.029454214675560947
2 0.28873333333333334 0.23351121892055793 0.07348627450980391 0.01770163735597332
2 0.19409019607843137 0.5645603395997575 0.11617254901960784 0.037531837477258946
15 0.2258941176470588 0.39869617950272895 0.03268627450980392 0.031643420254699815
2 0.2116235294117647 0.5159915100060642 0.09970588235294117 0.027671315949060037
15 0.275321568627451 0.5357792601576713 0.02488235294117647 0.03568223165554882
2 0.0954 0.4533353547604609 0.04996078431372549 0.07609460278956943
15 0.4885098039215686 0.5383141297756215 0.025258823529411764 0.04212249848392965
15 0.1586392156862745 0.4684778653729533 0.029207843137254903 0.035069739235900545
15 0.6073686274509804 0.5113462704669497 0.03377647058823529 0.032813826561552455
2 0.5167411764705883 0.5921103699211643 0.06808627450980392 0.014390539721043056
5 0.737521568627451 0.3702546998180715 0.06955686274509804 0.022407519708914494
1 0.3210941176470588 0.3410976349302608 0.047360784313725486 0.02232261976955731
15 0.23098823529411763 0.6066464523953912 0.027054901960784312 0.03282595512431777
0 0.38926666666666665 0.3398302001212856 0.0420235294117647 0.025160703456640388
2 0.27136470588235295 0.27045482110369923 0.04677254901960784 0.014105518496058218
3 0.5720549019607843 0.5289084293511219 0.021572549019607843 0.023201940570042448
3 0.4630392156862745 0.4073438447543966 0.02918823529411765 0.02850212249848393
1 0.5710745098039216 0.3185809581564585 0.03494509803921569 0.02261976955730746
5 0.21326274509803925 0.6512007277137659 0.05689803921568628 0.023529411764705882
3 0.29819999999999997 0.4834384475439661 0.024529411764705883 0.02600970285021225
3 0.35909411764705884 0.4020194057004245 0.03227058823529412 0.019363250454821103
