2 0.7360096735187425 0.15931584948688712 0.283937928254736 0.023318129988597492
10 0.732019347037485 0.1788369441277081 0.043667875856509476 0.021841505131128848
11 0.21475614671503424 0.4376567844925884 0.05273276904474003 0.03577537058152794
15 0.887118097541314 0.2634036488027366 0.02682789197904071 0.032998859749144814
16 0.9427247077791213 0.7342132269099202 0.07323256751309956 0.046733181299885976
2 0.7301854091092301 0.5260148232611175 0.09794034663442161 0.01985746864310148
2 0.8273518742442563 0.5264253135689851 0.09632003224506247 0.020393386545039912
15 0.6375050382910117 0.25492588369441277 0.03097138250705361 0.03301596351197263
15 0.5786981056025796 0.3021835803876853 0.02449415558242644 0.03286202964652223
2 0.34074163643692057 0.44322690992018243 0.06538895606610237 0.028232611174458383
2 0.6045102781136639 0.18800456100342075 0.036956872228939945 0.019344355758266818
2 0.32943571140669087 0.2566476624857469 0.04901652559451834 0.01717217787913341
2 0.8762031438935913 0.18733751425313566 0.0526199113260782 0.020034207525655646
11 0.836509471987102 0.2087856328392246 0.02320838371624345 0.06161915621436716
0 0.5517452640064491 0.36149942987457245 0.01644901249496171 0.05298175598631699
1 0.8589762192664248 0.4337799315849487 0.054631197097944374 0.018095781071835803
2 0.8005401047964531 0.2801368301026226 0.03418782748891576 0.018511972633979475
5 0.9411809754131399 0.16716647662485745 0.05800483675937122 0.020929304446978336
2 0.845707376058041 0.28078107183580386 0.056424828698105604 0.01636830102622577
9 0.38786376461104394 0.29417901938426455 0.017468762595727532 0.055803876852907636
15 0.3450100765820234 0.3567502850627138 0.02508665860540105 0.02933865450399088
15 0.3672511084240226 0.3571550741163056 0.019560661023780734 0.02644811858608894
0 0.5310600564288593 0.35733181299885974 0.01513099556630391 0.02555872291904219
0 0.7223216444981861 0.3551140250855188 0.015340588472390166 0.02627708095781072
1 0.6048085449415558 0.434327251995439 0.05794437726723095 0.020359179019384267
0 0.8962837565497782 0.35737172177879134 0.012224909310761789 0.05735461801596351
8 0.9095566303909715 0.35685860889395665 0.015743651753325275 0.07473774230330672
