0 0.757750 0.560185 0.068758 0.023987
0 0.640702 0.415625 0.115290 0.034113
0 0.749101 0.373137 0.084379 0.024210
0 0.761298 0.339740 0.087387 0.026098
0 0.272782 0.200063 0.016952 0.065739
0 0.764907 0.276418 0.085718 0.023982
0 0.739323 0.309295 0.111984 0.024797
1 0.320569 0.205844 0.018750 0.039789
11 0.869085 0.603714 0.086653 0.026651
15 0.815903 0.408662 0.028258 0.022208
15 0.860702 0.451323 0.029306 0.019989
2 0.898363 0.717972 0.035806 0.113982
2 0.658690 0.900762 0.031395 0.032647
2 0.578379 0.682886 0.037274 0.470987
2 0.599915 0.521942 0.034508 0.145528
2 0.658560 0.486760 0.033911 0.077068
2 0.658960 0.553728 0.030306 0.038865
2 0.958222 0.570376 0.034831 0.242179
2 0.906411 0.478808 0.030613 0.059224
0 0.645484 0.814487 0.091177 0.028517
0 0.647069 0.936361 0.088540 0.027188
0 0.636742 0.973078 0.106435 0.025984
2 0.892081 0.423648 0.030145 0.061569
2 0.877714 0.087975 0.042073 0.075733
2 0.716310 0.221574 0.176782 0.032938
0 0.637008 0.623796 0.107758 0.027182
