16 0.9174596774193549 0.6316942384483741 0.05655241935483871 0.03186537364517969
2 0.22688709677419353 0.05204791785510553 0.03945161290322581 0.0162749572162008
15 0.8491612903225807 0.4910553337136338 0.02645967741935484 0.03187678265830006
0 0.7308951612903225 0.34587564175698804 0.016294354838709675 0.06249286936679977
2 0.8254274193548387 0.3709526525955505 0.04046370967741935 0.012692527096406161
2 0.7886209677419355 0.28079863091842555 0.05544758064516129 0.013759269823160298
15 0.1611209677419355 0.5763605248146035 0.025826612903225805 0.032686822589845975
0 0.16668951612903224 0.3468168853394182 0.016233870967741936 0.046953793496862524
0 0.07198790322580645 0.3482430119794638 0.013201612903225808 0.04841985168282943
2 0.2178185483870968 0.6042498573873359 0.03555241935483871 0.015504848830576155
11 0.2607379032258064 0.18014261266400458 0.030600806451612905 0.08342840844266972
0 0.912883064516129 0.34853964632059325 0.012249999999999999 0.050530519110096976
2 0.7905927419354839 0.3151968054763263 0.035064516129032254 0.011665715915573303
11 0.13490322580645162 0.5482201939532231 0.02142741935483871 0.03252139189960068
2 0.2317782258064516 0.6262977752424416 0.045040322580645165 0.01919566457501426
3 0.5112661290322581 0.5394751853964632 0.024125 0.030519110096976613
2 0.7948508064516129 0.2415972618368511 0.05852016129032258 0.01371933827723902
2 0.22188709677419355 0.10144894466628637 0.03108467741935484 0.01396463205932687
2 0.2129274193548387 0.5766286366229322 0.03774193548387097 0.013884768967484312
3 0.25420967741935485 0.4910781517398745 0.015193548387096774 0.01793496862521392
11 0.4603629032258065 0.08724472333143184 0.06785483870967741 0.03435253850541928
3 0.2559959677419355 0.5284940102681118 0.016870967741935486 0.015282373074729036
2 0.22533064516129034 0.07384483742156303 0.036346774193548384 0.016771249286936678
0 0.44312903225806455 0.22940102681118082 0.018693548387096776 0.023342840844266972
0 0.42382661290322576 0.4269138619509412 0.02332258064516129 0.029572162007986312
11 0.526133064516129 0.08755847119224187 0.06635483870967741 0.031294922989161436
3 0.2039475806451613 0.48991443240159727 0.013133064516129032 0.016195094124358243
2 0.8151895161290322 0.09876212207644039 0.030991935483870966 0.01526525955504849
2 0.5552096774193549 0.45931545921277805 0.01963306451612903 0.22761551625784368
3 0.2007782258064516 0.525750142612664 0.015088709677419355 0.020610382201939535
11 0.771116935483871 0.18043924700513406 0.02624193548387097 0.06404449515116942
8 0.8698387096774193 0.3800456360524815 0.01244758064516129 0.07103822019395323
