0 0.650566 0.295209 0.009068 0.040283
2 0.244819 0.585271 0.072483 0.033531
2 0.313962 0.585008 0.071850 0.031408
3 0.344283 0.109112 0.019106 0.037418
3 0.427586 0.228428 0.026725 0.024520
3 0.175039 0.185711 0.025271 0.028871
3 0.250491 0.316590 0.013584 0.030427
3 0.227090 0.404593 0.015733 0.038644
3 0.338297 0.441992 0.014217 0.046269
3 0.704764 0.412594 0.019744 0.029150
3 0.688078 0.278549 0.022641 0.022950
3 0.708390 0.234851 0.023124 0.024253
3 0.770586 0.124415 0.021609 0.026374
1 0.787200 0.245224 0.033117 0.015890
0 0.409158 0.367763 0.013853 0.058432
2 0.264037 0.552355 0.036271 0.022175
2 0.296050 0.551689 0.034695 0.022173
2 0.324306 0.630638 0.090457 0.022086
2 0.235741 0.630904 0.091971 0.019957
2 0.388360 0.315597 0.015004 0.043270
2 0.164795 0.271498 0.018924 0.051888
2 0.166744 0.328706 0.016843 0.071046
2 0.117423 0.387338 0.020343 0.190686
2 0.118576 0.223654 0.017985 0.141159
2 0.279916 0.093202 0.025626 0.019773
0 0.621260 0.294562 0.011696 0.038990
0 0.598748 0.295024 0.019318 0.038066
8 0.855205 0.203526 0.048729 0.022485
2 0.713247 0.505966 0.053934 0.021730
2 0.771848 0.506122 0.038006 0.018405
2 0.722976 0.453680 0.061188 0.021730
2 0.702649 0.322941 0.032486 0.022173
2 0.705918 0.154219 0.038330 0.019095
7 0.642641 0.475208 0.042711 0.022728
12 0.440267 0.335554 0.045543 0.022025
0 0.812408 0.295157 0.021289 0.040579
2 0.143306 0.263869 0.020165 0.067438
2 0.144637 0.362238 0.024478 0.140490
