15 0.2036392156862745 0.37062462098241356 0.03287843137254902 0.04662219526986052
15 0.1272 0.3685748938750758 0.03209411764705882 0.0442874469375379
15 0.2592627450980392 0.16118859915100062 0.02956470588235294 0.04163129169193451
5 0.24706274509803922 0.6231291691934505 0.0753529411764706 0.025087932080048513
15 0.2298549019607843 0.6719163129169193 0.03289803921568627 0.03944815039417829
2 0.16340392156862746 0.14833838690115222 0.05267450980392156 0.019290479078229228
1 0.09043529411764706 0.667901758641601 0.04449411764705882 0.01770163735597332
1 0.3100117647058823 0.06895087932080049 0.05029803921568627 0.02058823529411765
0 0.283321568627451 0.29266221952698607 0.02934117647058823 0.03184960582171013
0 0.24364313725490194 0.5976349302607641 0.02655686274509804 0.022304426925409338
