15 0.23646522234891676 0.15391176470588236 0.03599771949828962 0.04991176470588235
15 0.09885404789053591 0.18428676470588234 0.03968072976054732 0.04408823529411765
15 0.1895667046750285 0.15475 0.035752565564424174 0.043875000000000004
0 0.5581812998859749 0.2923382352941176 0.05860889395667047 0.21870588235294117
0 0.09327822120866591 0.3658676470588235 0.03776510832383124 0.21209558823529412
0 0.13648802736602053 0.36325735294117645 0.0357981755986317 0.20972058823529413
15 0.16864880273660204 0.4946764705882353 0.03628278221208666 0.04063235294117647
3 0.34659064994298744 0.13049264705882352 0.10611744583808437 0.07541911764705882
15 0.39851767388825543 0.20626470588235293 0.03564994298745724 0.04171323529411765
2 0.15711516533637399 0.10277941176470588 0.18753705815279362 0.035823529411764705
2 0.40207525655644244 0.2780735294117647 0.20725769669327251 0.034926470588235295
2 0.40931584948688715 0.32803676470588233 0.20946978335233754 0.035095588235294115
