15 0.7095843137254902 0.09641961231470923 0.034352941176470586 0.027360319270239453
15 0.5034352941176471 0.1695096921322691 0.043301960784313726 0.032445838084378564
2 0.7308 0.2847890535917902 0.020768627450980393 0.2222576966932725
2 0.2949647058823529 0.18451539338654505 0.030980392156862744 0.10074686431014823
2 0.38430588235294116 0.7090763968072976 0.030768627450980388 0.12724629418472064
15 0.8009411764705883 0.12022234891676169 0.03570196078431373 0.02571265678449259
1 0.3831058823529412 0.5691505131128848 0.035647058823529414 0.06642531356898518
15 0.7039607843137254 0.5440478905359178 0.033341176470588235 0.029213226909920183
0 0.5473333333333333 0.5869669327251995 0.08036078431372548 0.021915621436716076
5 0.3015529411764706 0.6150285062713797 0.03941960784313726 0.06945838084378564
15 0.43134901960784316 0.20482326111744584 0.03626666666666667 0.030039908779931585
15 0.497278431372549 0.5788825541619156 0.02887843137254902 0.027137970353477765
0 0.5346980392156863 0.45102052451539343 0.04296470588235294 0.01868871151653364
2 0.8059058823529411 0.15282212086659067 0.03887843137254902 0.03767388825541619
2 0.39159215686274507 0.4380045610034207 0.023066666666666666 0.17234321550741163
0 0.5340235294117647 0.05472063854047891 0.06650196078431372 0.02224629418472064
0 0.5591450980392156 0.26653933865450397 0.10074509803921568 0.027377423033067276
11 0.7307607843137255 0.14963511972633978 0.040392156862745096 0.03250855188141391
0 0.6069098039215686 0.12218358038768529 0.043388235294117644 0.018836944127708095
15 0.5040078431372549 0.48197833523375144 0.034572549019607844 0.03536488027366021
0 0.6132156862745098 0.07533067274800456 0.09588235294117647 0.01926453819840365
1 0.38976470588235296 0.10659635119726339 0.025058823529411765 0.04400228050171038
5 0.30827450980392157 0.07691562143671607 0.038337254901960785 0.06601482326111745
2 0.3420549019607843 0.16797605473204105 0.024015686274509805 0.06616875712656785
15 0.3735686274509804 0.18746294184720638 0.03614117647058823 0.027058152793614596
2 0.3995529411764706 0.19635119726339795 0.02191372549019608 0.05611744583808438
2 0.33426666666666666 0.23823261117445838 0.032423529411764705 0.0681927023945268
15 0.43945098039215685 0.07131128848346636 0.04006274509803921 0.03356328392246294
2 0.3403294117647059 0.45405359179019383 0.026 0.21017673888255414
5 0.2978823529411765 0.3840992018244014 0.03544313725490196 0.06700114025085518
0 0.633835294117647 0.5842531356898517 0.08909803921568626 0.025267958950969213
2 0.5661882352941177 0.607018244013683 0.10476078431372549 0.017953249714937284
11 0.7123764705882353 0.41529076396807296 0.049843137254901956 0.038420752565564424
2 0.7664235294117647 0.34702964652223495 0.025098039215686273 0.4256328392246294
15 0.5105960784313726 0.11985746864310147 0.03986666666666667 0.022941847206385407
0 0.5262509803921569 0.08463511972633979 0.04427450980392157 0.017400228050171038
0 0.5671843137254902 0.09925883694412771 0.0983764705882353 0.025701254275940708
0 0.6099921568627451 0.20396807297605474 0.07728627450980392 0.02460091220068415
15 0.700243137254902 0.20177879133409352 0.036180392156862744 0.03586088939566705
