2 0.532093 0.119467 0.083307 0.011514
2 0.422611 0.213625 0.062889 0.141227
2 0.598368 0.281531 0.021422 0.055165
1 0.133110 0.308449 0.061182 0.025055
1 0.351676 0.251869 0.065577 0.025761
0 0.151732 0.235267 0.015244 0.014925
2 0.312684 0.309141 0.058506 0.024518
0 0.129383 0.206880 0.016687 0.019455
2 0.281269 0.338325 0.076014 0.025851
2 0.221604 0.362361 0.048924 0.011773
2 0.183728 0.164422 0.029470 0.010733
2 0.227217 0.136002 0.062049 0.012153
2 0.240912 0.106033 0.089239 0.012475
11 0.290373 0.160669 0.054180 0.019188
