0 0.397942 0.182491 0.018515 0.011673
15 0.259619 0.930184 0.017534 0.025540
0 0.397695 0.205445 0.019851 0.012202
0 0.418576 0.204824 0.018884 0.010336
0 0.728590 0.578446 0.013254 0.034488
0 0.759363 0.576518 0.013102 0.030633
0 0.698110 0.578620 0.013791 0.033776
0 0.670977 0.578389 0.014806 0.035164
0 0.212757 0.418737 0.020200 0.010024
0 0.206112 0.384152 0.018006 0.008612
0 0.418726 0.181056 0.019297 0.009640
0 0.431658 0.216392 0.018726 0.009280
0 0.720229 0.148822 0.012652 0.010660
3 0.814260 0.294539 0.042177 0.027600
2 0.521596 0.395318 0.042961 0.018434
2 0.323587 0.221422 0.013079 0.089011
2 0.267577 0.223021 0.014783 0.084215
2 0.328382 0.145599 0.062168 0.019185
2 0.269625 0.145864 0.062551 0.018656
0 0.759585 0.537214 0.015025 0.039371
0 0.728937 0.534777 0.014679 0.043140
0 0.698268 0.535028 0.014432 0.042716
0 0.671102 0.534895 0.014713 0.042981
2 0.203216 0.509462 0.013164 0.089577
2 0.182828 0.603442 0.011319 0.069217
2 0.269982 0.375931 0.061443 0.019320
2 0.328660 0.375265 0.061285 0.018881
0 0.192583 0.418802 0.017084 0.008976
0 0.187061 0.384126 0.016654 0.011107
13 0.197497 0.656813 0.056389 0.012353
2 0.201649 0.599925 0.013164 0.068478
14 0.143829 0.534603 0.048152 0.017121
14 0.145200 0.567115 0.047823 0.016350
7 0.532530 0.731556 0.047933 0.017117
7 0.612414 0.731376 0.048445 0.016323
5 0.768062 0.678952 0.048172 0.016837
11 0.329750 0.535793 0.019269 0.036425
3 0.521976 0.432432 0.036488 0.033760
15 0.619664 0.608883 0.016190 0.024061
15 0.612690 0.564587 0.015357 0.023393
15 0.618046 0.541170 0.014899 0.022879
0 0.411412 0.217054 0.017334 0.010233
2 0.517470 0.591356 0.011583 0.065148
2 0.535307 0.709268 0.068706 0.018877
2 0.602224 0.701495 0.051884 0.029150
0 0.706732 0.149181 0.010776 0.010455
2 0.708578 0.075692 0.005666 0.051012
1 0.765681 0.114128 0.032458 0.012297
3 0.912608 0.109379 0.026454 0.008256
3 0.794985 0.055822 0.014812 0.027382
11 0.806462 0.115168 0.004724 0.010281
1 0.533860 0.665123 0.044508 0.012420
2 0.570325 0.396097 0.059547 0.022206
3 0.729807 0.207382 0.050143 0.021155
2 0.898954 0.218877 0.078099 0.024769
11 0.895037 0.247576 0.012340 0.010795
2 0.517157 0.514427 0.013268 0.070182
2 0.572629 0.360251 0.064286 0.018430
2 0.623325 0.394696 0.042646 0.017766
