2 0.937392 0.719002 0.023819 0.188369
0 0.647600 0.530964 0.056065 0.015325
0 0.647338 0.569963 0.057687 0.017326
2 0.270948 0.268649 0.024642 0.079054
2 0.699309 0.658714 0.022912 0.074624
2 0.655578 0.669427 0.024884 0.051705
16 0.181809 0.323578 0.041073 0.090507
3 0.509784 0.276519 0.034027 0.021100
0 0.672650 0.757454 0.128727 0.026653
2 0.504010 0.074812 0.198469 0.016659
2 0.883561 0.773255 0.028120 0.080741
3 0.756069 0.671038 0.033053 0.020878
15 0.842288 0.504909 0.029950 0.023455
15 0.881552 0.613489 0.037329 0.021425
0 0.663103 0.494695 0.087271 0.015992
2 0.884584 0.678863 0.027388 0.107714
2 0.842829 0.834875 0.024958 0.046864
2 0.841593 0.768871 0.023569 0.074230
2 0.536755 0.728803 0.021431 0.166876
2 0.496568 0.753489 0.023220 0.115063
0 0.618661 0.866368 0.057038 0.016431
0 0.653823 0.893797 0.128661 0.026876
7 0.933007 0.522229 0.028627 0.080696
