0 0.1928470588235294 0.4709581564584597 0.0363843137254902 0.015627653123104913
2 0.3516392156862745 0.4646816252274105 0.06207843137254902 0.0139417828987265
11 0.2632862745098039 0.36590054578532444 0.021631372549019607 0.05435415403274712
2 0.2782588235294117 0.31591873862947245 0.04903921568627451 0.012777440873256518
11 0.37707450980392154 0.3701273499090358 0.024125490196078434 0.06633717404487569
2 0.3570745098039216 0.42930260764099454 0.05626274509803922 0.012728926622195269
0 0.24199607843137255 0.5087446937537902 0.037262745098039216 0.03269860521528199
0 0.40287450980392153 0.49688902365069737 0.03603137254901961 0.029630078835657974
2 0.3137254901960784 0.28936325045482114 0.0630156862745098 0.015324439053972103
3 0.5896823529411765 0.4204730139478472 0.03847843137254902 0.01670103092783505
2 0.349521568627451 0.3226379624014554 0.054533333333333336 0.019993935718617344
13 0.606443137254902 0.333086719223772 0.06896078431372549 0.018417222559126745
12 0.6362313725490196 0.3536931473620376 0.07720392156862746 0.022171012734990905
0 0.6066745098039216 0.3164038811400849 0.04865882352941176 0.01537901758641601
