5 0.3426901960784314 0.6390451652015763 0.06776470588235295 0.016095786602000606
2 0.6936274509803921 0.7277599272506821 0.04506862745098039 0.1457077902394665
7 0.4317490196078432 0.5776356471658078 0.06615490196078432 0.01542891785389512
2 0.8341745098039216 0.015395574416489845 0.0429078431372549 0.013485904819642316
15 0.47692745098039213 0.7909336162473477 0.019172549019607844 0.021336768717793272
2 0.7632450980392157 0.555528948166111 0.04891372549019608 0.04717793270688087
2 0.4391274509803922 0.6862261291300394 0.04089019607843137 0.012549257350712337
12 0.6376392156862745 0.6225583510154593 0.05428235294117647 0.011888451045771445
2 0.5084941176470589 0.6244558957259776 0.03353529411764706 0.021876326159442256
2 0.827056862745098 0.6080418308578357 0.04602745098039216 0.020409214913610186
15 0.38475882352941176 0.6344164898454077 0.014229411764705881 0.023382843285844196
0 0.3778607843137255 0.6771264019399819 0.01796078431372549 0.013595028796605032
2 0.42406470588235295 0.5976508032737193 0.06362156862745098 0.01239163382843286
2 0.42535098039215685 0.7144680206123069 0.04686274509803921 0.02504092149136102
0 0.3618176470588235 0.7727099120945742 0.014645098039215685 0.013658684449833284
1 0.4349921568627451 0.7516520157623522 0.03692745098039216 0.025747196120036373
0 0.4900333333333333 0.7706244316459533 0.015298039215686274 0.012267353743558654
0 0.4780098039215686 0.6779569566535314 0.014627450980392157 0.014561988481357988
5 0.34367254901960786 0.8178842073355562 0.059721568627450976 0.01227341618672325
2 0.8613019607843138 0.6290966959684753 0.0505843137254902 0.01759624128523795
11 0.8051764705882353 0.5825310700212185 0.02963333333333333 0.015916944528645043
