2 0.7267046750285063 0.1913257881972514 0.060969213226909916 0.02165723524656427
11 0.86327251995439 0.4254890864995958 0.05458950969213227 0.0450767987065481
15 0.7150228050171038 0.41717865804365395 0.022109464082098063 0.028957154405820532
15 0.2866419612314709 0.192303961196443 0.02509122006841505 0.033702506063055776
2 0.7196864310148232 0.4491350040420372 0.06367160775370583 0.026176232821341957
15 0.07648802736602052 0.4587227162489895 0.026801596351197263 0.03381568310428456
2 0.5603933865450399 0.23526273241713822 0.07701254275940708 0.023751010509296684
2 0.11942417331812999 0.24333872271624898 0.06713797035347777 0.01776879547291835
15 0.04951539338654504 0.14424413904607922 0.024720638540478904 0.03375909458367017
15 0.0818757126567845 0.590986257073565 0.03405359179019384 0.036224737267582865
2 0.5067844925883694 0.5601940177849637 0.13766248574686432 0.024834276475343572
2 0.09814139110604332 0.11894098625707356 0.058112884834663626 0.020185933710590135
0 0.3362884834663626 0.25822150363783347 0.018329532497149373 0.04139046079223929
2 0.1611345496009122 0.5548827809215845 0.1396750285062714 0.021511721907841553
1 0.12694982896237172 0.41470493128536784 0.04218928164196123 0.018059822150363784
2 0.3349600912200684 0.5582457558609539 0.206921322690992 0.026248989490703315
2 0.33620866590649945 0.6294583670169765 0.4872576966932725 0.029652384801940178
2 0.1042987457240593 0.5196200485044462 0.05683580387685291 0.02109135004042037
0 0.056927023945267954 0.3269199676637025 0.01622576966932725 0.07329021827000808
0 0.602976054732041 0.3258609539207761 0.018740022805017104 0.0676394502829426
15 0.5623147092360319 0.5982619240097009 0.030866590649942988 0.030436540016168148
15 0.6250513112884835 0.4877849636216653 0.02742873432155074 0.030064672594987872
0 0.7600627137970354 0.31853678253839934 0.026436716077537056 0.03735650767987066
2 0.17566134549600912 0.24527890056588522 0.035421892816419616 0.02198868229587712
0 0.03326111744583809 0.3157558609539208 0.013819840364880273 0.057251414713015356
0 0.629897377423033 0.3305982215036378 0.018340935005701255 0.0932336297493937
15 0.6685062713797035 0.32869846402586905 0.025353477765108323 0.03253839935327405
15 0.7073318129988598 0.30806790622473723 0.025267958950969213 0.03395311236863379
2 0.6856841505131129 0.36295877122069525 0.017075256556442417 0.11766370250606306
7 0.5118358038768529 0.2796766370250606 0.053882554161915626 0.018658043654001616
3 0.49917331812998855 0.3989329021827001 0.04644811858608894 0.024858528698464027
8 0.6187001140250855 0.23500404203718672 0.017679589509692135 0.06916734033953112
8 0.6485803876852907 0.22617623282134194 0.018095781071835803 0.07165723524656427
