7 0.8715411764705882 0.2496846573681019 0.11129411764705882 0.02966646452395391
11 0.7507490196078431 0.4122983626440267 0.0947529411764706 0.06007277137659187
8 0.5993921568627452 0.55271679805943 0.10969803921568629 0.026537295330503335
15 0.6960980392156862 0.6462462098241359 0.029788235294117643 0.03702243784111583
15 0.8355372549019607 0.3084596725288053 0.03803921568627451 0.03962401455427532
13 0.8853137254901962 0.4155003032140691 0.0836078431372549 0.021115827774408732
1 0.7464901960784314 0.7291873862947241 0.06912941176470588 0.045209217707701636
0 0.6004313725490196 0.5301940570042449 0.023094117647058824 0.021643420254699817
0 0.6756705882352941 0.5803759854457247 0.026227450980392156 0.02302607640994542
2 0.8245137254901962 0.6270103092783506 0.07538431372549019 0.04771376591873863
0 0.8836392156862746 0.5758459672528806 0.023580392156862747 0.02547604608853851
0 0.9260509803921568 0.580758035172832 0.030219607843137257 0.03379624014554275
2 0.763235294117647 0.44811400848999394 0.08358431372549019 0.014687689508793208
2 0.8213176470588236 0.36134627046694967 0.10918039215686276 0.03836264402668284
2 0.7954549019607844 0.3266221952698605 0.042949019607843135 0.02031534263189812
2 0.7656 0.28810794420861124 0.09927843137254902 0.02180109157064888
