3 0.527151 0.858871 0.023303 0.014435
3 0.474484 0.757121 0.034957 0.026839
3 0.347821 0.840032 0.026446 0.015919
0 0.952752 0.625339 0.033560 0.015194
0 0.952613 0.640077 0.033166 0.014395
0 0.344010 0.403379 0.041791 0.014661
0 0.344244 0.387274 0.042259 0.013548
0 0.075582 0.257129 0.029441 0.033129
0 0.091834 0.482488 0.033149 0.014879
6 0.677122 0.656887 0.038831 0.013774
2 0.302005 0.681113 0.335864 0.035919
0 0.046070 0.300327 0.046378 0.026121
0 0.603089 0.521504 0.033936 0.018395
2 0.691141 0.168286 0.021643 0.099960
2 0.888126 0.735540 0.049315 0.023032
2 0.329432 0.720710 0.390913 0.030952
2 0.753383 0.793121 0.024529 0.115048
2 0.118483 0.265169 0.045066 0.020726
2 0.180784 0.270351 0.077370 0.018040
2 0.484555 0.136569 0.085242 0.026476
3 0.635995 0.841698 0.028751 0.012879
8 0.602578 0.660810 0.056178 0.021589
2 0.418089 0.833226 0.018928 0.063226
