0 0.8089633222188541 0.3801333333333333 0.07224007274931797 0.02327058823529412
12 0.3192573507123371 0.6330549019607843 0.09620491057896333 0.014599999999999998
15 0.49592300697180963 0.4388431372549019 0.02418005456198848 0.023278431372549018
0 0.3225037890269779 0.29168235294117645 0.04474083055471355 0.02848235294117647
12 0.15528038799636254 0.6061843137254902 0.09830554713549561 0.015658823529411763
2 0.66183388905729 0.7390705882352941 0.1682812973628372 0.02174901960784314
0 0.47083661715671415 0.36661176470588236 0.07750530463776902 0.023866666666666668
0 0.9115701727796302 0.3969803921568627 0.07224007274931797 0.02368627450980392
15 0.9166020006062443 0.2963764705882353 0.021357987268869352 0.025729411764705883
2 0.6276235222794787 0.5986509803921568 0.060657775083358595 0.027219607843137254
0 0.37926644437708396 0.36178823529411763 0.04923916338284329 0.024576470588235293
0 0.8586996059411943 0.3590392156862745 0.0475386480751743 0.022513725490196076
2 0.6102819036071536 0.6389686274509804 0.06632615944225523 0.025286274509803922
4 0.8084086086692938 0.3984 0.08282206729311914 0.015141176470588234
15 0.09434374052743255 0.8185999999999999 0.024252803879963626 0.025517647058823527
2 0.3380509245225826 0.8392196078431373 0.07776598969384663 0.02344705882352941
2 0.39631100333434377 0.8157333333333333 0.11214913610184905 0.023380392156862745
15 0.5685632009699909 0.4149254901960784 0.02307668990603213 0.022529411764705885
15 0.6225068202485602 0.22818823529411764 0.019621097302212794 0.024215686274509804
2 0.7005910882085481 0.28281960784313726 0.08912094574113368 0.02329019607843137
0 0.5322279478629888 0.39545882352941175 0.04155198545013641 0.024062745098039216
0 0.42136101849045166 0.42089803921568625 0.046611094270991214 0.02647843137254902
0 0.31798726886935436 0.5178235294117647 0.04741739921188239 0.0234
2 0.18380418308578358 0.8388352941176471 0.09604425583510155 0.024764705882352942
2 0.6059866626250379 0.20085882352941178 0.05636556532282509 0.0212
15 0.5692543194907548 0.6011725490196078 0.021521673234313428 0.028549019607843135
2 0.06677478023643528 0.7018039215686274 0.072606850560776 0.03601960784313725
10 0.6833525310700213 0.6347254901960784 0.08353137314337677 0.015098039215686275
1 0.7988451045771445 0.2949254901960784 0.04872385571385269 0.030843137254901964
15 0.7556774780236435 0.41880784313725494 0.02010912397696272 0.022313725490196078
4 0.9137496210973022 0.4166549019607843 0.08179145195513791 0.014772549019607844
0 0.12930281903607155 0.5670196078431373 0.04069718096392846 0.02119607843137255
15 0.6546195816914216 0.5739882352941177 0.017756896029099727 0.023121568627450982
3 0.5549469536223098 0.2721607843137255 0.03102758411639891 0.020866666666666665
0 0.26740224310397087 0.2131764705882353 0.04899363443467717 0.012890196078431372
7 0.6214307365868444 0.6877568627450981 0.08606244316459534 0.01639607843137255
3 0.22448923916338284 0.7912588235294118 0.05424977265838133 0.02584705882352941
2 0.13889360412246135 0.7188039215686275 0.06962412852379508 0.11786274509803922
3 0.28769627159745376 0.6953411764705882 0.06734464989390725 0.029874509803921572
0 0.42678084267959987 0.7094941176470588 0.08405577447711428 0.02900392156862745
13 0.2923461655046984 0.5871686274509804 0.050745680509245224 0.014537254901960785
1 0.7895240982115792 0.33703921568627454 0.050509245225826005 0.01651764705882353
1 0.702179448317672 0.5108588235294118 0.03929978781448924 0.025058823529411765
3 0.708645043952713 0.4842549019607843 0.033755683540466805 0.025647058823529415
2 0.6734040618369203 0.5499725490196079 0.06095180357684147 0.02472941176470588
15 0.45411943013034256 0.757207843137255 0.021724765080327373 0.03029019607843137
