16 0.9029637096774193 0.616594409583571 0.05270967741935484 0.030325156873930403
2 0.27170967741935487 0.44358243011979465 0.08547983870967742 0.014746149458071877
2 0.24921774193548385 0.755345122646891 0.04009677419354839 0.014780376497432973
11 0.2262217741935484 0.8912378779235596 0.018048387096774192 0.04540216771249287
2 0.2754758064516129 0.8492298916143753 0.04315725806451613 0.01526525955504849
7 0.3735766129032258 0.5265601825442099 0.055979838709677425 0.020593268682258987
0 0.1287459677419355 0.4770507701083856 0.014862903225806452 0.03643468339988591
2 0.24232661290322582 0.38318881916714204 0.0295 0.014038790644609242
0 0.4141290322580645 0.47650313747860806 0.010943548387096774 0.03300057045065602
15 0.2989637096774193 0.3243354249857387 0.02160483870967742 0.02940102681118083
0 0.1623508064516129 0.4783571021106674 0.013379032258064517 0.04604107244723331
3 0.25433064516129034 0.6998687963491157 0.019383064516129034 0.019155733029092983
0 0.45041935483870965 0.47705647461494577 0.01219758064516129 0.03353108956075299
3 0.28831854838709675 0.6925670279520821 0.017907258064516127 0.025778665145464917
2 0.2859435483870968 0.7545693097547063 0.017491935483870968 0.013525385054192813
2 0.28635887096774193 0.7831431831146606 0.01831451612903226 0.018197375926982316
