2 0.16858064516129032 0.39908157444381065 0.055778225806451615 0.020598973188819168
2 0.42366129032258065 0.5641186537364518 0.04566935483870968 0.014757558471192242
1 0.43858870967741936 0.3046320593268682 0.049467741935483873 0.015607529948659441
7 0.4901209677419355 0.5825156873930405 0.055749999999999994 0.021557330290929835
3 0.3901693548387097 0.3031032515687393 0.023088709677419356 0.03430119794637764
0 0.10022177419354839 0.38247575584711924 0.017237903225806452 0.07206503137478608
2 0.16336290322580643 0.1996805476326298 0.04531854838709677 0.01492869366799772
1 0.14466129032258065 0.30687963491158016 0.0413991935483871 0.017090701654306904
8 0.07754435483870968 0.3821334854535083 0.012741935483870969 0.06826012549914433
0 0.05978629032258065 0.38542498573873357 0.01884677419354839 0.09152310325156873
2 0.46061693548387095 0.38168853394181407 0.014350806451612904 0.05831146605818597
2 0.2923467741935484 0.593593839132915 0.2796693548387097 0.01563034797490017
10 0.2924677419354839 0.6107986309184256 0.033411290322580646 0.016069594980034227
1 0.44244758064516126 0.1995436394751854 0.0467741935483871 0.01901312036508842
2 0.4249677419354839 0.1650028522532801 0.036931451612903225 0.015978322875071307
2 0.5876370967741935 0.3804962920707359 0.018004032258064514 0.09187107815173988
