8 0.07796049979846835 0.18406499429874573 0.017456670697299476 0.07184720638540479
1 0.4468077388149939 0.5765735461801597 0.05599355098750503 0.02073546180159635
15 0.4719145505844417 0.42964082098061573 0.020245868601370415 0.03210946408209806
2 0.5781700927045547 0.4027594070695553 0.022515114873035067 0.094327251995439
1 0.4452438532849658 0.31391106043329536 0.06188230552196695 0.017468643101482325
15 0.13569931479242242 0.22811858608893956 0.02310358726320032 0.023842645381984037
2 0.2829262394195889 0.5992987457240594 0.35807738814993956 0.01887685290763968
15 0.09574365175332526 0.5017787913340935 0.017984683595324465 0.025541619156214366
2 0.12177347843611447 0.47159064994298744 0.033450221684804514 0.020929304446978336
1 0.12136638452237002 0.5758836944127709 0.06099556630390972 0.015381984036488027
1 0.13108827085852479 0.3118129988597491 0.028347440548166063 0.01539908779931585
3 0.12367593712212817 0.41295895096921326 0.020016122531237402 0.023865450399087797
3 0.12228133817009271 0.373266818700114 0.024590890769850864 0.0235290763968073
11 0.7534864973800887 0.32002850627137974 0.07541313986295849 0.04087799315849487
0 0.7653486497380089 0.37632269099201826 0.07216848045143089 0.03256556442417332
15 0.7732688432083837 0.49234321550741167 0.02095122934300685 0.030285062713797033
5 0.5143571140669084 0.6091163055872293 0.04332527206771463 0.019549600912200683
10 0.27921402660217653 0.6185803876852908 0.03222490931076179 0.01968643101482326
