2 0.1520725806451613 0.4151112378779236 0.017661290322580642 0.0681003993154592
2 0.4805645161290322 0.6222475755847119 0.025395161290322578 0.5031488876212208
2 0.27646774193548385 0.0886594409583571 0.11671774193548386 0.04662863662293212
0 0.25536290322580646 0.32606389047347406 0.04511290322580645 0.055596120935539076
2 0.11594354838709678 0.14452367370222474 0.04181451612903226 0.11853964632059327
1 0.3120322580645161 0.7498345693097547 0.021588709677419354 0.041540216771249285
0 0.2706209677419355 0.27262977752424417 0.05039516129032258 0.07207073588134627
2 0.41879032258064514 0.8138562464346835 0.042024193548387094 0.04985168282943525
0 0.28154032258064515 0.9312378779235596 0.04929032258064516 0.03694808899030234
2 0.4221693548387097 0.7613462635482031 0.019774193548387095 0.02961779806046777
0 0.25416935483870967 0.6289446662863662 0.04318548387096774 0.03134626354820308
0 0.2612096774193548 0.8632116371933828 0.050508064516129034 0.05985738733599544
1 0.4180725806451613 0.4034227039361096 0.045322580645161294 0.09221905305191101
