2 0.538957 0.414385 0.033133 0.023283
0 0.696320 0.456563 0.025118 0.010361
0 0.574696 0.583722 0.025898 0.022546
1 0.869999 0.728401 0.030547 0.012625
5 0.271565 0.775317 0.043753 0.019812
0 0.266076 0.753057 0.026149 0.023343
0 0.408391 0.712507 0.025633 0.023504
0 0.405976 0.605867 0.025667 0.012134
0 0.370869 0.605620 0.027153 0.024104
0 0.278971 0.273265 0.024820 0.012792
0 0.452042 0.123795 0.025731 0.024820
2 0.571567 0.387842 0.210043 0.026917
2 0.714104 0.419151 0.045125 0.024323
2 0.702647 0.385386 0.053490 0.026208
2 0.456565 0.564706 0.028918 0.025544
2 0.665571 0.619347 0.212125 0.015965
2 0.809698 0.654479 0.037055 0.024792
2 0.807358 0.630687 0.032971 0.013243
2 0.790135 0.461600 0.033827 0.014968
2 0.771596 0.429724 0.072196 0.012749
2 0.461707 0.451678 0.035461 0.013243
2 0.573080 0.414295 0.038153 0.023062
3 0.519362 0.551749 0.016010 0.010361
2 0.504602 0.434429 0.072812 0.014101
11 0.573607 0.152448 0.024786 0.040615
7 0.856209 0.593751 0.046618 0.019069
7 0.370089 0.626626 0.046818 0.019958
0 0.923089 0.572858 0.027010 0.023540
0 0.857650 0.573080 0.026865 0.023540
0 0.959582 0.604139 0.025439 0.021749
0 0.888289 0.620349 0.025441 0.023134
0 0.521382 0.761212 0.025608 0.022492
0 0.636050 0.634136 0.026218 0.022580
3 0.608694 0.451281 0.016400 0.011661
5 0.526746 0.782661 0.044535 0.018509
5 0.922409 0.594670 0.043798 0.018663
5 0.958526 0.625308 0.043578 0.018878
2 0.530430 0.086390 0.046845 0.029888
15 0.867491 0.684310 0.010296 0.014992
2 0.321109 0.270032 0.021414 0.211879
5 0.401688 0.734180 0.043459 0.018636
2 0.795217 0.566244 0.053775 0.012495
15 0.834749 0.677370 0.009937 0.014438
1 0.634398 0.770964 0.031463 0.013325
5 0.634929 0.655447 0.044247 0.019751
3 0.830367 0.729248 0.015922 0.013883
15 0.704169 0.492298 0.009424 0.014677
15 0.618181 0.487555 0.013269 0.019373
15 0.522915 0.470941 0.010057 0.016226
15 0.761367 0.730023 0.008878 0.016196
2 0.533509 0.814235 0.132355 0.029427
2 0.465468 0.628997 0.045422 0.024207
11 0.452664 0.479045 0.022700 0.039533
15 0.576198 0.437780 0.008286 0.013916
2 0.638039 0.354776 0.338510 0.011479
11 0.829435 0.493149 0.025992 0.030858
2 0.542328 0.135694 0.028500 0.021973
