0 0.670129 0.444691 0.095341 0.036780
15 0.723939 0.208381 0.023988 0.038642
1 0.878763 0.664724 0.067008 0.036143
15 0.603025 0.620097 0.022694 0.037538
15 0.708037 0.571180 0.021714 0.034536
15 0.868951 0.590555 0.024302 0.038114
11 0.837671 0.591513 0.011890 0.090885
4 0.605973 0.393205 0.112714 0.025318
2 0.804957 0.236019 0.073710 0.029272
2 0.738106 0.168244 0.114031 0.031371
15 0.807047 0.160061 0.024816 0.038908
7 0.682061 0.115058 0.109580 0.025761
0 0.604386 0.362471 0.096514 0.035179
