0 0.7170235294117647 0.2998969072164948 0.12402745098039215 0.039302607640994545
15 0.7011686274509804 0.22930260764099455 0.034199999999999994 0.0399029714978775
0 0.1189843137254902 0.3929472407519709 0.06888235294117648 0.033274711946634325
0 0.08578039215686274 0.3289993935718617 0.06803529411764707 0.03699211643420255
2 0.07136470588235294 0.49960582171012735 0.04274509803921569 0.07743480897513645
15 0.1608156862745098 0.43427531837477257 0.03808235294117647 0.03664038811400849
2 0.28904705882352943 0.18844147968465738 0.07323137254901961 0.017992722862340813
15 0.5820196078431373 0.6164827167980594 0.03281568627450981 0.03942389326864767
15 0.21569803921568625 0.537828987265009 0.03238823529411765 0.039866585809581565
5 0.19319607843137254 0.7316676773802304 0.06343921568627452 0.02334141904184354
15 0.5496941176470589 0.44798665858095815 0.030113725490196083 0.03451788963007884
0 0.6519137254901961 0.38550030321406914 0.11274901960784313 0.038781079442086114
15 0.21050588235294115 0.6682049727107338 0.036180392156862744 0.04171012734990904
15 0.2692705882352941 0.6109399636143117 0.034988235294117646 0.0450758035172832
3 0.2874470588235294 0.535184960582171 0.03171372549019608 0.01875682231655549
2 0.1952941176470588 0.5798847786537296 0.09085098039215686 0.03116434202546998
15 0.5208117647058823 0.6014069132807762 0.03129411764705882 0.05006064281382656
15 0.46054901960784317 0.4486961795027289 0.03572156862745098 0.04096422073984233
15 0.29126274509803923 0.4485081867798666 0.029968627450980393 0.0366525166767738
2 0.26538039215686277 0.2223650697392359 0.06494901960784313 0.021916312916919346
0 0.4028470588235294 0.32176470588235295 0.042635294117647056 0.024141904184354156
15 0.1968235294117647 0.4616373559733172 0.030909803921568623 0.03339599757428745
2 0.3991921568627451 0.7021892055791389 0.3554745098039216 0.026082474226804122
15 0.129878431372549 0.5170285021224985 0.030745098039215688 0.039187386294724076
2 0.5387529411764705 0.6589144936325045 0.07327058823529412 0.017889630078835657
2 0.5737294117647059 0.573438447543966 0.04663529411764706 0.023147362037598547
11 0.6272039215686274 0.4747543966040024 0.024454901960784314 0.09462704669496665
10 0.14476470588235293 0.6626500909642208 0.051458823529411765 0.02483929654335961
1 0.2964980392156863 0.3026076409945421 0.04247450980392157 0.02015767131594906
2 0.17574117647058823 0.6316070345664039 0.15276470588235294 0.03511825348696179
15 0.28620392156862745 0.398483929654336 0.03643529411764706 0.04337780473013948
15 0.6359882352941176 0.55961188599151 0.02601960784313725 0.036610066707095205
3 0.5902313725490196 0.5160582171012735 0.014870588235294118 0.02185567010309278
1 0.6083882352941177 0.2851121892055791 0.029098039215686277 0.024026682838083686
5 0.723486274509804 0.33822316555488174 0.06103921568627451 0.01919345057610673
