2 0.255958 0.773407 0.069452 0.017589
0 0.387347 0.428048 0.020776 0.079968
0 0.358719 0.433351 0.021934 0.080379
0 0.329278 0.430496 0.020782 0.143218
0 0.199315 0.433762 0.020491 0.138315
2 0.801420 0.431214 0.015299 0.405395
2 0.219059 0.713282 0.069720 0.017710
2 0.216409 0.686423 0.064718 0.017121
2 0.269116 0.738444 0.043206 0.016532
2 0.611788 0.165052 0.044124 0.017153
0 0.168089 0.432415 0.016737 0.053040
0 0.140973 0.431391 0.017347 0.050185
0 0.113123 0.430988 0.018214 0.048556
0 0.090017 0.430782 0.022225 0.048968
