7 0.16449959316517493 0.14555302166476625 0.017998372660699757 0.06062143671607754
2 0.5766151342554923 0.6429019384264538 0.09098454027664768 0.01759407069555302
7 0.37126932465419044 0.15040478905359178 0.01921074043938161 0.06184720638540479
7 0.164206672091131 0.35241163055872293 0.01822620016273393 0.060102622576966934
3 0.7741008950366152 0.21267958950969215 0.03527257933279089 0.036562143671607754
11 0.939633848657445 0.2637058152793615 0.03553295362082994 0.04224629418472064
3 0.2907567127746135 0.3833124287343216 0.018820179007323027 0.05995438996579247
2 0.5644589096826689 0.2381927023945268 0.017990235964198534 0.060028506271379706
0 0.6561025223759154 0.7125370581527936 0.02903986981285598 0.03652793614595211
2 0.26704637917005697 0.4573660205245154 0.019764035801464606 0.05583808437856328
2 0.6154922701383239 0.9092816419612315 0.23301057770545158 0.03526225769669327
0 0.5726525630593978 0.7140079817559862 0.029796582587469485 0.03462371721778791
15 0.2573393002441009 0.40389395667046746 0.025419039869812855 0.021231470923603193
2 0.5382262001627339 0.2583523375142531 0.01582587469487388 0.03836374002280502
2 0.22459723352318955 0.3888597491448118 0.032522375915378356 0.08194982896237173
15 0.3112449145646867 0.663836944127708 0.025052888527257934 0.015285062713797034
3 0.808893409275834 0.20507411630558722 0.02775427176566314 0.02160205245153934
15 0.3031407648494711 0.21791334093500572 0.025581773799837268 0.016488027366020525
2 0.280553295362083 0.6539167616875713 0.02065907241659886 0.09175028506271381
15 0.19308380797396257 0.2797662485746864 0.026029292107404393 0.01749144811858609
15 0.33196094385679414 0.20293044469783353 0.023352318958502847 0.018375142531356897
2 0.23311635475996745 0.2586259977194983 0.033173311635476 0.06974914481185861
0 0.5475589910496339 0.3932155074116306 0.049235150528885274 0.016493728620296466
0 0.5459723352318958 0.1175769669327252 0.05077298616761595 0.017428734321550742
15 0.23788445890968268 0.42475484606613456 0.023995117982099266 0.018426453819840365
0 0.5698860862489828 0.3664823261117445 0.09413344182262001 0.018340935005701255
0 0.5464930838079739 0.43888825541619153 0.052774613506916195 0.015627137970353477
0 0.5459153783563873 0.14700684150513113 0.05066720911310008 0.018169897377423035
0 0.5541253051261188 0.17356328392246295 0.09021969080553295 0.01709236031927024
2 0.17930024410089504 0.23943557582668187 0.02921074043938161 0.058358038768529075
3 0.41033360455655005 0.4615108323831243 0.020528885272579334 0.06526795895096922
6 0.909259560618389 0.9255473204104904 0.02141578519121237 0.06885404789053591
15 0.3112449145646867 0.6826282782212086 0.023832384052074856 0.015592930444697834
2 0.6979088689991864 0.41798745724059294 0.3505207485760781 0.010900798175598633
2 0.2250447518307567 0.20393956670467503 0.016061838893409276 0.040079817559863166
15 0.7343612693246542 0.18037058152793614 0.01997558991049634 0.024173318129988595
16 0.936387306753458 0.10980615735461802 0.041765663140764846 0.08876282782212086
