15 0.12146522234891677 0.1331740890688259 0.024880273660205246 0.03278542510121458
15 0.12253705815279362 0.3994736842105263 0.024395667046750284 0.026412955465587043
8 0.04832953249714937 0.46620242914979754 0.017879133409350056 0.08341700404858299
15 0.10878563283922463 0.49255060728744937 0.024230330672748004 0.027546558704453442
2 0.15261687571265678 0.5686882591093118 0.039840364880273656 0.02190283400809717
15 0.11688141391106042 0.3091255060728745 0.024241733181299886 0.032242914979757085
3 0.13951539338654503 0.3456275303643725 0.0296921322690992 0.03359514170040486
15 0.5151995438996579 0.13553846153846152 0.0201539338654504 0.026097165991902833
0 0.0741448118586089 0.36607287449392717 0.01799885974914481 0.10825910931174088
2 0.3302223489167617 0.10912550607287451 0.3962827822120867 0.02451821862348178
0 0.043329532497149374 0.3645668016194332 0.021231470923603193 0.10673684210526316
15 0.06883694412770809 0.5242753036437248 0.023928164196123147 0.02897165991902834
1 0.07228050171037628 0.556080971659919 0.05905929304446979 0.02357085020242915
15 0.1583466362599772 0.43708502024291496 0.017041049030786775 0.03319838056680162
2 0.10277651083238314 0.36978137651821863 0.01909350057012543 0.0863157894736842
2 0.15210376282782212 0.25388663967611336 0.083460661345496 0.024404858299595142
10 0.40721778791334096 0.09011336032388664 0.0456442417331813 0.018315789473684212
7 0.4124800456100342 0.10650202429149798 0.057730900798175604 0.017643724696356274
1 0.4950285062713797 0.2540485829959514 0.09924743443557583 0.02862348178137652
1 0.5714082098061574 0.5515384615384615 0.052571265678449254 0.027076923076923075
