0 0.649544 0.478640 0.022639 0.018432
7 0.886416 0.710798 0.064439 0.016066
7 0.894697 0.743369 0.062615 0.016283
7 0.710044 0.710867 0.064189 0.016420
0 0.609774 0.478863 0.021695 0.016653
8 0.707776 0.591651 0.024108 0.042571
8 0.856283 0.468526 0.022704 0.042104
8 0.725630 0.476893 0.023575 0.042429
8 0.669266 0.271559 0.024891 0.042571
2 0.788499 0.746189 0.085876 0.019664
7 0.687026 0.392412 0.063753 0.016659
2 0.797833 0.720553 0.050436 0.019590
2 0.733378 0.344199 0.079911 0.019276
2 0.743616 0.243643 0.102179 0.021323
0 0.916622 0.479495 0.023059 0.018877
0 0.879023 0.479310 0.019645 0.018506
0 0.690101 0.480419 0.020121 0.019766
