8 0.803787 0.613105 0.037067 0.017094
15 0.837631 0.495157 0.012893 0.018234
15 0.67365 0.595442 0.01531 0.024501
15 0.697019 0.568661 0.014102 0.025071
15 0.674053 0.558405 0.013296 0.019373
15 0.672039 0.506553 0.012087 0.018234
15 0.729251 0.34359 0.011684 0.018234
15 0.728848 0.137892 0.011684 0.018803
15 0.71394 0.112251 0.012893 0.017094
15 0.710314 0.164103 0.014907 0.018803
15 0.675262 0.188034 0.014504 0.022222
15 0.677276 0.104843 0.013699 0.021652
15 0.649073 0.148148 0.012893 0.019943
15 0.656326 0.131624 0.010073 0.017664
2 0.635375 0.155556 0.012087 0.030199
2 0.635778 0.121368 0.013296 0.031339
