1 0.43675598631698975 0.31817221770917953 0.04718928164196123 0.018302193338748985
2 0.4996465222348917 0.3844841592201462 0.028574686431014823 0.052656376929325746
0 0.09915051311288484 0.3834930950446791 0.031242873432155073 0.11531275385865149
1 0.44 0.5409179528838343 0.04929874572405929 0.01877335499593826
3 0.16573546180159635 0.3578066612510154 0.029697833523375145 0.02990251827782291
1 0.1844868871151653 0.5398294069861901 0.04542189281641961 0.019731925264012996
2 0.12524515393386546 0.38789601949634445 0.014332953249714937 0.09126726238830218
2 0.299133409350057 0.17913891145410235 0.33072976054732045 0.025572705117790414
2 0.16728620296465224 0.4638017871649066 0.034572405929304446 0.023704305442729487
0 0.05196693272519955 0.3816328188464663 0.02489737742303307 0.10963444354183591
8 0.07685860889395667 0.38276198212835094 0.011499429874572406 0.055857026807473606
7 0.09773660205245155 0.19144597887896017 0.040404789053591794 0.01679935012185215
10 0.3596636259977195 0.17966693744922826 0.03315279361459521 0.017709179528838343
2 0.45484036488027363 0.4308204711616572 0.024692132269099203 0.01791226645004062
1 0.18320980615735463 0.3049471974004874 0.044692132269099204 0.016393176279447603
