0 0.525575 0.474886 0.034448 0.042374
2 0.368784 0.582320 0.051827 0.018886
2 0.341637 0.608055 0.074828 0.019836
3 0.322171 0.557114 0.027402 0.022648
3 0.407794 0.113776 0.045694 0.031662
3 0.424176 0.057160 0.041542 0.034648
15 0.499905 0.080041 0.046453 0.038201
15 0.525902 0.103534 0.045872 0.037096
15 0.471767 0.144813 0.050415 0.033425
0 0.488743 0.472283 0.032859 0.074977
2 0.844282 0.471644 0.032384 0.079909
2 0.429662 0.163210 0.121744 0.025543
2 0.329650 0.635274 0.098399 0.019279
2 0.553944 0.082922 0.033416 0.074959
3 0.669970 0.392543 0.024923 0.021854
2 0.617349 0.430100 0.023879 0.019726
3 0.226085 0.439452 0.037509 0.023689
3 0.239265 0.391635 0.027117 0.023982
3 0.304253 0.383174 0.024235 0.022877
3 0.323760 0.530352 0.028849 0.019991
6 0.420338 0.471461 0.023879 0.055434
2 0.371868 0.460849 0.060700 0.020511
15 0.402776 0.656347 0.050771 0.031982
7 0.479199 0.566146 0.137497 0.027507
11 0.286572 0.403658 0.052622 0.059699
11 0.400190 0.307023 0.050202 0.034648
0 0.455089 0.475799 0.029158 0.041826
2 0.312195 0.662311 0.132384 0.019087
