16 0.9174475806451613 0.6317113519680548 0.0565725806451613 0.031899600684540785
2 0.22688709677419353 0.05204791785510553 0.03945161290322581 0.0162749572162008
15 0.849157258064516 0.4910553337136338 0.02647177419354839 0.03188248716486024
0 0.7308951612903225 0.34587564175698804 0.016294354838709675 0.06249286936679977
2 0.8222782258064516 0.3705077010838562 0.04382258064516129 0.01358813462635482
2 0.7886209677419355 0.28079863091842555 0.05544758064516129 0.013759269823160298
15 0.1611209677419355 0.5763662293211638 0.025830645161290324 0.032686822589845975
0 0.16668951612903224 0.3468168853394182 0.016233870967741936 0.046953793496862524
0 0.07198790322580645 0.3482430119794638 0.013201612903225808 0.04841985168282943
2 0.21714516129032257 0.6020193953223045 0.03552016129032258 0.01551625784369652
11 0.2607379032258064 0.18014261266400458 0.030600806451612905 0.08342840844266972
0 0.9139314516129033 0.35120935539075865 0.012249999999999999 0.0534968625213919
2 0.7899637096774194 0.3128180262407302 0.035064516129032254 0.011665715915573303
11 0.13490322580645162 0.5482201939532231 0.02142741935483871 0.03252139189960068
3 0.5078870967741935 0.5382829435253851 0.02415322580645161 0.030519110096976613
2 0.7948508064516129 0.2415972618368511 0.05852016129032258 0.01371933827723902
2 0.2222701612903226 0.10009127210496292 0.03108467741935484 0.01396463205932687
2 0.2318508064516129 0.6262749572162007 0.04506854838709677 0.01923559612093554
2 0.21292338709677416 0.5766286366229322 0.037721774193548385 0.013867655447803764
3 0.25420967741935485 0.4910781517398745 0.01519758064516129 0.017940673131774103
11 0.46325806451612905 0.08697090701654307 0.06289516129032258 0.03435253850541928
3 0.256 0.5284940102681118 0.016891129032258066 0.015316600114090133
2 0.22533064516129034 0.07384483742156303 0.036346774193548384 0.016771249286936678
3 0.44312903225806455 0.22940102681118082 0.018693548387096776 0.023342840844266972
0 0.42382661290322576 0.4269138619509412 0.023318548387096773 0.029566457501426127
11 0.526 0.08825442099258414 0.06263306451612903 0.031294922989161436
3 0.2039475806451613 0.48991443240159727 0.013137096774193547 0.016195094124358243
2 0.8137177419354839 0.09608670849971478 0.030991935483870966 0.01526525955504849
3 0.20062903225806453 0.527997718197376 0.01505241935483871 0.018106103822019395
2 0.5526048387096775 0.45826583000570453 0.018012096774193548 0.2280433542498574
8 0.8692903225806452 0.3812892184826012 0.012512096774193548 0.07199657729606389
11 0.7662298387096774 0.18027952082144894 0.037814516129032257 0.060479178551055335
