3 0.376973 0.466152 0.031827 0.024059
5 0.187173 0.597386 0.037404 0.090348
5 0.804000 0.671212 0.032627 0.090086
0 0.537929 0.700778 0.067827 0.020211
5 0.673643 0.181659 0.028714 0.077731
0 0.533729 0.741120 0.102612 0.032206
5 0.751953 0.245835 0.027498 0.062742
0 0.528584 0.431511 0.046925 0.018392
0 0.462396 0.307360 0.040635 0.026876
6 0.216937 0.338298 0.120384 0.017771
1 0.498557 0.568301 0.031153 0.066009
1 0.563318 0.610710 0.026839 0.064601
16 0.842200 0.766782 0.149796 0.033050
15 0.375898 0.631422 0.034886 0.026095
0 0.846388 0.318532 0.014973 0.029983
2 0.849933 0.208731 0.019553 0.032206
3 0.356902 0.674561 0.027796 0.022212
2 0.903247 0.221502 0.018024 0.033757
0 0.875286 0.169732 0.015529 0.021471
0 0.861792 0.151038 0.017059 0.021095
0 0.840678 0.249108 0.027192 0.041306
2 0.720388 0.242443 0.016808 0.103620
2 0.720161 0.312953 0.018031 0.028689
2 0.722192 0.172822 0.014518 0.028506
15 0.623784 0.460505 0.035898 0.029242
2 0.276749 0.574153 0.038141 0.174681
2 0.319898 0.509521 0.027498 0.080753
2 0.531984 0.363857 0.076659 0.013883
2 0.604380 0.290482 0.033608 0.081956
2 0.693902 0.243275 0.022878 0.117372
