2 0.452875071306332 0.3410355987055016 0.07333143183114661 0.016067961165048543
2 0.43022818026240733 0.76334142394822 0.08216200798630918 0.03377831715210356
2 0.37610952652595553 0.21765372168284788 0.11020536223616657 0.018964401294498383
3 0.3389560752994866 0.6927750809061488 0.028796349115801482 0.03739482200647249
1 0.4081118083285796 0.5884466019417476 0.04820878494010268 0.020736245954692555
2 0.3452652595550485 0.7969983818770227 0.04602395892755277 0.031472491909385114
0 0.22680547632629777 0.5717475728155339 0.017267541357672563 0.04668284789644013
0 0.4979634911580148 0.5249190938511327 0.020827153451226467 0.06040453074433657
2 0.4458528237307473 0.2997653721682848 0.08386765544780377 0.01809061488673139
0 0.4107472903593839 0.5131796116504854 0.031574443810610385 0.024563106796116504
2 0.34505419281232175 0.3408171521035599 0.1050656018254421 0.01691747572815534
2 0.4118596691386195 0.26256472491909383 0.07078151739874501 0.0152831715210356
2 0.39139189960068455 0.16929611650485438 0.14620650313747863 0.018155339805825243
0 0.25189960068454076 0.5309061488673139 0.0167313177410154 0.05358414239482201
11 0.37908727895037075 0.3933252427184466 0.02605248146035368 0.06283980582524272
0 0.5809241300627496 0.5466585760517799 0.016098117512835138 0.03719255663430421
1 0.5007358813462636 0.6984708737864077 0.05264118653736452 0.021067961165048544
0 0.5223958927552766 0.5508090614886731 0.01899030233884769 0.08409385113268608
0 0.29731317741015406 0.5415857605177994 0.01448374215630348 0.03758090614886732
0 0.2796406160867085 0.5631715210355988 0.023023388476896747 0.08305016181229774
0 0.5562407301768397 0.5086893203883496 0.019920136908157447 0.08429611650485437
2 0.48563605248146036 0.4497491909385113 0.020034227039361092 0.06643203883495145
