2 0.238883 0.347037 0.041904 0.016123
0 0.129418 0.36316 0.010547 0.03547
0 0.11317 0.362757 0.011117 0.032245
15 0.136545 0.236598 0.028221 0.03023
3 0.155359 0.205562 0.017959 0.024587
5 0.143101 0.180975 0.041334 0.015316
2 0.204105 0.111649 0.079532 0.023781
2 0.191847 0.139863 0.048176 0.018541
0 0.198689 0.220879 0.011403 0.026199
2 0.230901 0.211205 0.02138 0.016123
0 0.269954 0.218057 0.010547 0.027811
5 0.267389 0.280935 0.041334 0.014913
0 0.320125 0.325675 0.011117 0.031842
0 0.302737 0.357517 0.011403 0.033051
0 0.287343 0.385732 0.011403 0.031036
0 0.269669 0.382507 0.011117 0.033857
2 0.18187 0.399839 0.032497 0.017332
2 0.22862 0.398227 0.032497 0.016123
2 0.241733 0.534059 0.049601 0.014913
11 0.276511 0.590085 0.025086 0.096735
15 0.267104 0.59734 0.030217 0.020959
11 0.244299 0.621121 0.019099 0.0395
0 0.159635 0.649738 0.013968 0.015719
2 0.177594 0.686014 0.019954 0.014913
2 0.186716 0.713422 0.038769 0.016929
15 0.404789 0.866989 0.019954 0.024184
2 0.413626 0.913744 0.011403 0.077791
3 0.327537 0.915357 0.018814 0.036276
3 0.309008 0.870214 0.022805 0.021362
15 0.357184 0.845627 0.020239 0.03547
15 0.359464 0.80532 0.02423 0.038291
2 0.319555 0.7763 0.050741 0.017332
2 0.831243 0.355905 0.012828 0.167674
11 0.752851 0.481258 0.015393 0.057235
2 0.828962 0.518339 0.013968 0.155179
2 0.797605 0.459089 0.010547 0.038291
2 0.795895 0.419186 0.015393 0.043531
11 0.75057 0.412334 0.021665 0.060056
3 0.618586 0.582023 0.012828 0.020556
2 0.593786 0.554615 0.029932 0.014913
2 0.550456 0.518339 0.015964 0.160419
12 0.442417 0.666264 0.06756 0.015316
2 0.537628 0.750101 0.108609 0.01975
2 0.647377 0.750504 0.109749 0.018138
16 0.899943 0.753728 0.150228 0.037082