2 0.277131 0.396315 0.024233 0.153081
0 0.788591 0.465726 0.021495 0.085016
0 0.755154 0.465649 0.014701 0.040621
0 0.491315 0.428302 0.012442 0.039976
0 0.333374 0.425246 0.017644 0.075605
16 0.913326 0.662185 0.116623 0.047435
0 0.362065 0.424310 0.016429 0.134266
11 0.548908 0.293669 0.022253 0.039048
2 0.166452 0.666794 0.179441 0.029169
0 0.699738 0.421516 0.019669 0.134645
2 0.537039 0.249093 0.265168 0.029476
15 0.245026 0.602935 0.018095 0.034823
15 0.542316 0.345202 0.024586 0.026726
15 0.612593 0.358798 0.018214 0.036242
15 0.612268 0.411056 0.018671 0.034597
15 0.738038 0.336698 0.024199 0.027153
2 0.625956 0.278452 0.085773 0.018210
2 0.612821 0.616552 0.051586 0.017589
2 0.635665 0.649516 0.066766 0.017952
2 0.560659 0.677617 0.219892 0.024411
1 0.707881 0.286468 0.039116 0.016210
1 0.366343 0.275036 0.039384 0.013266
1 0.513163 0.542980 0.054518 0.017589
1 0.348437 0.575234 0.041472 0.014919
1 0.722327 0.569141 0.040947 0.016944
1 0.156015 0.747718 0.041477 0.017855
3 0.295334 0.490532 0.031443 0.016629
