7 0.6612705882352942 0.290582171012735 0.12607058823529413 0.026488781079442084
1 0.7529019607843137 0.7050151607034566 0.08830588235294118 0.04978775015160703
15 0.8321960784313726 0.4953911461491813 0.03068627450980392 0.03861127956337174
15 0.7125725490196079 0.3543420254699818 0.0358156862745098 0.03697392359005458
15 0.8263176470588236 0.3263007883565798 0.033705882352941176 0.04439660400242571
0 0.8978117647058824 0.5286537295330503 0.028533333333333334 0.02459066100667071
0 0.858992156862745 0.5312734990903578 0.029145098039215684 0.025639781685870226
8 0.6052588235294118 0.4496543359611886 0.11334117647058822 0.025912674348089748
0 0.6449725490196079 0.527125530624621 0.02752549019607843 0.03061855670103093
11 0.7349490196078431 0.4297089144936325 0.10418039215686276 0.053972104305639784
2 0.7664823529411765 0.3176167374166161 0.08410588235294117 0.024584596725288052
2 0.7818078431372548 0.3922377198302001 0.09376078431372549 0.02187992722862341
2 0.8067490196078432 0.3580109157064888 0.051262745098039214 0.019660400242571256
7 0.867964705882353 0.2897634930260764 0.11994509803921569 0.02602789569436022
