16 0.3834193548387097 0.950593268682259 0.1710282258064516 0.049714774671990876
3 0.2788145161290323 0.23091272104962923 0.03437096774193548 0.015122646891043926
7 0.052250000000000005 0.4229891614375357 0.018733870967741935 0.0699030233884769
0 0.7520846774193549 0.2052937820878494 0.03450403225806451 0.012606959498003424
0 0.28780645161290325 0.4942384483742156 0.04107258064516129 0.01612664004563605
0 0.28926612903225807 0.47775812892184827 0.04901612903225806 0.013667997718197376
0 0.288883064516129 0.45593268682258986 0.04621774193548387 0.01248716486023959
3 0.09976209677419355 0.29432401597261837 0.04014919354838709 0.014255561893896177
5 0.11269354838709678 0.4842555618938962 0.051592741935483875 0.01847119224187108
2 0.9447217741935483 0.3172732458642327 0.013189516129032259 0.10889903023388477
2 0.317008064516129 0.2518881916714204 0.015310483870967742 0.07219053051911009
0 0.2896814516129032 0.432686822589846 0.03647177419354839 0.01551625784369652
2 0.3103467741935484 0.34403879064460924 0.01666532258064516 0.05293211637193383
2 0.044104838709677414 0.3128807758128922 0.01571774193548387 0.10876782658300056
2 0.07444758064516128 0.2890188248716486 0.014556451612903226 0.05366799771819737
3 0.3789193548387097 0.38868225898459785 0.02933064516129032 0.029714774671990875
0 0.2886774193548387 0.41308043354249857 0.04423387096774194 0.016583000570450656
16 0.7838427419354839 0.74875071306332 0.17342338709677418 0.04978322875071306
2 0.7654879032258065 0.4874900171135197 0.04279838709677419 0.02137478608100399
0 0.2892943548387097 0.39327438676554477 0.046927419354838705 0.017341699942954935
2 0.4659395161290322 0.3654592127780947 0.013294354838709678 0.06573873359954363
3 0.44512096774193555 0.384187107815174 0.022391129032258063 0.017045065601825442
2 0.05936290322580645 0.33440387906446095 0.01459274193548387 0.0673531089560753
0 0.28559274193548384 0.16819167142042213 0.2506088709677419 0.016041072447233316
5 0.07534274193548386 0.2131660011409013 0.01516532258064516 0.05740444951511694
3 0.4379395161290322 0.24773531089560752 0.021358870967741934 0.014255561893896177
3 0.2850241935483871 0.24828864803194522 0.038294354838709674 0.013565316600114091
5 0.9477379032258064 0.22185396463205934 0.01638709677419355 0.05282943525385054
5 0.10953629032258064 0.5027666856816886 0.052556451612903225 0.01540216771249287
3 0.12268145161290323 0.24580718767826581 0.016592741935483872 0.018533941814033086
3 0.14788709677419354 0.2942954934398174 0.014185483870967741 0.015322304620650314
3 0.23583064516129032 0.37904164289788933 0.01303225806451613 0.015008556759840273
3 0.1181048387096774 0.37884198516828294 0.01588709677419355 0.01594409583571021
0 0.2885645161290323 0.19038220193953223 0.10877016129032258 0.019555048488305762
10 0.38679838709677417 0.22383342840844267 0.03551209677419354 0.02031945236737022
15 0.2682258064516129 0.2771762692527096 0.036681451612903225 0.027273245864232746
15 0.42955645161290323 0.2982658300057045 0.03826209677419355 0.020667427267541356
15 0.45882258064516135 0.3053679406731317 0.03243548387096774 0.022943525385054193
2 0.46418951612903225 0.24671420422133486 0.015576612903225807 0.08559612093553909
2 0.48116129032258065 0.2728408442669709 0.012278225806451612 0.08711922418710781
15 0.41560483870967746 0.4246776953793497 0.016588709677419353 0.054010268111808334
7 0.3536491935483871 0.4053223046206503 0.013629032258064515 0.06645750142612664
2 0.3379072580645161 0.37342270393610955 0.011991935483870966 0.07667997718197375
