12 0.3910518338890573 0.3305843137254902 0.09837223401030615 0.015039215686274511
7 0.8152622006668688 0.7648392156862744 0.08762655350106092 0.015027450980392158
0 0.8399939375568354 0.5264039215686275 0.06305244013337374 0.02376078431372549
15 0.912412852379509 0.3484156862745098 0.026511063958775383 0.02870588235294118
0 0.7882903910275841 0.48871764705882353 0.04556835404668082 0.024505882352941176
4 0.9117065777508335 0.4671960784313725 0.0867656865716884 0.01424313725490196
2 0.7585419824189148 0.30738039215686275 0.09232494695362231 0.0228
2 0.682555319793877 0.268 0.13432858441952106 0.022964705882352943
0 0.35232191573203997 0.2700156862745098 0.055034859048196424 0.023337254901960782
15 0.4888481357987269 0.40574117647058827 0.03558957259775689 0.026443137254901963
4 0.4883116095786602 0.4947137254901961 0.09600788117611397 0.01443921568627451
15 0.6996786905122764 0.3025333333333333 0.025028796605031826 0.032831372549019605
2 0.768147923613216 0.7438627450980392 0.12309184601394361 0.023486274509803923
0 0.9121946044255835 0.44667450980392154 0.04821764170960897 0.026662745098039214
10 0.8211700515307669 0.32805882352941174 0.0937465898757199 0.015627450980392157
7 0.7906698999696878 0.18090980392156863 0.08364655956350409 0.01775686274509804
0 0.4854501364049712 0.472721568627451 0.044255835101545925 0.02676078431372549
2 0.7626341315550166 0.7091098039215686 0.08276750530463778 0.02028235294117647
3 0.6687602303728402 0.659035294117647 0.0422036980903304 0.023329411764705883
4 0.8433252500757805 0.5470117647058824 0.0881721733858745 0.014
7 0.5414852985753258 0.7275647058823529 0.08419217944831767 0.014223529411764708
4 0.5396362534101242 0.7409568627450981 0.08753864807517431 0.0148
10 0.09303728402546227 0.4877490196078431 0.0807668990603213 0.013850980392156863
