16 0.937286 0.761905 0.060433 0.044391
1 0.232611 0.860371 0.042189 0.025827
5 0.100912 0.838579 0.074116 0.031477
0 0.141961 0.50686 0.016534 0.045198
0 0.116876 0.528652 0.018244 0.052462
10 0.433865 0.171106 0.076967 0.035513
15 0.367161 0.154157 0.026226 0.032284
2 0.27195 0.142857 0.169327 0.047619
15 0.175599 0.150928 0.023945 0.03632
1 0.22634 0.319613 0.039339 0.025827
0 0.389966 0.502018 0.017104 0.100888
1 0.338084 0.666667 0.066705 0.02502
15 0.27195 0.748184 0.019384 0.031477
1 0.385975 0.853914 0.038769 0.027441
6 0.389396 0.80226 0.033067 0.02502
2 0.587799 0.384181 0.04333 0.058918
0 0.612315 0.4318 0.026796 0.024213
11 0.59179 0.541566 0.061003 0.054076
2 0.492018 0.464084 0.019384 0.076675
0 0.49829 0.393866 0.038198 0.023406