5 0.2642039215686275 0.3134990903577926 0.13129019607843137 0.026889023650697393
15 0.09788627450980393 0.21793814432989692 0.039850980392156864 0.04371134020618556
15 0.22087058823529412 0.7248332322619769 0.03907843137254902 0.046373559733171615
7 0.19740392156862746 0.12880533656761675 0.14089803921568628 0.025706488781079444
10 0.1836862745098039 0.08595512431776835 0.13226666666666664 0.028423286840509397
15 0.1990549019607843 0.2776470588235294 0.033396078431372545 0.0399454214675561
15 0.21611372549019608 0.6048271679805943 0.03672156862745098 0.04054578532443905
15 0.09530588235294117 0.6203153426318981 0.036231372549019605 0.04460278956943602
3 0.24690196078431373 0.5392298362644027 0.08433725490196078 0.04232261976955731
15 0.38725882352941177 0.7174348089751365 0.0300078431372549 0.03986052152819891
0 0.05646274509803921 0.33401455427531834 0.025980392156862746 0.03600363856882959
3 0.24938039215686272 0.6631655548817464 0.10802745098039217 0.04832019405700425
15 0.09125098039215686 0.3494117647058823 0.031450980392156866 0.04325651910248635
0 0.08134901960784313 0.42338993329290475 0.027133333333333332 0.02770770163735597
0 0.19374901960784313 0.4118435415403275 0.03247058823529412 0.02711340206185567
1 0.22927058823529411 0.22955124317768344 0.09136470588235293 0.03999393571861735
