11 0.13687177932706882 0.39305098039215686 0.06021521673234313 0.1567294117647059
2 0.6922036980903303 0.20582745098039215 0.12315853288875417 0.01151764705882353
2 0.7599120945741134 0.668607843137255 0.07397999393755683 0.01971764705882353
12 0.4811518642012731 0.35508627450980396 0.10263110033343437 0.013403921568627452
2 0.7566020006062444 0.7121607843137255 0.14450439527129433 0.025094117647058826
12 0.08082449227038496 0.5287490196078432 0.09965444073961806 0.015799999999999998
4 0.5165595635040922 0.466478431372549 0.09015156107911489 0.014458823529411764
0 0.9211276144286148 0.3751843137254902 0.04058199454380115 0.02480392156862745
0 0.5147529554410427 0.44604313725490197 0.03859957562897848 0.023203921568627453
0 0.8074871173082753 0.4771803921568627 0.037938769324037586 0.028996078431372547
7 0.7348651106395878 0.7577254901960785 0.09653531373143377 0.01604313725490196
3 0.7784146711124582 0.518521568627451 0.030575932100636558 0.021819607843137256
12 0.5381509548347984 0.6823098039215687 0.09925128826917248 0.013666666666666667
0 0.8733737496210974 0.4553725490196079 0.07600484995453168 0.01995686274509804
7 0.8005850257653835 0.1680470588235294 0.0959654440739618 0.015854901960784314
0 0.4465080327371931 0.3037254901960784 0.041630797211276147 0.02200392156862745
4 0.9217884207335556 0.39508627450980394 0.08507729615034859 0.014
2 0.7640133373749621 0.27386666666666665 0.09698696574719612 0.02292156862745098
0 0.4558472264322522 0.5396509803921569 0.04522582600788117 0.024811764705882353
4 0.8743770839648379 0.47511372549019604 0.0832312822067293 0.015533333333333333
