15 0.770678431372549 0.3199696785930867 0.032737254901960784 0.04471194663432383
0 0.8170588235294117 0.3535415403274712 0.0983921568627451 0.022813826561552456
7 0.7341372549019608 0.6886173438447544 0.1274313725490196 0.028295936931473618
15 0.8817882352941177 0.25580351728320194 0.03548627450980392 0.04256519102486355
0 0.10179215686274509 0.30609460278956946 0.10512941176470587 0.044402668283808365
0 0.7301764705882353 0.3786294724075197 0.09290588235294117 0.02677986658580958
15 0.27997254901960783 0.46796846573681017 0.03238823529411765 0.04200121285627653
0 0.15320392156862744 0.4156276531231049 0.10362352941176471 0.03892055791388721
15 0.6973607843137255 0.33255912674348087 0.035219607843137254 0.04073984232868406
2 0.490843137254902 0.7264523953911461 0.38570196078431374 0.04080048514251061
2 0.8283215686274509 0.5061309884778654 0.07876470588235295 0.03354760460885385
15 0.27999607843137253 0.6392722862340813 0.03238039215686274 0.04202546998180715
2 0.36677647058823526 0.6446998180715584 0.14167450980392157 0.0431534263189812
2 0.9367568627450981 0.5862280169799879 0.052180392156862744 0.1084111582777441
1 0.23667450980392157 0.3349423893268648 0.07369019607843137 0.04075803517283202
2 0.2506 0.1942753183747726 0.05736862745098039 0.03751970891449363
2 0.9112941176470589 0.4808853850818678 0.08655686274509804 0.0383687083080655
1 0.7612313725490196 0.5792844147968466 0.09144705882352941 0.044408732565191025
2 0.6117176470588236 0.6454578532443905 0.12955686274509803 0.04040024257125531
2 0.456843137254902 0.566137052759248 0.22367058823529412 0.040921770770163735
0 0.9130745098039216 0.3384596725288053 0.10137647058823529 0.026919345057610674
0 0.9073450980392157 0.3250818677986658 0.10520392156862744 0.03360824742268041
4 0.22581176470588238 0.5022801697998787 0.12415686274509805 0.02690721649484536
8 0.5152705882352941 0.22625833838690115 0.12011372549019608 0.025961188599151003
2 0.6207686274509804 0.566931473620376 0.10090980392156862 0.04101879927228624
15 0.23897254901960785 0.2366767738023044 0.03026666666666667 0.039302607640994545
5 0.1669843137254902 0.2462401455427532 0.11650980392156864 0.024869617950272892
2 0.2793058823529412 0.6032201334141905 0.12180392156862746 0.03490600363856883
13 0.13123529411764706 0.5458399029714979 0.11719215686274509 0.02730745906610067
2 0.31141960784313727 0.6829714978775016 0.1455921568627451 0.04269860521528199
2 0.3640392156862745 0.189787750151607 0.13567843137254904 0.04528198908429351
2 0.39651764705882353 0.2596240145542753 0.05367843137254902 0.0792783505154639
