7 0.6950618672665917 0.6760577303281929 0.05121766029246344 0.016255436931593516
16 0.11410573678290213 0.8189679715302491 0.0565185601799775 0.14461842625543694
2 0.4705736782902137 0.08470541716093317 0.22315241844769404 0.01818900751285093
2 0.7037260967379078 0.7223210755239226 0.013509561304836895 0.05076710162119414
2 0.4188273340832396 0.11362989323843417 0.11343363329583803 0.01819691577698695
2 0.9188357705286839 0.609608540925267 0.028475815523059618 0.09597469355476473
0 0.47220472440944883 0.5930446816923685 0.05393982002249719 0.01328192961644919
2 0.6095894263217098 0.07915381573744563 0.05754499437570303 0.02929221035982602
2 0.2946681664791901 0.3522222222222222 0.014966254218222721 0.07768683274021353
0 0.46981439820022497 0.6196718070383551 0.06278683914510687 0.02608540925266904
2 0.7918166479190101 0.36884539343614076 0.020427446569178852 0.08614867536575722
5 0.2959448818897638 0.6351720047449585 0.0508830146231721 0.014914986160537762
11 0.5179640044994376 0.3232621589561091 0.02769403824521935 0.058058521154606565
0 0.47065241844769407 0.6500672202451562 0.05933352080989877 0.024697508896797154
3 0.2921991001124859 0.7572162910241202 0.03808492688413948 0.0388216686437327
2 0.674226659167604 0.7657611704230921 0.021645106861642293 0.08338473705021747
11 0.8777052868391451 0.6609727164887307 0.029122609673790777 0.056686437327006726
7 0.6358858267716535 0.7595808620007908 0.05042182227221598 0.015599051008303678
2 0.8426546681664792 0.703902728351127 0.06172384701912261 0.027884539343614075
2 0.1988638920134983 0.2925780941083432 0.07383858267716535 0.019335705812574138
2 0.27707255343082116 0.3644918940292606 0.014226659167604051 0.10240015816528274
2 0.33207536557930256 0.08026097271648873 0.05653824521934758 0.035606959272439696
15 0.28744656917885264 0.9316291024120206 0.02512654668166479 0.025915381573744567
14 0.6643307086614174 0.32357848952155005 0.05139763779527559 0.0156425464610518
1 0.41676321709786274 0.797868722815342 0.012578740157480313 0.0687109529458284
2 0.19859111361079868 0.24938315539739028 0.06923509561304837 0.017884539343614076
15 0.3864538807649044 0.6812574139976275 0.016616985376827896 0.025085013839462236
2 0.6307395950506186 0.676077500988533 0.015281214848143983 0.0938948200869909
14 0.6574100112485939 0.40574139976275203 0.04914510686164229 0.01667457493080269
0 0.9173706411698538 0.3873902728351127 0.05388357705286839 0.030450771055753265
2 0.8977699662542181 0.2837287465401344 0.016335770528683916 0.08918940292605773
3 0.8768644544431946 0.5652115460656386 0.05132452193475815 0.05059707394226967
1 0.787679977502812 0.6609331751680506 0.046951631046119234 0.015852115460656388
2 0.4004105736782902 0.37288256227758004 0.01892013498312711 0.12260181890075128
1 0.2412007874015748 0.6740015816528272 0.013965129358830146 0.0686081455120601
