2 0.288601 0.687001 0.033953 0.079818
11 0.270816 0.63854 0.050121 0.081528
11 0.439774 0.698404 0.036378 0.037628
0 0.43169 0.663056 0.052546 0.019384
0 0.510105 0.616306 0.027486 0.029076
2 0.729992 0.549601 0.083266 0.052452
2 0.756669 0.529076 0.095392 0.059863
16 0.247373 0.378563 0.037187 0.081528
0 0.601455 0.331813 0.065481 0.014253
0 0.588521 0.301026 0.074373 0.016534
1 0.793048 0.288483 0.021019 0.039909
2 0.8173 0.258267 0.037187 0.062714
2 0.877122 0.236602 0.024252 0.075827
2 0.845594 0.22634 0.021019 0.052452
15 0.803557 0.208096 0.03557 0.021095
15 0.708165 0.189852 0.033145 0.025656
1 0.623282 0.190422 0.02021 0.040479
0 0.69038 0.153934 0.0865 0.015393