2 0.25501410721483275 0.18458380843785632 0.12100765820233778 0.014840364880273661
8 0.5850100765820234 0.12744583808437857 0.017609834744054816 0.07128278221208666
2 0.3641434905280129 0.11847206385404789 0.35561870213623537 0.019458380843785636
0 0.15931076178960096 0.4443614595210946 0.013252720677146314 0.08343785632839225
0 0.41449012494961707 0.3548631698973774 0.012966545747682388 0.03167046750285062
2 0.27020153164046756 0.15189851767388826 0.15357920193470373 0.013671607753705815
0 0.5793591293833132 0.4339281641961232 0.014022571543732366 0.052519954389965796
0 0.1359451833937928 0.4415849486887115 0.015276098347440547 0.060199543899657926
2 0.24062474808544942 0.4992474344355758 0.04529222087867795 0.014897377423033067
0 0.11739621120515921 0.4428107183580388 0.012353889560661023 0.03442417331812999
2 0.43783151954856914 0.15233181299885976 0.18151148730350664 0.02675598631698974
0 0.556509471987102 0.443175598631699 0.018851269649334947 0.08110034207525656
2 0.20627972591696894 0.5002223489167616 0.023639661426844014 0.01900798175598632
2 0.373639661426844 0.5008608893956671 0.22274083031035874 0.021448118586088936
2 0.5071704957678356 0.5016761687571266 0.0443329302700524 0.01958950969213227
3 0.2362595727529222 0.630678449258837 0.025340588472390166 0.02733181299885975
7 0.22116082224909311 0.6931927023945268 0.04972188633615478 0.017052451539338653
8 0.14383313180169288 0.7399543899657925 0.013599355098750505 0.06792474344355759
6 0.8501975010076582 0.132309007981756 0.02927851672712616 0.01833523375142531
