0 0.305892 0.478335 0.027441 0.080388
2 0.567393 0.887115 0.315577 0.024515
2 0.79096 0.720068 0.028249 0.087229
0 0.580307 0.234892 0.188055 0.024515
0 0.566586 0.216648 0.057304 0.019384
0 0.566586 0.200684 0.052462 0.020525
0 0.567393 0.1813 0.058918 0.018814
0 0.569007 0.161916 0.056497 0.018814
2 0.321227 0.320981 0.026634 0.058153
2 0.374496 0.237742 0.025827 0.041049
2 0.34544 0.238883 0.026634 0.039909
2 0.309927 0.220068 0.025827 0.058153
0 0.575464 0.332953 0.152542 0.020525
0 0.564165 0.377423 0.093624 0.018814
0 0.567393 0.401938 0.097659 0.019384