7 0.21422745098039214 0.10405700424499698 0.12661176470588237 0.026033959975742874
10 0.1998235294117647 0.06077622801697999 0.13525882352941176 0.029551243177683442
15 0.08738823529411764 0.20795633717404488 0.03568235294117647 0.04516676773802305
5 0.27494117647058824 0.3026015767131595 0.13153333333333334 0.028756822316555488
15 0.10067450980392158 0.6073559733171618 0.03269803921568627 0.04308671922377198
15 0.2226627450980392 0.6294602789569436 0.03710196078431373 0.03878714372346877
1 0.24653333333333333 0.20619163129169193 0.08543921568627451 0.046240145542753186
15 0.20849803921568627 0.5811218920557913 0.032549019607843135 0.033529411764705884
0 0.19838039215686273 0.3876409945421468 0.028274509803921568 0.027683444511825347
15 0.530278431372549 0.2163614311704063 0.02855294117647059 0.04272892662219527
3 0.22269411764705882 0.5230927835051546 0.0513843137254902 0.04325651910248635
15 0.20243921568627452 0.2658884172225591 0.02962352941176471 0.03921770770163736
15 0.09510588235294118 0.3390721649484536 0.030376470588235293 0.04308065494238933
2 0.37531764705882353 0.17574893875075803 0.06172156862745098 0.11318981200727714
0 0.3671843137254902 0.2543117040630685 0.028898039215686275 0.024772589448150396
0 0.0529764705882353 0.338289872650091 0.023933333333333334 0.02550636749545179
0 0.0750392156862745 0.3862704669496665 0.024219607843137255 0.023559733171619163
2 0.13236078431372547 0.6608308065494239 0.0891764705882353 0.022844147968465737
2 0.1324078431372549 0.6997028502122498 0.09219607843137255 0.022249848392965434
