15 0.7851511487303506 0.21021094640820978 0.02644901249496171 0.028671607753705815
2 0.6948649738008867 0.16206385404789053 0.3032688432083837 0.02273660205245154
15 0.5316848045143087 0.2761459521094641 0.024284562676340184 0.03194412770809578
0 0.4908706166868198 0.3505302166476625 0.01475211608222491 0.03537628278221208
16 0.9421563885530028 0.7348004561003421 0.07298669891172915 0.046408209806157355
1 0.8306247480854495 0.4185803876852908 0.055167271261588074 0.01839224629418472
15 0.8567110036275696 0.2734435575826682 0.02501813784764208 0.0353363740022805
2 0.5532365981459089 0.18911630558722917 0.028323256751309953 0.0188654503990878
2 0.5445062474808545 0.49931014823261116 0.05110439338976219 0.018939566704675028
15 0.5905481660620718 0.25389965792474345 0.02557839580814188 0.028010262257696695
2 0.7952801289802499 0.4995667046750285 0.09397420395002015 0.01928734321550741
2 0.6909512293430069 0.49943557582668185 0.11393389762192666 0.018318129988597495
0 0.6873276904474003 0.3507183580387685 0.019862958484482066 0.05525655644241733
0 0.5092543329302701 0.3489908779931585 0.01509471987101975 0.0515963511972634
2 0.8443248690044337 0.18956100342075258 0.04611043933897622 0.018027366020524516
1 0.5558686013704152 0.4180159635119727 0.05585650947198711 0.017200684150513113
0 0.8718540910923016 0.3509578107183581 0.01577589681580008 0.07541049030786774
8 0.8872309552599758 0.3505644241733181 0.015336557839580814 0.0719897377423033
2 0.8314913341394599 0.2976624857468643 0.050810157194679566 0.023437856328392247
11 0.8696453043127772 0.2241163055872292 0.016432889963724304 0.05301596351197263
5 0.47576380491737197 0.16753705815279363 0.05287384119306732 0.021972633979475485
9 0.3841475211608223 0.2864139110604333 0.015796049979846835 0.062143671607753706
15 0.34496573962112054 0.35963511972633977 0.020769850866586056 0.024743443557582668
15 0.3655703345425232 0.3471436716077537 0.01992744860943168 0.03328392246294185
