4 0.5420521370112156 0.4592470588235294 0.08730827523491966 0.015443137254901962
10 0.1051955137920582 0.5097176470588235 0.08975143983025158 0.01767450980392157
7 0.7238829948469233 0.19430196078431375 0.08771749014852985 0.017403921568627453
0 0.9139224007274932 0.49484705882352936 0.06191573204001212 0.0256
2 0.7355410730524402 0.2450705882352941 0.12178842073355561 0.02099607843137255
2 0.670763867838739 0.3001764705882353 0.0877811458017581 0.023309803921568627
0 0.6207911488329797 0.527521568627451 0.07267656865716883 0.02416470588235294
15 0.9034768111548954 0.43997254901960786 0.026917247650803274 0.02675686274509804
0 0.4178053955744165 0.3446901960784314 0.03821764170960897 0.02336078431372549
15 0.7255350106092755 0.2960078431372549 0.023058502576538343 0.03008627450980392
12 0.4485995756289785 0.4069529411764706 0.1050682024856017 0.014749019607843137
0 0.5429857532585631 0.44031372549019604 0.04043649590785087 0.023952941176470587
2 0.6640163685965444 0.7265254901960785 0.0819430130342528 0.02062745098039216
4 0.6220733555622916 0.5464549019607843 0.08397999393755684 0.012549019607843137
4 0.9066838435889664 0.5132823529411764 0.09784783267656866 0.015505882352941177
10 0.6214277053652623 0.322 0.08991209457411337 0.016101960784313727
3 0.7582873598060018 0.6782313725490197 0.03578053955744165 0.026850980392156863
7 0.8766232191573204 0.7655725490196078 0.08450742649287664 0.014145098039215686
4 0.8775022734161868 0.780756862745098 0.08533798120642618 0.013435294117647057
4 0.5436556532282509 0.38398823529411763 0.03129130039405881 0.021745098039215687
