15 0.400855 0.155759 0.048403 0.043212
15 0.507641 0.229832 0.067427 0.027627
15 0.547548 0.281452 0.059806 0.034039
0 0.578258 0.433360 0.039065 0.075436
7 0.664964 0.433987 0.035573 0.092481
2 0.480790 0.192382 0.034016 0.018511
0 0.122262 0.432122 0.025621 0.065294
15 0.220798 0.204469 0.137887 0.036275
15 0.326585 0.157539 0.054250 0.095944
15 0.519726 0.151854 0.056516 0.094661
11 0.552460 0.238748 0.037532 0.068437
3 0.404077 0.208078 0.042911 0.031466
2 0.424286 0.054914 0.146540 0.017473
2 0.306371 0.088796 0.092435 0.018893
2 0.434403 0.088679 0.120839 0.018180
16 0.822738 0.681281 0.219185 0.042025
16 0.820661 0.628771 0.222645 0.046509
15 0.614790 0.220975 0.062758 0.034946
0 0.624435 0.434515 0.041452 0.092647
