0 0.553859 0.452979 0.125287 0.016631
3 0.905378 0.402739 0.022102 0.076756
3 0.763067 0.273600 0.024869 0.075604
16 0.389302 0.580428 0.041445 0.076750
7 0.235883 0.456323 0.028399 0.082885
7 0.388280 0.249017 0.025903 0.081066
7 0.239655 0.098218 0.025320 0.081807
8 0.470049 0.075912 0.117159 0.017868
2 0.703801 0.564481 0.132726 0.015735
15 0.867126 0.078207 0.031987 0.023769
15 0.835308 0.114629 0.028465 0.025097
2 0.244089 0.272848 0.029228 0.206026
2 0.904667 0.252161 0.021962 0.026887
0 0.704220 0.651069 0.037307 0.038694
2 0.301589 0.362614 0.024195 0.065753
2 0.912131 0.795921 0.023670 0.059743
2 0.640985 0.937722 0.373153 0.035000
2 0.350538 0.307489 0.046379 0.119139
2 0.905920 0.199889 0.022430 0.058044
0 0.584323 0.067856 0.103604 0.017856
0 0.580993 0.104250 0.101396 0.015730
