5 0.5812141941000427 0.2308162031438936 0.05296280461735784 0.01774486094316808
15 0.5572595126122275 0.40198911729141473 0.019974348011970927 0.02429262394195889
15 0.4262377084224028 0.24940145102781136 0.020183839247541684 0.025368802902055624
5 0.33554938007695595 0.2642321644498186 0.051517742625053445 0.018784764207980652
2 0.5328858486532707 0.1900906892382104 0.027956391620350577 0.012769044740024185
2 0.5216160752458315 0.3564389359129383 0.050299273193672514 0.01718863361547763
15 0.5545532278751603 0.6489298669891173 0.02055579307396323 0.023766626360338574
2 0.44376656690893546 0.4216565900846433 0.03570756733646858 0.015024183796856107
0 0.7824925181701582 0.4259492140266022 0.014647285164600257 0.03402055622732769
2 0.4896451474989312 0.15262394195888754 0.11250106883283453 0.014304715840386941
2 0.5549465583582728 0.2515417170495768 0.046280461735784525 0.015779927448609433
0 0.39640017101325353 0.44105804111245467 0.012804617357845233 0.034582829504232165
0 0.21612227447627191 0.4660882708585248 0.01880718255664814 0.020266021765417173
0 0.9012141941000428 0.4170193470374849 0.02027362120564344 0.018996372430471586
2 0.45235570756733645 0.19132406287787182 0.03994442069260368 0.012158403869407497
0 0.38466866182129117 0.4400967351874244 0.012342881573321933 0.033784764207980655
0 0.3558871312526721 0.44209189842805324 0.014095767421975203 0.022448609431680776
0 0.802894399315947 0.3942442563482467 0.021038905515177425 0.018131801692865778
15 0.5538948268490808 0.27159613059250304 0.03092774690038478 0.021142684401451027
0 0.3698375374091492 0.44151753325272064 0.010440359127832408 0.022182587666263603
15 0.4186660966224882 0.3952539298669891 0.03319367250961949 0.04116686819830714
2 0.45294997862334335 0.1716626360338573 0.03802479692176144 0.01373639661426844
0 0.5823257802479692 0.44521765417170495 0.01483112441214194 0.060465538089480055
5 0.46982043608379653 0.5222007255139057 0.0528302693458743 0.017799274486094318
0 0.9274903805044892 0.29757557436517534 0.03711842667806755 0.023585247883917772
11 0.4780247969217614 0.27142079806529623 0.017263787943565628 0.03594921402660218
0 0.5991449337323643 0.4466686819830713 0.014403591278324069 0.08223095525997581
0 0.6121162890123985 0.4500181378476421 0.013292005130397605 0.02158403869407497
15 0.46558785805899955 0.5509492140266021 0.023852073535699018 0.03275695284159613
15 0.5073834972210346 0.39769649334945584 0.01983753740914921 0.03521765417170496
15 0.5342112013681061 0.32782950423216445 0.0196579734929457 0.027285368802902058
15 0.5934074390765285 0.2935489721886336 0.0213253527148354 0.02333131801692866
2 0.5451817015818726 0.28894195888754537 0.02622060709705002 0.014117291414752117
3 0.5061906797776827 0.2722067714631197 0.01337751175716118 0.020961305925030232
2 0.7074134245404019 0.4632103990326481 0.032248824283882004 0.01605199516324063
2 0.7112740487387773 0.4182708585247884 0.015707567336468577 0.013990326481257557
6 0.6807781103035485 0.48792019347037485 0.017280889268918343 0.07040507859733978
2 0.28119709277469007 0.37744256348246674 0.03280889268918341 0.030423216444981863
