2 0.722207843137255 0.5848635536688903 0.0916078431372549 0.02656155245603396
2 0.7132078431372549 0.5559005457853244 0.06950980392156862 0.023875075803517283
2 0.7396117647058823 0.3473984232868405 0.22718431372549022 0.019041843541540326
0 0.5769921568627451 0.39681625227410555 0.039180392156862746 0.017465130382049728
0 0.8211529411764706 0.5720436628259551 0.039858823529411766 0.019551243177683447
2 0.5772313725490197 0.4415463917525773 0.0269843137254902 0.05409338993329291
2 0.674992156862745 0.3933353547604609 0.0810470588235294 0.021995148574893878
2 0.748070588235294 0.42942389326864766 0.054690196078431376 0.08858702243784113
14 0.11901960784313725 0.5610673135233475 0.03772156862745098 0.01805942995755003
2 0.12036470588235294 0.4733110976349303 0.049811764705882354 0.15672528805336566
10 0.12742745098039215 0.38222559126743477 0.04674117647058824 0.018653729533050334
