15 0.441958 0.467600 0.023244 0.029584
15 0.828526 0.398886 0.026961 0.041976
15 0.961864 0.406353 0.025428 0.037757
15 0.911616 0.772573 0.027338 0.044518
15 0.939170 0.682816 0.034145 0.043749
15 0.721043 0.671125 0.029989 0.039020
15 0.443518 0.719643 0.027662 0.041576
15 0.472112 0.677906 0.031385 0.038055
15 0.913960 0.475643 0.026152 0.036871
15 0.860356 0.464561 0.032548 0.034110
15 0.539897 0.471663 0.035485 0.042369
2 0.309179 0.356024 0.134572 0.029020
2 0.568723 0.304765 0.218267 0.023945
2 0.584940 0.356157 0.183506 0.022918
2 0.679863 0.211416 0.439704 0.029231
2 0.846337 0.260235 0.106847 0.026478
2 0.863181 0.304718 0.072999 0.022706
2 0.778757 0.295435 0.039327 0.031984
2 0.835849 0.361741 0.051916 0.021318
2 0.745328 0.709086 0.238455 0.024086
2 0.677309 0.743200 0.446522 0.022306
2 0.881009 0.771820 0.039715 0.031984
2 0.414880 0.537663 0.016180 0.103231
1 0.934666 0.350322 0.062765 0.029114
0 0.429752 0.511541 0.021853 0.065247
0 0.436975 0.609816 0.022879 0.084431
0 0.715117 0.577549 0.017440 0.071961
0 0.760889 0.520208 0.022782 0.085388
0 0.961354 0.582765 0.021157 0.085075
0 0.926135 0.528553 0.020456 0.065561
0 0.910906 0.576525 0.017434 0.044455
0 0.945345 0.513220 0.024829 0.079443
0 0.977166 0.500122 0.019749 0.073686
5 0.952640 0.165282 0.073694 0.040933
5 0.402186 0.171388 0.075046 0.044518
15 0.843729 0.337510 0.028119 0.046047
11 0.881129 0.701733 0.040912 0.054682
1 0.426693 0.347639 0.058119 0.028251
5 0.635684 0.255208 0.074208 0.044518
0 0.572166 0.507224 0.018597 0.043498
11 0.610773 0.690486 0.040450 0.043749
16 0.264051 0.792929 0.038968 0.194533
