3 0.175465 0.185756 0.026220 0.029761
3 0.344586 0.108712 0.019332 0.038377
2 0.324210 0.632592 0.090980 0.021321
8 0.856105 0.203611 0.050385 0.024652
2 0.164314 0.271350 0.016111 0.053523
2 0.296108 0.552186 0.036012 0.023541
2 0.236017 0.632934 0.090069 0.025714
2 0.263886 0.552852 0.035381 0.022208
2 0.387744 0.315768 0.014588 0.043493
3 0.227226 0.404916 0.016111 0.039089
3 0.249623 0.316368 0.014058 0.031317
3 0.709129 0.234782 0.023474 0.021900
3 0.427643 0.228764 0.025799 0.024800
7 0.642825 0.475209 0.043436 0.023319
3 0.704925 0.412620 0.019744 0.029612
0 0.812500 0.295161 0.021291 0.039128
0 0.650498 0.295108 0.011393 0.038341
0 0.622017 0.295371 0.012327 0.040967
0 0.598410 0.294662 0.022039 0.039391
2 0.118523 0.388123 0.017358 0.191121
2 0.118785 0.223898 0.018015 0.143225
2 0.279966 0.092632 0.025747 0.020212
2 0.723472 0.454870 0.063130 0.024907
2 0.713139 0.507236 0.053365 0.020435
2 0.771274 0.506119 0.039741 0.019478
2 0.702096 0.322698 0.032171 0.020844
3 0.770719 0.124769 0.022267 0.026991
0 0.411181 0.366075 0.012902 0.056230
2 0.165603 0.329116 0.016301 0.070360
3 0.688628 0.277828 0.023144 0.023134
1 0.787200 0.245224 0.033117 0.015890
2 0.706197 0.154817 0.038795 0.022841
12 0.440188 0.335757 0.046070 0.023136
3 0.337705 0.441621 0.013820 0.043677
2 0.144390 0.361131 0.023875 0.139344
2 0.315453 0.585625 0.073003 0.032230
2 0.245704 0.584293 0.072624 0.030900
2 0.143558 0.263118 0.020814 0.067833
