2 0.34743443557582665 0.6762646828504307 0.13309578107183578 0.01750195771339076
11 0.4287970353477765 0.3284808144087706 0.024412770809578106 0.05107282693813626
2 0.3843956670467503 0.15159749412685983 0.057690992018244014 0.01596711041503524
15 0.16837514253135688 0.29639780736100235 0.0219327251995439 0.022693813625685202
2 0.32402508551881415 0.09620986687548942 0.183557582668187 0.01758026624902114
0 0.4975085518814139 0.3996867658574784 0.01404218928164196 0.06760375880971026
2 0.28419042189281646 0.2147924823805795 0.04384264538198404 0.020501174628034455
3 0.3671778791334093 0.7974706342991386 0.04605473204104903 0.02220830070477682
0 0.14641961231470924 0.39803445575567736 0.019846066134549603 0.0649569303054033
2 0.6920695553021665 0.15576350822239624 0.10083808437856329 0.03364917776037588
2 0.3209122006841505 0.4272122161315583 0.05433865450399088 0.01794831636648395
5 0.45740592930444696 0.1568363351605325 0.07133409350057013 0.018042286609240406
5 0.3110376282782212 0.1573844949099452 0.07511402508551882 0.018731401722787786
0 0.4711858608893957 0.3983085356303837 0.03078677309007982 0.06874706342991387
2 0.3604503990877993 0.6494753328112765 0.10981185860889396 0.016601409553641346
15 0.4445096921322691 0.45009397024275644 0.018683010262257698 0.022529365700861392
0 0.2210376282782212 0.39519185591229444 0.01961801596351197 0.06394675019577134
2 0.34068415051311285 0.12409553641346907 0.14708095781071837 0.015700861393891936
15 0.4322234891676169 0.23928739232576351 0.020028506271379705 0.023187157400156616
0 0.19233181299885976 0.39939702427564605 0.012787913340935006 0.05871574001566171
9 0.35557012542759403 0.840407204385278 0.0651254275940707 0.021949882537196555
2 0.41438996579247434 0.42570086139389196 0.04866020524515393 0.021378230227094754
0 0.28327251995438996 0.3998981989036805 0.01590649942987457 0.06539545810493344
3 0.26509122006841507 0.2725841816758026 0.03644811858608894 0.015403288958496478
2 0.17697833523375142 0.7187157400156616 0.054224629418472066 0.028159749412685984
2 0.43039908779931585 0.8441033672670322 0.07226909920182441 0.03361785434612373
0 0.17310148232611175 0.39833202819107283 0.014224629418472063 0.06343774471417385
3 0.14335803876852907 0.7790837901331245 0.036020524515393386 0.02433046202036022
8 0.1476738882554162 0.22923257635082225 0.013740022805017104 0.1064291307752545
8 0.22079247434435575 0.23378230227094754 0.01402508551881414 0.1145105716523101
15 0.3430159635119726 0.23924823805794831 0.020946408209806158 0.025215348472983557
1 0.4083181299885975 0.18062646828504306 0.04827822120866591 0.029835552075176196
11 0.178078677309008 0.7487862176977291 0.04480045610034208 0.024604541895066563
2 0.38057012542759405 0.6210415035238841 0.06232611174458381 0.025066562255285824
