2 0.787516 0.672323 0.112544 0.019194
2 0.612904 0.671222 0.242635 0.020169
2 0.209532 0.413464 0.024974 0.152363
0 0.352712 0.404665 0.015396 0.082169
0 0.865208 0.389665 0.015744 0.105540
0 0.710017 0.429782 0.013006 0.040484
15 0.768614 0.582137 0.019795 0.080177
2 0.775260 0.518516 0.034147 0.016968
1 0.868446 0.569984 0.032727 0.014806
1 0.404604 0.568766 0.034147 0.014500
5 0.903035 0.255875 0.065454 0.018508
2 0.178716 0.582343 0.217285 0.031637
5 0.361338 0.256153 0.066098 0.020177
3 0.306831 0.420952 0.027148 0.030645
0 0.527133 0.406746 0.015830 0.091411
0 0.385958 0.395004 0.018728 0.106685
16 0.400736 0.762544 0.202099 0.043105
15 0.276763 0.635440 0.020131 0.073556
15 0.768254 0.363214 0.021266 0.082508
15 0.576392 0.332383 0.057233 0.028460
15 0.668428 0.323673 0.058249 0.029847
2 0.633902 0.244992 0.418950 0.027919
2 0.799946 0.406391 0.087775 0.021427
