2 0.767463 0.331767 0.058192 0.019069
3 0.338121 0.441899 0.013820 0.043185
3 0.705472 0.411533 0.021289 0.030702
2 0.323687 0.631702 0.091209 0.027141
3 0.692627 0.278235 0.022745 0.024652
3 0.778786 0.243460 0.022555 0.021854
2 0.703593 0.322815 0.039688 0.020510
3 0.770476 0.123792 0.021835 0.026864
2 0.314358 0.580249 0.029332 0.022618
2 0.704670 0.154735 0.042053 0.021989
2 0.723780 0.453746 0.061346 0.021066
2 0.712063 0.505590 0.056773 0.024170
2 0.772227 0.506144 0.038005 0.019512
2 0.236185 0.630906 0.091517 0.022983
2 0.244813 0.580249 0.028386 0.022618
3 0.709138 0.234390 0.023692 0.022208
3 0.250250 0.316849 0.014589 0.032234
3 0.427604 0.228135 0.027247 0.025356
2 0.279500 0.092418 0.027510 0.022578
3 0.344267 0.109200 0.019270 0.037977
2 0.388250 0.315322 0.015139 0.044970
2 0.164196 0.270677 0.016243 0.049006
2 0.165817 0.328733 0.015329 0.070514
2 0.141216 0.362792 0.017220 0.040712
2 0.141557 0.263764 0.017714 0.039913
2 0.119287 0.224061 0.024862 0.140633
2 0.119852 0.388849 0.024297 0.193867
7 0.642970 0.475742 0.042317 0.022544
2 0.296712 0.552040 0.034037 0.022543
2 0.760646 0.357762 0.071669 0.026821
0 0.598748 0.294968 0.018531 0.038434
0 0.621812 0.295153 0.010513 0.038804
0 0.650789 0.295523 0.010118 0.039543
2 0.263397 0.552317 0.035745 0.021989
0 0.833905 0.295117 0.010120 0.038434
3 0.175463 0.186400 0.026062 0.029241
0 0.409672 0.366935 0.012300 0.057210
3 0.227589 0.405095 0.015006 0.038422
12 0.439656 0.336566 0.046554 0.024587
