2 0.079032 0.389618 0.015726 0.438106
2 0.272177 0.59555 0.010887 0.057616
15 0.346774 0.146606 0.023387 0.030804
0 0.228629 0.109527 0.047984 0.019966
8 0.231855 0.12721 0.055645 0.020536
15 0.142339 0.156303 0.022581 0.033086
1 0.093145 0.211637 0.010484 0.031375
5 0.108065 0.513406 0.054435 0.300627
1 0.100403 0.577867 0.012097 0.036509
5 0.130645 0.627496 0.020161 0.030804
1 0.174597 0.58243 0.010887 0.031375
3 0.244355 0.552196 0.01129 0.021677
3 0.2125 0.558471 0.010887 0.019395
15 0.287097 0.626355 0.020161 0.034227
15 0.732661 0.496292 0.019758 0.033086
2 0.745161 0.207074 0.042339 0.015973
0 0.71371 0.383913 0.04879 0.029093