0 0.647138 0.372478 0.011197 0.039247
2 0.299511 0.172385 0.070579 0.033719
2 0.716807 0.348136 0.031181 0.019889
2 0.720033 0.530494 0.062555 0.024207
11 0.308667 0.384814 0.019893 0.066671
0 0.809081 0.372544 0.020502 0.039249
2 0.711005 0.223568 0.048888 0.020512
1 0.783271 0.323315 0.033906 0.016815
7 0.665915 0.569225 0.042316 0.022728
2 0.767575 0.587611 0.038636 0.024170
2 0.718765 0.589164 0.036271 0.025943
3 0.766816 0.204463 0.021455 0.028132
3 0.705986 0.312598 0.023363 0.023752
3 0.786116 0.454170 0.023159 0.024061
3 0.701583 0.489242 0.021455 0.029796
3 0.287705 0.314480 0.021639 0.030870
0 0.617806 0.371481 0.009619 0.039913
0 0.595728 0.371813 0.019712 0.040577
0 0.276126 0.098326 0.028764 0.017028
0 0.403714 0.493898 0.039535 0.018325
12 0.447631 0.506720 0.045575 0.021732
8 0.864923 0.280988 0.048886 0.023727
11 0.196081 0.260081 0.162929 0.225781
11 0.241221 0.384814 0.019622 0.068205
