2 0.572157 0.55185 0.088627 0.020619
3 0.529412 0.372347 0.081176 0.090964
12 0.152157 0.771377 0.127059 0.028502
0 0.10902 0.697999 0.047059 0.028502
4 0.339608 0.636143 0.118039 0.029109
0 0.326667 0.576713 0.086275 0.02547
0 0.50549 0.606428 0.052157 0.026683
4 0.681176 0.62644 0.113333 0.027896
0 0.666275 0.588842 0.076863 0.02547
0 0.838824 0.654942 0.044314 0.027289
11 0.839608 0.494239 0.031765 0.141298
4 0.757647 0.438448 0.113725 0.024864
0 0.746275 0.39903 0.043137 0.024257
15 0.753725 0.32929 0.035294 0.045482
2 0.608627 0.251668 0.079216 0.026076
0 0.819608 0.204973 0.04549 0.02547
12 0.845098 0.277744 0.129412 0.030928
10 0.66902 0.291692 0.112549 0.026076
7 0.646667 0.202547 0.111765 0.027289
7 0.480392 0.197089 0.108235 0.026076
15 0.577255 0.526986 0.021176 0.038811
15 0.412549 0.52638 0.025882 0.046089
15 0.56 0.300788 0.025098 0.049121
15 0.460392 0.306853 0.026667 0.047908
2 0.402745 0.251668 0.100392 0.027896
10 0.338431 0.291692 0.108235 0.028502
15 0.254118 0.331716 0.028235 0.038205
0 0.252941 0.40752 0.051765 0.032747
4 0.254902 0.436628 0.112941 0.02547
11 0.176471 0.497271 0.028627 0.137659
0 0.174118 0.340206 0.054902 0.04245
