16 0.83629 0.656018 0.157258 0.045636
15 0.339516 0.390759 0.05 0.036509
2 0.232258 0.428408 0.025806 0.044495
2 0.212097 0.394181 0.023387 0.039932
2 0.262097 0.389618 0.026613 0.035368
1 0.287903 0.337136 0.023387 0.034797
5 0.237097 0.328009 0.032258 0.07587
2 0.415323 0.207644 0.095968 0.017114
3 0.287903 0.086138 0.042742 0.017684
3 0.276613 0.16429 0.042742 0.017684
3 0.282258 0.13919 0.045968 0.018254
11 0.198387 0.188249 0.076613 0.030804
2 0.177419 0.214489 0.062903 0.016543
2 0.077419 0.162008 0.028226 0.06275
2 0.079839 0.085568 0.026613 0.081004
15 0.146774 0.106104 0.041129 0.035368
15 0.127419 0.097547 0.041129 0.034227
2 0.217742 0.057045 0.115323 0.015402
3 0.116935 0.056475 0.040323 0.016543
8 0.35 0.059327 0.104839 0.02567
0 0.531452 0.051911 0.053226 0.015973
1 0.482258 0.083286 0.041935 0.018254
15 0.406452 0.144324 0.045968 0.036509
2 0.499194 0.250998 0.03871 0.302909
11 0.63871 0.305191 0.051613 0.031945
2 0.807258 0.220194 0.026613 0.243012
2 0.905645 0.258414 0.031452 0.319452
2 0.855645 0.252139 0.030645 0.305191
2 0.793548 0.395893 0.021774 0.061038
1 0.619355 0.437536 0.022581 0.027952
2 0.544355 0.46777 0.316935 0.017114
15 0.370161 0.44267 0.052419 0.031375
15 0.725 0.486024 0.046774 0.028523
0 0.545968 0.574444 0.064516 0.016543
0 0.55 0.548774 0.030645 0.015402
0 0.46371 0.535653 0.054839 0.016543
0 0.529839 0.508842 0.047581 0.016543
0 0.541129 0.487165 0.051613 0.016543
0 0.540323 0.446663 0.059677 0.020536