3 0.769087 0.690792 0.011354 0.008848
3 0.803662 0.574396 0.017441 0.010331
3 0.214127 0.200500 0.029867 0.026137
2 0.357745 0.162453 0.015441 0.032762
3 0.800064 0.586575 0.015042 0.014957
2 0.354772 0.742795 0.018533 0.149307
2 0.503073 0.557263 0.013603 0.044590
2 0.524393 0.561055 0.014389 0.054396
2 0.190087 0.237573 0.194385 0.010391
2 0.387267 0.155580 0.014172 0.022357
2 0.377547 0.171769 0.018714 0.031348
11 0.543225 0.624815 0.044208 0.012742
11 0.485941 0.618934 0.052229 0.015439
11 0.277404 0.208784 0.063740 0.013384
1 0.399672 0.582013 0.012209 0.024208
1 0.156941 0.201321 0.009085 0.022871
1 0.137773 0.146521 0.010717 0.024284
1 0.401614 0.867271 0.009339 0.016685
1 0.486358 0.861179 0.009146 0.016953
2 0.940222 0.578374 0.012293 0.047181
2 0.940349 0.723435 0.012572 0.248010
2 0.921298 0.640389 0.018081 0.082489
2 0.921026 0.747104 0.017900 0.137491
2 0.921078 0.831021 0.018206 0.035302
2 0.900959 0.698945 0.015042 0.039624
2 0.378636 0.827605 0.019802 0.028523
2 0.334925 0.700563 0.019573 0.295071
11 0.536834 0.690606 0.041213 0.009296
11 0.786725 0.704966 0.044913 0.022754
11 0.542813 0.753712 0.045127 0.012645
3 0.444373 0.582340 0.010891 0.007873
3 0.769657 0.709906 0.012181 0.008056
8 0.699692 0.463583 0.039964 0.008404
7 0.577066 0.760988 0.011657 0.024233
0 0.658571 0.908399 0.027428 0.006445
8 0.699526 0.893750 0.039754 0.008258
0 0.647179 0.892771 0.054672 0.010496
0 0.639863 0.865426 0.037404 0.007392
0 0.648055 0.646334 0.036497 0.006534
8 0.699579 0.521970 0.040593 0.008478
0 0.640107 0.522617 0.029025 0.007737
0 0.648499 0.508032 0.027977 0.006696
0 0.648583 0.493275 0.028920 0.006619
0 0.648434 0.478824 0.028396 0.005801
0 0.641179 0.464617 0.027767 0.005949
0 0.682116 0.301338 0.015050 0.015887
0 0.222965 0.270567 0.023930 0.008569
0 0.223555 0.110391 0.017114 0.007497
15 0.187104 0.197896 0.021657 0.011568
15 0.773843 0.527436 0.020141 0.013064
15 0.772388 0.870734 0.017965 0.011839
15 0.784766 0.899334 0.018174 0.012586
16 0.317912 0.906708 0.035800 0.092389
15 0.397110 0.808429 0.018001 0.013096
15 0.397128 0.793833 0.017747 0.012808
15 0.880780 0.469592 0.018722 0.011676
