2 0.447922 0.111485 0.027546 0.059379
2 0.523378 0.544806 0.024528 0.058632
2 0.324528 0.527802 0.038370 0.092001
2 0.373273 0.462634 0.077554 0.018883
2 0.524431 0.347409 0.024019 0.067554
2 0.311792 0.336796 0.024229 0.032235
2 0.562845 0.217611 0.024899 0.104151
2 0.448406 0.167868 0.024673 0.031927
11 0.340872 0.139456 0.060775 0.020564
1 0.455678 0.304393 0.023317 0.045901
11 0.435339 0.620285 0.074052 0.026477
0 0.421546 0.036123 0.102510 0.016705
0 0.421538 0.391009 0.065077 0.014960
0 0.723652 0.632015 0.025416 0.015365
0 0.615706 0.616471 0.023842 0.014994
0 0.421965 0.414900 0.029290 0.015935
0 0.421396 0.209401 0.032090 0.014344
7 0.190864 0.057594 0.112139 0.023136
8 0.421090 0.053954 0.105456 0.021750
10 0.283701 0.217169 0.034278 0.060849
9 0.497401 0.469418 0.084939 0.023444
2 0.562603 0.125063 0.023592 0.083512
1 0.522369 0.126556 0.023269 0.049088
15 0.295565 0.070048 0.039831 0.025171
15 0.382183 0.120482 0.036425 0.030165
15 0.382026 0.302968 0.037466 0.029242
15 0.427720 0.491747 0.035634 0.029983
15 0.417107 0.514324 0.037990 0.028501
15 0.303971 0.365191 0.048733 0.028136
15 0.327873 0.205046 0.035843 0.029761
16 0.912970 0.736844 0.126118 0.036596
2 0.311651 0.092109 0.024835 0.055074
2 0.260085 0.217144 0.026190 0.271790
