2 0.45990588235294116 0.1506913280776228 0.25231764705882354 0.028386901152213463
5 0.11148627450980393 0.42257125530624623 0.0828078431372549 0.030254699818071558
2 0.4622705882352941 0.2662219526986052 0.08978431372549019 0.025542753183747723
15 0.1702392156862745 0.3117828987265009 0.04196078431372549 0.05138265615524561
2 0.4308823529411765 0.224251061249242 0.1960156862745098 0.028599151000606424
0 0.2574549019607843 0.42546998180715584 0.06912549019607843 0.04194057004244997
2 0.3421176470588235 0.3006064281382656 0.10570588235294118 0.022492419648271682
0 0.1924313725490196 0.41477865372953304 0.05098431372549019 0.03847180109157065
0 0.11305098039215686 0.3856640388114009 0.0652078431372549 0.04458459672528805
0 0.7267372549019608 0.4270709520921771 0.05941960784313726 0.04665251667677381
2 0.5823882352941177 0.6684232868405094 0.11733333333333333 0.027167980594299573
2 0.5390078431372549 0.1865676167374166 0.08758039215686275 0.024348089751364464
1 0.6524274509803922 0.442874469375379 0.0693921568627451 0.02479684657368102
5 0.7319333333333333 0.655184960582171 0.08534901960784314 0.03116434202546998
15 0.6512627450980393 0.3740448756822316 0.042741176470588234 0.04706488781079442
1 0.25299607843137256 0.5432504548211037 0.06641960784313726 0.029611885991510004
7 0.6210549019607844 0.29198302001212856 0.07350196078431373 0.028496058217101276
2 0.3293607843137255 0.5751607034566404 0.09428235294117647 0.02725288053365676
2 0.37393333333333334 0.26961188599151 0.04668235294117647 0.031115827774408734
2 0.7864235294117647 0.43637962401455427 0.03176470588235294 0.2068041237113402
13 0.7411098039215686 0.5647422680412371 0.09977254901960785 0.026161309884778654
13 0.3909450980392157 0.6775682231655549 0.09505098039215686 0.02490600363856883
