0 0.549042189281642 0.18207174526400646 0.032941847206385405 0.042112051592099964
2 0.5583751425313569 0.8347319629181781 0.24028506271379702 0.023599355098750503
0 0.545188141391106 0.42251511487303506 0.03489167616875713 0.050910923014913345
0 0.5876681870011402 0.4655461507456671 0.0369327251995439 0.06251914550584442
0 0.5995895096921323 0.2090447400241838 0.029737742303306725 0.044961708988311165
0 0.5588882554161916 0.3689842805320436 0.07364880273660206 0.05773881499395405
2 0.32763397947548456 0.32403063280935107 0.01716077537058153 0.09272873841193068
2 0.2967844925883694 0.32203950020153166 0.01813568985176739 0.08608625554212011
0 0.5576396807297606 0.12015719467956469 0.034646522234891675 0.04642885933091495
0 0.5377251995438996 0.24436114469971784 0.04938426453819841 0.06290205562273277
0 0.6002736602052452 0.1520193470374849 0.03621436716077537 0.042095929060862555
2 0.3558152793614595 0.2716485288190246 0.018893956670467504 0.07727126158806932
2 0.3859920182440137 0.27281338170092706 0.017075256556442417 0.06941152760983475
2 0.7512656784492588 0.704913341394599 0.03521664766248575 0.09889560661023782
