6 0.907898 0.396774 0.022241 0.014113
16 0.92016 0.764113 0.107499 0.041129
0 0.470488 0.79879 0.026233 0.027823
11 0.357 0.851613 0.013972 0.043952
11 0.351868 0.806048 0.014257 0.047581
6 0.3858 0.712097 0.016538 0.014919
11 0.467921 0.669355 0.04049 0.021371
11 0.427716 0.668145 0.041631 0.026613
6 0.315369 0.568145 0.011121 0.033871
11 0.251212 0.542339 0.013687 0.031048
2 0.290847 0.491129 0.042486 0.020565
2 0.039065 0.3 0.01055 0.114113
15 0.056744 0.267339 0.023952 0.025806
15 0.096379 0.214919 0.015968 0.029435
15 0.096379 0.192339 0.015968 0.028629
2 0.111206 0.166935 0.072427 0.015726
3 0.120331 0.223387 0.022526 0.02621
3 0.125749 0.303629 0.021671 0.034274
0 0.174508 0.385081 0.011406 0.044355
0 0.228971 0.387097 0.01055 0.03871
0 0.204448 0.389516 0.011406 0.045161
15 0.226404 0.185484 0.024237 0.027823
11 0.246364 0.217339 0.016538 0.031048
2 0.283718 0.134274 0.030225 0.018548
2 0.273168 0.116935 0.046193 0.014919
2 0.272027 0.074194 0.020816 0.015323
15 0.270317 0.096774 0.01882 0.029839
2 0.279726 0.053629 0.037639 0.014919
0 0.329912 0.216935 0.01055 0.033468
15 0.317936 0.264113 0.022812 0.02621
2 0.285429 0.275 0.033362 0.016935
2 0.273738 0.319355 0.025663 0.015726
0 0.352723 0.382258 0.01055 0.043548
0 0.331908 0.358468 0.011691 0.104839
11 0.440262 0.464113 0.043057 0.154032
0 0.67351 0.405645 0.041346 0.027419
0 0.63302 0.312097 0.019105 0.039919