2 0.5658323831242874 0.4094673123486683 0.27528506271379705 0.014891041162227602
15 0.8072348916761688 0.6608797417271994 0.023266818700114027 0.02546408393866021
0 0.5893671607753705 0.18786924939467314 0.030376282782212088 0.023793381759483454
2 0.6914937286202966 0.5434624697336562 0.060484606613454964 0.014326069410815174
0 0.33747434435575824 0.5707586763518967 0.027639680729760547 0.012437449556093624
15 0.589515393386545 0.4683454398708636 0.02307867730900798 0.029136400322841
2 0.6735176738882553 0.6228652138821631 0.05224629418472064 0.024285714285714285
2 0.7267160775370582 0.40904761904761905 0.0443557582668187 0.012937853107344634
2 0.46755416191562144 0.44398708635996775 0.05247434435575827 0.01340597255851493
2 0.4288939566704675 0.5400645682001614 0.04726339794754846 0.02158999192897498
2 0.44240022805017104 0.622816787732042 0.0766533637400228 0.01882970137207425
0 0.8191676168757126 0.5879015334947538 0.02418472063854048 0.02347054075867635
0 0.36071835803876856 0.6133898305084746 0.02879133409350057 0.021404358353510896
15 0.744526795895097 0.6559806295399516 0.02562713797035348 0.029749798224374496
0 0.6305074116305588 0.11941888619854722 0.03 0.02405972558514931
3 0.7155359179019384 0.71136400322841 0.03331812998859749 0.01274414850686037
0 0.5543215507411631 0.561864406779661 0.031476624857468646 0.023422114608555287
2 0.6745438996579248 0.5700403551251009 0.05981185860889395 0.012332526230831316
2 0.7047662485746865 0.3178046811945117 0.04556442417331813 0.014124293785310734
2 0.4462428734321551 0.4267877320419693 0.035324971493728624 0.011218724778046812
5 0.3971664766248575 0.5916142050040355 0.042690992018244014 0.014132364810330913
0 0.3971436716077537 0.5725988700564972 0.026031927023945266 0.022429378531073445
0 0.7980501710376282 0.5639305891848265 0.030450399087799312 0.023292978208232444
2 0.5765165336374003 0.3935189669087974 0.2900285062713797 0.017675544794188862
1 0.40265678449258835 0.6625988700564972 0.03356328392246294 0.011573849878934625
0 0.7651596351197263 0.5814366424535916 0.0320866590649943 0.020597255851493138
1 0.7307639680729761 0.6282243744955609 0.055319270239452684 0.015383373688458433
15 0.6489965792474344 0.20145278450363197 0.021094640820980615 0.036569814366424536
11 0.4982041049030787 0.4851493139628733 0.015781071835803878 0.06844229217110573
0 0.849515393386545 0.5877966101694915 0.023757126567844927 0.02063761097659403
5 0.7651653363740022 0.5990556900726393 0.04135119726339795 0.014616626311541566
1 0.5088369441277081 0.637772397094431 0.030188141391106045 0.011694915254237288
3 0.4842873432155074 0.7182970137207425 0.020039908779931583 0.014842615012106538
15 0.6393614595210947 0.7192816787732043 0.023842645381984037 0.03451977401129944
