0 0.126411 0.759786 0.015145 0.021637
3 0.759052 0.526763 0.026685 0.034609
0 0.327024 0.430185 0.014387 0.040348
0 0.311008 0.430077 0.016226 0.038500
0 0.519254 0.393637 0.014395 0.038865
0 0.535081 0.394284 0.015177 0.039053
8 0.663867 0.396794 0.021589 0.055676
0 0.477210 0.916509 0.018839 0.033314
0 0.300633 0.964082 0.014750 0.044866
0 0.284935 0.964304 0.013500 0.045311
0 0.248915 0.934002 0.031540 0.032179
0 0.647827 0.036158 0.016008 0.035088
0 0.630742 0.036024 0.014758 0.033314
3 0.849266 0.362265 0.017274 0.028317
3 0.862645 0.473793 0.014758 0.022875
3 0.843117 0.654592 0.015169 0.027758
2 0.740815 0.102322 0.019355 0.050154
2 0.128669 0.520097 0.021855 0.087952
2 0.256173 0.891326 0.020718 0.045528
2 0.260161 0.828494 0.013823 0.076623
2 0.684056 0.700730 0.038435 0.341529
2 0.723004 0.673289 0.021605 0.398214
2 0.627573 0.612245 0.076500 0.025710
2 0.498899 0.632590 0.028121 0.173531
2 0.341081 0.655525 0.034371 0.172978
2 0.341871 0.524629 0.028210 0.098249
2 0.835298 0.584484 0.064677 0.020434
2 0.800097 0.239960 0.119645 0.024586
6 0.661734 0.319624 0.016694 0.038369
