0 0.655234 0.129566 0.049710 0.014991
3 0.442044 0.818523 0.013185 0.015322
3 0.474484 0.746235 0.031460 0.047439
2 0.471940 0.355074 0.018444 0.074837
2 0.433012 0.375222 0.014919 0.076754
2 0.404133 0.504261 0.012242 0.067074
2 0.418262 0.509592 0.012556 0.055522
2 0.618012 0.453038 0.013032 0.086680
2 0.609708 0.339313 0.013028 0.102607
2 0.864143 0.375550 0.013343 0.078289
2 0.929343 0.436854 0.013113 0.200428
2 0.914062 0.483565 0.013294 0.108226
2 0.881425 0.514989 0.013085 0.044421
2 0.895518 0.504295 0.012867 0.065396
2 0.745786 0.475111 0.011887 0.124564
2 0.346742 0.518791 0.017331 0.073292
2 0.119935 0.629726 0.061089 0.138197
2 0.056798 0.795114 0.012556 0.057302
2 0.073659 0.828959 0.011867 0.058899
2 0.053974 0.854244 0.012431 0.035379
2 0.312107 0.845548 0.012415 0.090559
2 0.274716 0.143477 0.075504 0.016629
0 0.655748 0.188876 0.044835 0.016258
0 0.655185 0.249509 0.028258 0.016520
0 0.654714 0.228055 0.038621 0.017855
0 0.655183 0.208465 0.044835 0.021323
0 0.654486 0.265573 0.019988 0.014524
0 0.654907 0.282695 0.035750 0.015111
0 0.419423 0.448448 0.032653 0.046195
0 0.655194 0.608223 0.041339 0.015716
0 0.654540 0.580830 0.054944 0.016458
0 0.179760 0.926991 0.057956 0.016286
0 0.174135 0.900097 0.036367 0.014809
3 0.412218 0.819746 0.015073 0.021763
0 0.285341 0.916931 0.045214 0.015767
5 0.883712 0.556426 0.048948 0.020359
5 0.908282 0.141517 0.062008 0.020434
5 0.908752 0.193600 0.061069 0.019327
5 0.903810 0.269373 0.048274 0.019989
5 0.072278 0.928326 0.051024 0.022653
0 0.286206 0.896275 0.035637 0.016657
0 0.203030 0.486731 0.052673 0.018551
0 0.654907 0.166121 0.044089 0.014809
0 0.654907 0.148072 0.044613 0.014991
11 0.461381 0.883774 0.042907 0.025174
11 0.264133 0.775816 0.046468 0.029315
11 0.078403 0.568508 0.048153 0.053731
11 0.434087 0.786366 0.034536 0.022875
11 0.339510 0.272333 0.062173 0.140924
11 0.865675 0.454113 0.021665 0.039977
10 0.881792 0.573973 0.043827 0.020359
11 0.365242 0.863123 0.016387 0.054632
11 0.464087 0.488916 0.026375 0.070896
11 0.835375 0.416803 0.051492 0.047524
1 0.072071 0.891871 0.053117 0.023023
