5 0.7862631154156577 0.16354618015963512 0.023018563357546408 0.06530216647662486
16 0.4493866020984665 0.8451311288483466 0.04554479418886199 0.183654503990878
15 0.8184826472962067 0.2160205245153934 0.03539951573849879 0.03055872291904219
15 0.8236481033091203 0.4974230330672748 0.03540758676351897 0.03171607753705816
2 0.7999515738498789 0.4452337514253136 0.025867635189669086 0.07415051311288484
2 0.7551815980629539 0.45619156214367157 0.02271993543179984 0.051345496009122006
15 0.6332284100080711 0.5740250855188141 0.0352865213882163 0.02887115165336374
11 0.5996045197740113 0.5098517673888255 0.07628732849071831 0.024657924743443558
15 0.5503954802259887 0.5350057012542759 0.034293785310734466 0.033352337514253136
15 0.638410008071025 0.17225199543899658 0.036037126715092814 0.027713797035347775
2 0.29102502017756254 0.3747320410490308 0.023583535108958838 0.214327251995439
11 0.6250766747376917 0.3682212086659065 0.08058111380145279 0.04001710376282782
2 0.7102340597255852 0.4454732041049031 0.023422114608555287 0.03078677309007982
2 0.2566585956416465 0.3473318129988598 0.023648103309120257 0.27045039908779933
2 0.3251896690879742 0.3552394526795895 0.02852300242130751 0.1558950969213227
0 0.40507667473769166 0.5422976054732042 0.0583454398708636 0.021641961231470924
0 0.4673042776432607 0.1477309007981756 0.07525423728813559 0.022474344355758267
2 0.8457949959644875 0.36566704675028505 0.0200726392251816 0.2410775370581528
0 0.41727199354318 0.3991277080957811 0.03887812752219532 0.021316989737742303
5 0.7865294592413237 0.5306499429874573 0.024261501210653753 0.06902508551881413
0 0.39752219531880545 0.567502850627138 0.03947538337368846 0.021961231470923603
2 0.6674253430185634 0.47509122006841503 0.023591606133979016 0.04494298745724059
1 0.3288297013720743 0.2565108323831243 0.021113801452784502 0.03835233751425313
3 0.7506860371267151 0.3677708095781072 0.022106537530266344 0.03604332953249715
3 0.6976190476190476 0.5789053591790194 0.024761904761904763 0.034942987457240594
0 0.41185633575464087 0.29112884834663627 0.034681194511702984 0.022685290763968073
15 0.6834140435835351 0.36126567844925883 0.03963680387409201 0.03293614595210947
15 0.5905730427764326 0.5328107183580387 0.03857142857142857 0.02936145952109464
2 0.8942292171105731 0.3553021664766249 0.04646489104116223 0.2503762827822121
0 0.5099112187247781 0.12253705815279362 0.047578692493946736 0.021533637400228053
