3 0.6988464662875711 0.4330672748004561 0.025442729488220957 0.01961801596351197
15 0.8161819658813972 0.1322690992018244 0.028943948009748175 0.022434435575826684
1 0.7139805036555645 0.18507411630558723 0.015840779853777416 0.04998289623717218
0 0.6407554833468725 0.04424173318129988 0.14021933387489846 0.028500570125427595
15 0.8098456539398863 0.4704389965792474 0.02857839155158408 0.022063854047890536
0 0.6265312753858652 0.5290706955530217 0.06408610885458976 0.01857468643101482
15 0.7871161657189277 0.05859179019384264 0.02571080422420796 0.022132269099201823
7 0.8358570268074736 0.08052451539338655 0.023346872461413485 0.050267958950969215
1 0.7152640129975629 0.5122576966932725 0.018001624695369617 0.05011402508551882
2 0.5531519090170592 0.46507411630558726 0.022672623883021933 0.03231470923603193
1 0.4295938261575955 0.43981755986316995 0.019805036555645816 0.051847206385404784
1 0.4266206336311941 0.10554161915621436 0.02043054427294882 0.04593500570125427
0 0.6314703493095045 0.09933865450399089 0.1280991064175467 0.030758266818700114
8 0.63357432981316 0.06850627137970353 0.0692688870836718 0.017936145952109465
2 0.8452315190901706 0.31281641961231466 0.03085296506904955 0.33484606613454965
10 0.8489683184402924 0.363266818700114 0.030016246953696184 0.04252565564424173
