7 0.871592156862745 0.24972104305639783 0.11218039215686275 0.03061249241964827
11 0.756792156862745 0.41681625227410557 0.09490980392156863 0.06009096422073985
8 0.5989803921568628 0.5544996967859309 0.11063921568627451 0.02744693753790176
15 0.6981058823529412 0.6455609460278957 0.03127058823529411 0.03784718010915706
15 0.8343607843137254 0.30656155245603395 0.03825882352941177 0.03973317161916313
13 0.8852980392156864 0.4155245603395998 0.08354117647058823 0.0209824135839903
2 0.825478431372549 0.6304487568223165 0.07635686274509804 0.03779260157671316
0 0.8871294117647058 0.5780230442692541 0.029925490196078434 0.02624620982413584
1 0.7438039215686275 0.7247058823529412 0.0667607843137255 0.03908429351121892
2 0.8251607843137254 0.3611340206185567 0.10856078431372548 0.03850818677986659
2 0.7665882352941177 0.29075197089144933 0.09849411764705882 0.024863553668890235
0 0.9272941176470588 0.580018192844148 0.023062745098039218 0.025973317161916313
2 0.7951764705882353 0.3289993935718617 0.04189803921568627 0.018587022437841116
0 0.6737019607843138 0.5799878714372346 0.023694117647058824 0.021206791995148574
0 0.5995803921568628 0.529842328684051 0.022741176470588237 0.018908429351121893
