2 0.7787905425886632 0.37792549019607846 0.08002728099424068 0.019462745098039216
0 0.4104940891179145 0.6776235294117647 0.04413155501667172 0.022698039215686274
0 0.9269505910882087 0.47065490196078436 0.04066686874810548 0.02680392156862745
10 0.8269869657471961 0.3971882352941177 0.0852106698999697 0.014215686274509804
12 0.10317672021824795 0.6074156862745098 0.09056986965747196 0.015227450980392156
2 0.7845438011518642 0.7683058823529412 0.11775689602909974 0.024015686274509805
12 0.4522946347377993 0.43122352941176467 0.09902394665050016 0.01564705882352941
0 0.41963322218854193 0.38085098039215687 0.045607759927250684 0.024062745098039216
15 0.7288936041224613 0.39888235294117647 0.022382540163685967 0.026815686274509802
0 0.49020915428917855 0.5523843137254901 0.04448014549863595 0.024623529411764704
4 0.4931827826614125 0.5729137254901961 0.0837708396483783 0.013847058823529412
12 0.528890572900879 0.8104117647058824 0.08932403758714762 0.014372549019607843
7 0.8274477114277053 0.788 0.0840345559260382 0.01500392156862745
2 0.7744649893907245 0.7319098039215686 0.07675962412852379 0.027152941176470585
4 0.8783752652318885 0.5934705882352941 0.08746286753561686 0.015388235294117647
0 0.8765807820551683 0.5736392156862745 0.07368596544407396 0.026156862745098042
0 0.8296968778417703 0.540278431372549 0.044149742346165505 0.030505882352941178
3 0.7967171870263716 0.6343686274509804 0.031797514398302515 0.026690196078431372
4 0.9265413761745983 0.4906980392156863 0.08595331918763262 0.014698039215686274
15 0.9267202182479539 0.4220039215686274 0.024043649590785084 0.020541176470588236
3 0.674592300697181 0.4266313725490196 0.035325856320097 0.032129411764705886
2 0.6853288875416793 0.34452941176470586 0.15263716277659897 0.0432235294117647
7 0.8047923613216127 0.283321568627451 0.08421339799939376 0.015945098039215684
11 0.17004546832373446 0.5414823529411764 0.030654743861776294 0.05919607843137255
11 0.20943922400727494 0.46734117647058826 0.07907547741739922 0.08668235294117647
