2 0.287364 0.450855 0.032575 0.307104
2 0.422425 0.554678 0.016138 0.239094
16 0.796223 0.588067 0.127636 0.033900
2 0.392951 0.418518 0.024300 0.240981
0 0.573927 0.462628 0.054575 0.018210
0 0.583061 0.499071 0.068891 0.025849
0 0.579692 0.546192 0.045425 0.023717
0 0.606789 0.703495 0.091360 0.024664
0 0.607518 0.734447 0.079490 0.017104
0 0.552174 0.749373 0.070713 0.021836
0 0.610287 0.769213 0.070534 0.020046
1 0.442632 0.546511 0.120745 0.017594
2 0.743514 0.109997 0.041425 0.080975
1 0.561579 0.268731 0.028615 0.041579
2 0.443393 0.326186 0.025895 0.054082
11 0.439713 0.424225 0.036785 0.060764
1 0.565368 0.635533 0.022866 0.044601
1 0.468466 0.263617 0.026794 0.043495
0 0.601640 0.233298 0.074486 0.024304
0 0.573109 0.433512 0.056777 0.023455
2 0.595219 0.189815 0.129644 0.026152
15 0.469470 0.365391 0.043150 0.027987
15 0.555656 0.573788 0.034826 0.027759
15 0.489640 0.727942 0.040737 0.027765
2 0.239725 0.485636 0.025506 0.375331
2 0.345494 0.588640 0.021449 0.063962
2 0.451749 0.661556 0.035968 0.090570
15 0.404478 0.598871 0.041004 0.027206
15 0.447008 0.525188 0.037676 0.026374
15 0.646385 0.403101 0.035960 0.031710
