4 0.9074509803921569 0.5072771376591874 0.11923137254901961 0.02301394784718011
15 0.8331843137254902 0.19530624620982415 0.03198039215686274 0.03634930260764099
7 0.7209137254901961 0.1484354154032747 0.12008235294117646 0.02318374772589448
1 0.7172156862745098 0.707847180109157 0.06813725490196078 0.03042449969678593
15 0.7540274509803921 0.6430745906610067 0.029866666666666666 0.03804123711340206
11 0.8817764705882354 0.3141479684657368 0.025584313725490193 0.10155852031534263
15 0.8493450980392157 0.32993935718617345 0.030023529411764706 0.03843541540327471
15 0.7643607843137254 0.25651303820497273 0.0334 0.03869011522134627
15 0.9067843137254903 0.2772468162522741 0.02223529411764706 0.04097028502122499
2 0.7702901960784314 0.1989508793208005 0.0962549019607843 0.03764705882352941
2 0.8288392156862745 0.26224984839296545 0.07483529411764707 0.03888417222559127
