16 0.818548 0.650314 0.099194 0.040502
2 0.437903 0.398175 0.029032 0.051341
15 0.541129 0.434683 0.03871 0.029663
0 0.468548 0.414718 0.03871 0.0251
2 0.398387 0.44267 0.074194 0.018825
0 0.312097 0.297205 0.023387 0.027952
0 0.331452 0.211067 0.024194 0.028523
2 0.687903 0.200228 0.023387 0.044495
2 0.696774 0.152881 0.026613 0.047918
3 0.654032 0.175128 0.029032 0.019395
15 0.372581 0.142613 0.035484 0.026241
0 0.503226 0.136908 0.041129 0.016543
0 0.505645 0.119224 0.050806 0.016543
0 0.487903 0.099829 0.06371 0.017684
3 0.428226 0.221905 0.023387 0.019966
2 0.724194 0.178551 0.028226 0.033657