0 0.643672 0.184529 0.015393 0.027397
0 0.63797 0.165189 0.018244 0.029009
0 0.542189 0.307816 0.013683 0.024174
0 0.556442 0.308622 0.014253 0.020951
11 0.697263 0.290894 0.074686 0.057212
2 0.269099 0.709106 0.251995 0.026591
10 0.236032 0.701853 0.028506 0.020145
8 0.101482 0.48751 0.017104 0.053989
1 0.420182 0.248993 0.025656 0.032232
2 0.40764 0.349718 0.027366 0.020145
2 0.404219 0.444803 0.023375 0.019339
0 0.425884 0.400483 0.013683 0.037873
0 0.442987 0.401289 0.015393 0.037067
0 0.460661 0.387591 0.017104 0.06527
2 0.570125 0.449637 0.027936 0.020145
15 0.720068 0.556003 0.021095 0.029815
15 0.444128 0.199033 0.025086 0.027397
2 0.224629 0.198227 0.019954 0.021757
2 0.129989 0.156326 0.022805 0.021757
2 0.405929 0.157131 0.023375 0.023368
1 0.417902 0.183723 0.026796 0.029009
2 0.194413 0.159549 0.098062 0.022562
2 0.196123 0.179694 0.102623 0.021757
2 0.265678 0.181305 0.037628 0.022562
2 0.340935 0.183723 0.104333 0.023368
2 0.339225 0.161966 0.100912 0.020951
2 0.269669 0.159549 0.04447 0.023368
15 0.104333 0.197421 0.019384 0.032232
1 0.126568 0.187752 0.022805 0.031426
1 0.128278 0.252216 0.019384 0.029009
0 0.095211 0.392425 0.019384 0.107977
0 0.076967 0.420629 0.015393 0.041096
0 0.050741 0.39162 0.019384 0.111201
15 0.124287 0.592264 0.025086 0.037067
2 0.340935 0.674456 0.106043 0.02498
2 0.266819 0.672039 0.042759 0.022562
2 0.193843 0.676068 0.107184 0.025786
7 0.347206 0.734891 0.042189 0.020951
16 0.560433 0.672039 0.099772 0.083803