2 0.221259 0.484592 0.019177 0.042423
0 0.349730 0.233492 0.020751 0.013324
0 0.243616 0.233606 0.021695 0.012218
2 0.263015 0.329672 0.015069 0.044111
2 0.241396 0.326277 0.019435 0.046579
2 0.123140 0.324604 0.018337 0.042571
0 0.348507 0.524102 0.025262 0.013187
0 0.246376 0.523771 0.025262 0.013187
0 0.297607 0.503731 0.030129 0.013187
0 0.296336 0.261827 0.025262 0.013187
0 0.296336 0.280821 0.025262 0.013193
8 0.366223 0.503090 0.069217 0.020513
7 0.091457 0.361112 0.029290 0.052052
10 0.066182 0.369846 0.029911 0.035473
8 0.349564 0.259789 0.069960 0.020730
0 0.296731 0.295288 0.025262 0.013187
