12 0.3493705882352941 0.723655653228251 0.07405098039215686 0.01347984237647772
2 0.7315627450980392 0.6792058199454379 0.08820784313725491 0.02113973931494392
0 0.39580196078431373 0.4559715065171264 0.03537058823529411 0.021788420733555622
0 0.8591078431372549 0.4645256138223704 0.033319607843137256 0.01317065777508336
2 0.4909529411764706 0.7406456501970293 0.07084509803921568 0.020963928463170658
2 0.7379098039215687 0.6197938769324037 0.08071176470588236 0.020200060624431648
2 0.5723294117647059 0.6797878144892391 0.058596078431372545 0.018444983328281296
0 0.9020470588235293 0.48861170051530767 0.02897843137254902 0.01997271900575932
4 0.9472176470588236 0.47232191573204 0.06600196078431372 0.013322218854198242
2 0.45067647058823523 0.7126098817823583 0.05781176470588235 0.019202788723855713
7 0.6632901960784314 0.18822673537435589 0.062441176470588236 0.015750227341618673
0 0.947543137254902 0.4538708699605941 0.05322745098039215 0.020318278266141257
2 0.6754490196078431 0.7147590178842073 0.20303137254901962 0.018899666565625948
15 0.4732176470588235 0.5250136404971203 0.01856470588235294 0.021521673234313428
2 0.17944509803921568 0.03835707790239467 0.043156862745098036 0.024995453167626552
4 0.8135705882352942 0.488157017277963 0.06444313725490197 0.020197029402849346
0 0.42561764705882354 0.4875538041830858 0.02986274509803922 0.02411639890876023
15 0.42691960784313726 0.37782661412549257 0.016845098039215686 0.026853591997575022
4 0.5222588235294118 0.4900697180963928 0.0665078431372549 0.013719308881479236
4 0.5457705882352941 0.5140133373749621 0.016447058823529412 0.024210366777811458
1 0.5340549019607843 0.5475568354046682 0.03640588235294118 0.020863898150954834
0 0.517678431372549 0.4767778114580176 0.014498039215686273 0.013464686268566234
0 0.2224294117647059 0.13436192785692633 0.028703921568627448 0.02877841770233404
13 0.2933529411764706 0.27395271294331613 0.037 0.01682934222491664
2 0.09432745098039215 0.12793876932403758 0.07098235294117647 0.02734768111548954
0 0.32382941176470587 0.6730615337981206 0.025058823529411765 0.01587147620491058
3 0.23077450980392158 0.7888814792361322 0.041725490196078435 0.022470445589572598
2 0.11006274509803922 0.7342679599878751 0.05365882352941177 0.02401333737496211
15 0.1459313725490196 0.7517762958472265 0.01443921568627451 0.019848438920885118
15 0.1491235294117647 0.7734131555016671 0.01418235294117647 0.022064261897544714
15 0.26203921568627453 0.8249317975143983 0.017337254901960784 0.0232494695362231
15 0.21684313725490198 0.8665050015156107 0.01581176470588235 0.020339496817217338
0 0.2339509803921569 0.8853379812064262 0.019180392156862743 0.019951500454683236
0 0.2630607843137255 0.8753895119733252 0.017337254901960784 0.015210669899969687
1 0.2207235294117647 0.9488875416792968 0.04042745098039216 0.027987268869354348
2 0.18371568627450982 0.7350530463776902 0.06296862745098039 0.02509548347984238
15 0.4683411764705882 0.7588845104577144 0.013329411764705883 0.020991209457411338
15 0.46878431372549023 0.7825947256744469 0.011607843137254903 0.023255531979387692
0 0.557735294117647 0.804531676265535 0.06067254901960784 0.025198545013640494
4 0.5571882352941177 0.8230797211276145 0.06635686274509804 0.013913307062746287
3 0.5165843137254902 0.8712700818429828 0.02114313725490196 0.027232494695362233
3 0.4295078431372549 0.9221188238860262 0.046766666666666665 0.021682327978175205
1 0.5225823529411765 0.9020763867838738 0.04252745098039215 0.024337678084267962
15 0.5584411764705882 0.8652197635647166 0.01879019607843137 0.023197938769324036
2 0.6302509803921569 0.6772355259169445 0.05963725490196078 0.01824795392543195
2 0.7082960784313725 0.5953410124280085 0.04408235294117647 0.023840557744771146
1 0.823035294117647 0.6122340103061534 0.040645098039215684 0.02866020006062443
15 0.7852823529411764 0.5219763564716581 0.0165 0.024231585328887542
0 0.8113901960784314 0.46899969687784177 0.01888235294117647 0.01732343134283116
4 0.9030196078431372 0.5057956956653531 0.06687843137254902 0.015450136404971204
4 0.9026725490196079 0.3883055471354956 0.017113725490196078 0.021979387693240378
4 0.9497509803921568 0.37750530463776905 0.018898039215686273 0.02595635040921491
2 0.6499568627450981 0.505865413761746 0.04771764705882353 0.021973325250075778
0 0.6809156862745098 0.4742679599878751 0.015980392156862745 0.01711427705365262
2 0.6588117647058823 0.2989239163382843 0.054423529411764704 0.02762352227947863
2 0.6341862745098039 0.25748105486511064 0.0592 0.027447711427705364
2 0.6038960784313725 0.2255683540466808 0.054747058823529406 0.027684146711124583
15 0.6390392156862745 0.22418914822673539 0.013831372549019609 0.023304031524704453
15 0.596764705882353 0.25200666868748106 0.015305882352941176 0.025419824189148225
15 0.5684156862745098 0.2217156714155805 0.01578235294117647 0.025653228250985146
10 0.6074627450980392 0.168187329493786 0.06188039215686274 0.012661412549257352
