2 0.763271 0.519421 0.058769 0.015725
13 0.436775 0.700221 0.061196 0.013323
12 0.434163 0.718002 0.080482 0.025052
2 0.705596 0.719266 0.109498 0.014142
2 0.698267 0.701210 0.095647 0.012632
2 0.653773 0.663184 0.054855 0.012953
2 0.682059 0.684809 0.062635 0.010334
2 0.712890 0.740331 0.124761 0.012583
1 0.409363 0.397438 0.035847 0.014657
11 0.310441 0.299115 0.113957 0.076434
1 0.800445 0.464700 0.034757 0.013548
5 0.831224 0.525194 0.050627 0.023135
0 0.891602 0.424369 0.024702 0.015324
1 0.601861 0.317759 0.034537 0.013117
0 0.436065 0.686167 0.040937 0.016434
0 0.104090 0.489815 0.025851 0.015992
0 0.831545 0.506349 0.048471 0.018508
0 0.601431 0.573481 0.051129 0.018435
0 0.550398 0.520121 0.033988 0.017392
0 0.509041 0.455816 0.049408 0.019770
0 0.381382 0.761552 0.034310 0.017429
