2 0.45713333333333334 0.7292662219526985 0.3667529411764706 0.030661006670709524
2 0.3062078431372549 0.2346755609460279 0.09264705882352942 0.01847180109157065
2 0.31538039215686275 0.2016434202546998 0.09769019607843138 0.018920557913887203
2 0.5245803921568628 0.691340206185567 0.2281921568627451 0.028314129775621588
0 0.7959411764705883 0.41870224378411164 0.04910980392156863 0.025591267434808978
7 0.2396313725490196 0.702346876895088 0.07629411764705883 0.02995148574893875
2 0.4928705882352941 0.6560097028502122 0.08816862745098039 0.02396604002425713
0 0.18090196078431373 0.4367313523347483 0.057498039215686275 0.04314736203759855
3 0.6923294117647059 0.3979927228623408 0.0630156862745098 0.024572468162522742
2 0.597356862745098 0.6580291085506367 0.0809764705882353 0.02377198302001213
0 0.12179999999999999 0.4054517889630079 0.04478823529411764 0.023862947240751973
0 0.07252549019607843 0.36157064887810797 0.0408235294117647 0.025439660400242575
5 0.822156862745098 0.2671922377198302 0.08563921568627451 0.030382049727107337
13 0.5570156862745098 0.08906003638568831 0.09039607843137254 0.02255306246209824
15 0.24945882352941176 0.3216616130988478 0.0272078431372549 0.032013341419041844
15 0.7525411764705883 0.2648453608247423 0.03612941176470588 0.04446937537901759
0 0.8644117647058823 0.3672043662825955 0.05949411764705883 0.04146149181322013
0 0.7406705882352941 0.4561249241964827 0.056019607843137254 0.03766525166767738
2 0.6337843137254903 0.2345239539114615 0.0885607843137255 0.02029714978775015
1 0.22575294117647057 0.37 0.0616 0.0345785324439054
2 0.5345882352941177 0.22933292904790784 0.08145490196078432 0.03279563371740449
8 0.5676509803921569 0.18904184354154033 0.06937647058823529 0.02701637355973317
0 0.5745529411764706 0.11708914493632505 0.05288235294117647 0.03928441479684657
0 0.5777176470588236 0.15858702243784112 0.0551686274509804 0.04210430563978169
