12 0.3175411764705882 0.31341419041843543 0.10040392156862744 0.020139478471801094
12 0.3056313725490196 0.6633596118859916 0.10368235294117646 0.01932080048514251
5 0.6504980392156863 0.4753365676167374 0.0597764705882353 0.02112189205579139
0 0.6522039215686274 0.4523590054578533 0.05476862745098039 0.01735597331716192
0 0.45645098039215687 0.4991146149181322 0.053984313725490195 0.03350515463917526
12 0.34006666666666663 0.594463311097635 0.1019843137254902 0.017962401455427532
0 0.40400392156862747 0.416543359611886 0.056454901960784315 0.026240145542753186
12 0.6903490196078432 0.6301030927835052 0.09734901960784315 0.016998180715585204
1 0.47430980392156863 0.627919951485749 0.04111764705882353 0.015069739235900546
0 0.058882352941176476 0.35489993935718617 0.036576470588235294 0.017404487568223166
2 0.4960196078431372 0.27228623408126135 0.06461960784313725 0.011540327471194664
1 0.4777529411764706 0.37681625227410553 0.040003921568627455 0.015069739235900546
10 0.6177333333333334 0.25060036385688295 0.050427450980392155 0.020618556701030927
1 0.6592980392156863 0.5519769557307459 0.03823137254901961 0.015154639175257731
0 0.692807843137255 0.6132019405700424 0.04143921568627451 0.016021831412977562
7 0.4019098039215686 0.4444390539721043 0.05572549019607843 0.01870224378411158
0 0.3257803921568628 0.5604790782292298 0.03964313725490196 0.013110976349302608
0 0.7310352941176471 0.32303820497271074 0.029058823529411762 0.013887204366282595
13 0.33829803921568624 0.574232868405094 0.09174117647058823 0.016804123711340206
2 0.5487411764705882 0.24569436021831412 0.08861176470588236 0.01525166767738023
5 0.4545176470588235 0.5295391146149182 0.05000392156862745 0.02064281382656155
0 0.07358823529411765 0.3257428744693754 0.031286274509803924 0.015973317161916314
0 0.22129019607843137 0.683632504548211 0.03227843137254902 0.018574893875075802
0 0.2749843137254902 0.6456033959975742 0.04240392156862745 0.0171922377198302
2 0.04733725490196078 0.5549666464523954 0.022172549019607843 0.15694966646452396
0 0.28726274509803923 0.29457246816252275 0.039819607843137254 0.01870224378411158
11 0.21587843137254903 0.3062947240751971 0.10195686274509805 0.08159490600363857
2 0.5011686274509805 0.29844754396604 0.06428627450980393 0.017022437841115828
2 0.5973098039215686 0.35282595512431775 0.0624156862745098 0.02004244996967859
11 0.8761294117647059 0.3297028502122498 0.10978431372549019 0.10701637355973317
11 0.9384549019607843 0.4788174651303821 0.06054901960784314 0.19130988477865374
11 0.30390980392156863 0.4389084293511219 0.07618823529411765 0.18097634930260764
