2 0.8324344355758266 0.5683076923076923 0.11537628278221208 0.025384615384615387
2 0.6247605473204104 0.5687773279352227 0.12041049030786773 0.026412955465587043
2 0.11481185860889395 0.8916194331983807 0.10891106043329532 0.025514170040485833
2 0.863169897377423 0.08217813765182186 0.058112884834663626 0.024097165991902834
15 0.18672748004561002 0.12669635627530365 0.023090079817559863 0.02612145748987854
2 0.5760718358038768 0.38731174089068826 0.0613169897377423 0.02388663967611336
15 0.49431014823261116 0.2036923076923077 0.026624857468643102 0.02917408906882591
2 0.8231128848346636 0.11522267206477733 0.09022805017103762 0.023384615384615382
2 0.5947263397947549 0.0914412955465587 0.07834663625997719 0.02376518218623482
2 0.7300456100342075 0.6151821862348178 0.33565564424173316 0.025271255060728744
15 0.5362656784492589 0.20726315789473684 0.022069555302166477 0.03153036437246964
15 0.9399201824401368 0.1791336032388664 0.022867730900798175 0.03125506072874494
2 0.17395096921322692 0.08746558704453442 0.0854618015963512 0.02242914979757085
15 0.44404218928164196 0.1611012145748988 0.0243557582668187 0.03116599190283401
0 0.927012542759407 0.3264534412955466 0.023175598631698973 0.10350607287449393
0 0.7225997719498289 0.3094655870445344 0.020205245153933866 0.06580566801619434
2 0.21627708095781073 0.9156518218623482 0.07997149372862031 0.046493927125506075
1 0.10464652223489168 0.8500971659919028 0.1063169897377423 0.029659919028340084
3 0.22968072976054732 0.7432793522267207 0.043187001140250855 0.020178137651821863
2 0.06367730900798176 0.2831417004048583 0.02473204104903079 0.1302267206477733
0 0.4313397947548461 0.33193522267206477 0.023996579247434438 0.10765991902834009
0 0.5031356898517674 0.33925506072874495 0.019315849486887117 0.09899595141700405
11 0.18618015963511972 0.42312550607287447 0.0427309007981756 0.04149797570850203
2 0.3537001140250855 0.346251012145749 0.034076396807297606 0.31244534412955466
11 0.22860889395667047 0.4230364372469636 0.04274230330672748 0.04140080971659919
0 0.4660091220068415 0.3262024291497976 0.02179019384264538 0.12999190283400808
8 0.4401425313568985 0.44284210526315787 0.01548460661345496 0.1091012145748988
15 0.22686431014823263 0.12723886639676113 0.020758266818700112 0.030817813765182188
16 0.3267160775370581 0.7316113360323886 0.12082098061573546 0.04849392712550607
0 0.1392018244013683 0.3113522267206478 0.09627708095781072 0.10585425101214574
