2 0.362107 0.617708 0.023280 0.054413
1 0.745995 0.484712 0.024803 0.045285
1 0.500725 0.561277 0.027123 0.054367
2 0.326281 0.503113 0.027937 0.041311
2 0.298118 0.554293 0.020927 0.052281
2 0.258521 0.535505 0.019960 0.085821
2 0.212264 0.582625 0.021692 0.124886
3 0.725375 0.615182 0.034376 0.028734
0 0.656636 0.717717 0.092288 0.021591
0 0.755786 0.630128 0.028880 0.055525
0 0.785234 0.503891 0.034803 0.063005
0 0.519710 0.691200 0.041434 0.022925
0 0.509166 0.736240 0.048211 0.019185
0 0.558179 0.432560 0.043594 0.017891
15 0.799835 0.778962 0.052434 0.041574
0 0.506716 0.758629 0.065923 0.019721
0 0.353143 0.501445 0.024867 0.034647
0 0.560955 0.451699 0.085488 0.023444
0 0.561100 0.492831 0.071934 0.020359
0 0.563824 0.474478 0.073900 0.021283
2 0.459367 0.503566 0.068662 0.016961
11 0.629287 0.665080 0.097558 0.032782
