15 0.2306426189754471 0.5798666666666668 0.023719308881479235 0.027168627450980393
4 0.15210063655653228 0.5840274509803921 0.0675325856320097 0.01784313725490196
15 0.7202394665050016 0.5741333333333333 0.0270112155198545 0.030356862745098037
2 0.5855016671718702 0.6622901960784313 0.06557441648984541 0.01588235294117647
15 0.6337769020915429 0.551364705882353 0.02746589875719915 0.03326666666666667
2 0.094674143679903 0.6868588235294117 0.05407093058502577 0.015301960784313727
15 0.13710215216732344 0.5534117647058824 0.026083661715671416 0.031180392156862746
15 0.07159442255228857 0.5532627450980392 0.025328887541679296 0.032121568627450976
15 0.5622461351924826 0.5549333333333333 0.025295544104274023 0.034372549019607845
2 0.5990694149742346 0.5288980392156863 0.07030918460139436 0.01336078431372549
15 0.6366777811458018 0.6232705882352941 0.029842376477720523 0.03211764705882353
0 0.24601697484086088 0.6435921568627452 0.044183085783570775 0.020333333333333335
2 0.5969111852076386 0.5007960784313725 0.07155198545013641 0.01672549019607843
15 0.1367505304637769 0.620964705882353 0.023285844195210667 0.03087450980392157
4 0.6491694452864505 0.5819137254901962 0.06226735374355865 0.018141176470588233
2 0.8237678084267961 0.6842941176470588 0.07371930888147923 0.01653333333333333
0 0.19864504395271296 0.6542862745098039 0.04539254319490755 0.020666666666666667
2 0.10329493785995755 0.5229098039215686 0.05834495301606547 0.013450980392156862
5 0.6578296453470748 0.7225058823529412 0.059181570172779634 0.01989019607843137
1 0.09278872385571385 0.4902392156862745 0.055341012428008485 0.0202
1 0.16636556532282512 0.7131294117647059 0.05836010912397696 0.02131372549019608
