2 0.662327 0.482173 0.029040 0.089960
0 0.590290 0.532852 0.051177 0.011888
0 0.590738 0.385830 0.075008 0.014193
0 0.590847 0.366244 0.039032 0.014495
11 0.397468 0.512330 0.081984 0.030228
11 0.331690 0.446677 0.033250 0.044341
11 0.523290 0.416720 0.040194 0.023776
2 0.254605 0.493756 0.028839 0.096617
2 0.287234 0.482527 0.022806 0.064541
2 0.700383 0.450610 0.019718 0.056475
2 0.563669 0.489609 0.022016 0.053913
5 0.329125 0.387750 0.088847 0.019025
3 0.518573 0.520006 0.032452 0.025168
0 0.590214 0.552869 0.057831 0.012345
0 0.591056 0.573520 0.048452 0.011569
