11 0.250658 0.144780 0.173850 0.076444
2 0.368115 0.847272 0.014418 0.069292
0 0.339197 0.429640 0.048743 0.072534
0 0.227441 0.667235 0.056323 0.018419
0 0.247771 0.866318 0.026891 0.019989
0 0.247718 0.898045 0.055163 0.020211
0 0.247483 0.926361 0.054692 0.020873
11 0.144346 0.240228 0.044229 0.125046
11 0.172984 0.874578 0.053782 0.026655
11 0.381150 0.774158 0.036106 0.052449
2 0.712120 0.305756 0.016267 0.100166
2 0.655566 0.138019 0.060330 0.021986
2 0.248228 0.712220 0.074305 0.021096
2 0.410395 0.788739 0.014756 0.041473
2 0.431291 0.797072 0.013971 0.058139
2 0.453272 0.808057 0.015421 0.077825
5 0.084193 0.698936 0.073387 0.030702
3 0.147900 0.778208 0.017112 0.018390
3 0.613772 0.288156 0.017708 0.021986
3 0.664986 0.656946 0.017149 0.020148
3 0.208319 0.827831 0.019182 0.017591
3 0.300050 0.822420 0.018240 0.018390
