10 0.8221946044255836 0.1741764705882353 0.10919975750227341 0.020819607843137255
7 0.6291088208548045 0.17257254901960783 0.11069111852076387 0.02009019607843137
0 0.4908123673840558 0.49785098039215686 0.052409821157926646 0.030807843137254903
15 0.566089724158836 0.38993333333333335 0.033310093967869055 0.03345882352941176
0 0.563167626553501 0.5465411764705883 0.10135192482570476 0.029658823529411762
15 0.857280994240679 0.38705098039215685 0.03105183388905729 0.037317647058823525
15 0.4918551076083662 0.3096745098039215 0.031527735677478026 0.03251372549019608
0 0.6320218247953925 0.523486274509804 0.053928463170657776 0.030792156862745095
0 0.8494361927856926 0.5423686274509804 0.10177629584722643 0.031435294117647054
15 0.6604819642315852 0.3648823529411765 0.03479539254319491 0.03969803921568628
2 0.658329796908154 0.28391764705882355 0.07671112458320703 0.02949411764705882
0 0.3817490148529858 0.3166705882352941 0.06089421036677781 0.03170980392156863
15 0.6510215216732342 0.6294901960784314 0.02746286753561685 0.0311921568627451
15 0.7405304637769021 0.2974588235294118 0.03062443164595332 0.03648627450980393
15 0.6668899666565626 0.22714901960784314 0.03076386783873901 0.03795294117647059
0 0.32089724158836014 0.20269803921568627 0.05619581691421643 0.026745098039215688
15 0.7862776598969384 0.22895686274509805 0.03270384965140952 0.03288627450980392
4 0.8504849954531676 0.569121568627451 0.11581388299484692 0.018588235294117645
12 0.36214913610184907 0.2553372549019608 0.12215519854501364 0.016172549019607844
2 0.7244346771749014 0.23712941176470587 0.09262806911185208 0.032090196078431374
15 0.7923097908457108 0.6717882352941176 0.031160957866020005 0.03482745098039216
2 0.78951197332525 0.2811411764705882 0.08124583207032433 0.03468235294117647
1 0.8621491361018491 0.7051882352941177 0.09874507426492876 0.03481960784313726
