11 0.870081 0.222101 0.013817 0.041750
11 0.208694 0.193957 0.018057 0.015359
11 0.196723 0.209781 0.019758 0.014806
8 0.886896 0.350225 0.016767 0.075422
15 0.784907 0.210627 0.020915 0.025314
15 0.852830 0.278187 0.019218 0.034116
15 0.587487 0.256525 0.022140 0.027987
15 0.530161 0.276357 0.018525 0.033979
2 0.551163 0.189179 0.024921 0.015245
2 0.542410 0.499723 0.046320 0.016528
2 0.796505 0.499399 0.094897 0.018478
2 0.691985 0.499524 0.113579 0.016437
2 0.854988 0.189621 0.020867 0.017121
2 0.691578 0.162480 0.305590 0.015587
0 0.510383 0.351226 0.010738 0.048746
5 0.475826 0.168216 0.052991 0.024059
9 0.383720 0.286953 0.016566 0.059914
0 0.873817 0.350143 0.011254 0.071551
15 0.363837 0.343740 0.021507 0.026431
15 0.345075 0.357842 0.020411 0.026209
0 0.173313 0.194014 0.012430 0.014436
0 0.685145 0.350314 0.011757 0.026864
2 0.830480 0.297457 0.052285 0.017548
0 0.490695 0.350544 0.011306 0.036243
16 0.943023 0.732098 0.060669 0.036716
1 0.566630 0.416987 0.022805 0.016254
1 0.816961 0.417124 0.023515 0.016631
0 0.166314 0.208173 0.013869 0.013883
2 0.372201 0.330904 0.012624 0.115137
