16 0.276029 0.799886 0.032284 0.220068
15 0.413236 0.724629 0.058111 0.016534
2 0.374496 0.752566 0.035513 0.075257
0 0.539144 0.742303 0.03067 0.011403
0 0.5795 0.737172 0.020178 0.021095
6 0.717514 0.687001 0.016949 0.013113
0 0.719128 0.77366 0.014528 0.017104
2 0.580307 0.641961 0.098467 0.013683
5 0.782082 0.141391 0.014528 0.052452
15 0.448749 0.13626 0.027441 0.04447
0 0.107345 0.27309 0.062954 0.010262
5 0.401937 0.326682 0.01937 0.048461
3 0.43745 0.334094 0.037127 0.018244
3 0.446328 0.370582 0.033898 0.019954
2 0.399516 0.417902 0.024213 0.04732
11 0.435028 0.406499 0.029863 0.030787
3 0.513317 0.424743 0.033091 0.018814
11 0.497175 0.45439 0.03067 0.015964
6 0.59887 0.537058 0.028249 0.010832
0 0.606941 0.509692 0.063761 0.011973
0 0.606941 0.482896 0.029863 0.011973
0 0.596449 0.45439 0.029056 0.011403
2 0.616626 0.400798 0.020178 0.041049
2 0.59322 0.404789 0.021792 0.030787
2 0.530266 0.371722 0.020178 0.098062
0 0.598063 0.36545 0.03632 0.010262
2 0.649718 0.22805 0.014528 0.027936
2 0.588378 0.211517 0.018563 0.064994
2 0.535916 0.216078 0.016142 0.049031
0 0.582728 0.302737 0.034705 0.012543
0 0.531073 0.289054 0.039548 0.010262
2 0.306699 0.245724 0.020178 0.062714
2 0.397094 0.237172 0.01937 0.041049
0 0.428571 0.249145 0.016142 0.014823
15 0.425343 0.27138 0.063761 0.016534
15 0.342211 0.266249 0.065375 0.018244
0 0.530266 0.161916 0.032284 0.011973
0 0.597256 0.086089 0.032284 0.010262
0 0.502018 0.108324 0.027441 0.010262
2 0.698144 0.31699 0.024213 0.050741
2 0.698951 0.385405 0.022599 0.067275
2 0.819209 0.3187 0.01937 0.207526
2 0.776433 0.330103 0.020178 0.190992
2 0.736885 0.367161 0.031477 0.106043
5 0.732042 0.282782 0.024213 0.050741