0 0.5509529411764706 0.3888599151000606 0.10164705882352941 0.03889630078835658
1 0.5170235294117648 0.17399636143117042 0.10027450980392157 0.03882959369314736
15 0.7513725490196078 0.6991873862947241 0.031015686274509804 0.026203759854457248
15 0.5539529411764705 0.2227956337174045 0.031901960784313725 0.03660400242571255
0 0.8361764705882353 0.34284414796846574 0.05592941176470589 0.037434808975136444
2 0.6688980392156862 0.1388781079442086 0.08111764705882353 0.032589448150394176
2 0.6870549019607843 0.698289872650091 0.05129411764705883 0.030194057004244997
2 0.6681019607843137 0.18550030321406913 0.07274901960784314 0.03548211036992116
2 0.6214313725490196 0.6795391146149181 0.07710196078431374 0.031188599151000605
0 0.6001176470588235 0.45639781685870223 0.05703137254901961 0.03545178896300789
0 0.7481333333333333 0.4555609460278957 0.05167843137254902 0.0324620982413584
0 0.7888901960784314 0.39995148574893874 0.05307450980392157 0.03993935718617344
