2 0.6927882352941176 0.7318369202788724 0.0413235294117647 0.14304940891179146
5 0.3415666666666667 0.8180509245225825 0.06719607843137254 0.014889360412246134
7 0.4301333333333333 0.5777993331312519 0.06365294117647059 0.014407396180660807
5 0.3438921568627451 0.6396029099727191 0.06202156862745098 0.01475295544104274
15 0.4752431372549019 0.7904334646862685 0.017623529411764705 0.020363746589875723
2 0.7635882352941177 0.5534343740527432 0.05024313725490196 0.04758714762049106
1 0.4357725490196079 0.7504152773567747 0.03687254901960785 0.023958775386480755
2 0.4245803921568628 0.7154349802970597 0.04596666666666667 0.020906335253107002
2 0.4364274509803922 0.6851530766899061 0.04080588235294118 0.014410427402243103
0 0.478286274509804 0.6786632312822067 0.014790196078431374 0.012243103970900273
0 0.3769549019607843 0.6762625037890269 0.013233333333333333 0.012176417096089725
0 0.3630313725490196 0.772382540163686 0.012054901960784313 0.012473476811154896
0 0.48982745098039215 0.7713367687177932 0.011639215686274509 0.012406789936344347
15 0.38390196078431377 0.633798120642619 0.01357450980392157 0.023889057290087907
2 0.4237470588235294 0.5982418914822674 0.06571960784313725 0.012252197635647166
2 0.5173470588235294 0.6382237041527735 0.0646686274509804 0.04585632009699909
12 0.636878431372549 0.6222764474083055 0.05379019607843137 0.014310397090027282
11 0.8035313725490196 0.5797999393755684 0.02859607843137255 0.01806304940891179
2 0.8283156862745098 0.6072840254622613 0.04621960784313726 0.020906335253107002
2 0.8621509803921569 0.6295574416489845 0.05236470588235294 0.018808729918157015
