15 0.3908323831242873 0.5174129746835443 0.021425313568985176 0.022365506329113924
15 0.24838084378563285 0.42958069620253164 0.020547320410490306 0.02855221518987342
2 0.30141391106043325 0.7285680379746835 0.07659064994298746 0.016542721518987342
2 0.2826453819840365 0.6805379746835444 0.07656214367160775 0.017602848101265823
2 0.2794412770809578 0.19106012658227847 0.049025085518814134 0.01752373417721519
2 0.33824401368301027 0.7546756329113924 0.15111174458380844 0.015506329113924052
15 0.4975256556442417 0.567998417721519 0.024851767388825545 0.026242088607594936
7 0.22860319270239454 0.7586155063291139 0.0413169897377423 0.01850474683544304
2 0.3631812998859749 0.1896993670886076 0.12034777651083238 0.017341772151898735
0 0.47016533637400226 0.4531091772151899 0.013038768529076398 0.024074367088607596
11 0.8836488027366021 0.4531170886075949 0.05898517673888255 0.32772151898734175
15 0.24624857468643102 0.4862025316455696 0.022953249714937285 0.026835443037974686
0 0.4537571265678449 0.45344145569620253 0.012137970353477764 0.024604430379746838
2 0.2898517673888255 0.21459651898734178 0.02824401368301026 0.015411392405063291
0 0.7688483466362599 0.436756329113924 0.023272519954389965 0.020965189873417722
2 0.2548859749144812 0.6632832278481012 0.029076396807297605 0.014145569620253163
2 0.31877993158494866 0.21392405063291137 0.026602052451539338 0.01483386075949367
0 0.4889509692132269 0.4536787974683545 0.01718928164196123 0.08310126582278482
2 0.4291163055872292 0.7512025316455696 0.023192702394526796 0.018995253164556962
15 0.17042759407069555 0.5616060126582278 0.022759407069555305 0.02291139240506329
2 0.29602622576966936 0.7040822784810127 0.06401368301026227 0.01848101265822785
2 0.3382041049030787 0.1667246835443038 0.16307297605473203 0.016162974683544305
0 0.43988597491448117 0.45390822784810125 0.012480045610034208 0.024145569620253163
0 0.13522805017103762 0.4532278481012658 0.011659064994298746 0.03215189873417722
0 0.2243557582668187 0.452492088607595 0.017155074116305586 0.07722310126582278
0 0.1756043329532497 0.45284018987341773 0.01419042189281642 0.04481803797468354
0 0.21059863169897378 0.4535522151898734 0.012297605473204106 0.02449367088607595
16 0.6877080957810718 0.8294066455696202 0.052280501710376286 0.02897151898734177
2 0.4035290763968073 0.5747626582278481 0.04582098061573547 0.014106012658227847
15 0.18152223489167615 0.5889398734177215 0.02446408209806157 0.02728639240506329
2 0.30819840364880274 0.7333386075949367 0.07716647662485747 0.017626582278481014
0 0.34989167616875716 0.2609098101265823 0.022998859749144812 0.020443037974683543
0 0.19064424173318129 0.4578164556962025 0.01363169897377423 0.08252373417721519
11 0.8065621436716077 0.2597863924050633 0.12461801596351198 0.060901898734177215
0 0.152018244013683 0.4561155063291139 0.015860889395667047 0.08588607594936709
15 0.2842075256556442 0.48811708860759495 0.018323831242873432 0.023623417721518988
7 0.3479076396807298 0.11388449367088607 0.0395381984036488 0.01780854430379747
1 0.39775370581527936 0.30992879746835444 0.03363169897377423 0.012919303797468354
11 0.16257126567844923 0.5915981012658228 0.016328392246294184 0.03492088607594937
8 0.12842645381984036 0.23068037974683542 0.04425313568985177 0.014430379746835443
6 0.24210376282782212 0.3078560126582278 0.014948688711516533 0.02965981012658228
15 0.27740592930444696 0.5455537974683544 0.023090079817559863 0.02073575949367089
15 0.22721208665906498 0.6034414556962026 0.02402508551881414 0.024264240506329117
15 0.34460661345496013 0.3130696202531646 0.01790193842645382 0.031685126582278476
15 0.37119156214367166 0.5675553797468355 0.01582098061573546 0.018631329113924053
0 0.7617673888255416 0.43779272151898735 0.022713797035347778 0.02333860759493671
2 0.3106784492588369 0.2375 0.013677309007981754 0.017199367088607594
8 0.12594070695553022 0.16765822784810125 0.04142531356898518 0.014248417721518988
8 0.12652793614595212 0.20246835443037975 0.04370581527936146 0.016669303797468355
15 0.3127993158494869 0.6240189873417722 0.017793614595210946 0.03193037974683544
