16 0.137097 0.651455 0.131452 0.042784
11 0.151613 0.498574 0.046774 0.065602
11 0.152419 0.434113 0.040323 0.06332
0 0.525806 0.363948 0.045968 0.027952
0 0.489516 0.348545 0.037903 0.028523
15 0.437903 0.238448 0.033871 0.021107
0 0.383065 0.302909 0.056452 0.014832
0 0.383065 0.269823 0.059677 0.014832
0 0.33629 0.244723 0.055645 0.015402
7 0.144355 0.272105 0.114516 0.021107
2 0.172581 0.185396 0.025806 0.054763
2 0.120968 0.191671 0.022581 0.069025
6 0.379032 0.102111 0.062097 0.015402
0 0.280645 0.12607 0.05 0.015402
0 0.379839 0.066743 0.05 0.014832
2 0.580645 0.165431 0.022581 0.058186
2 0.629839 0.179692 0.023387 0.080434
2 0.825806 0.397034 0.087097 0.030804
0 0.869355 0.321164 0.028226 0.030234