2 0.49315490673154905 0.5478107183580387 0.022181670721816708 0.06927594070695553
2 0.49218167072181673 0.4747320410490308 0.021451743714517437 0.07793614595210946
2 0.49282238442822385 0.3809064994298746 0.023690186536901865 0.10083238312428736
2 0.49330900243309 0.6181242873432156 0.020519059205190593 0.07717217787913341
2 0.4921005677210057 0.294133409350057 0.0221654501216545 0.0786145952109464
15 0.8006650446066504 0.07584378563283922 0.023236009732360095 0.02348346636259977
2 0.49330089213300893 0.22132839224629416 0.02261962692619627 0.07042759407069556
2 0.4976804541768045 0.8406043329532498 0.025563665855636658 0.1180102622576967
2 0.4881346309813463 0.1449714937286203 0.018864557988645583 0.07802166476624857
15 0.6071857258718573 0.5543614595210946 0.024152473641524737 0.02516533637400228
0 0.6664720194647202 0.0452109464082098 0.03131386861313869 0.016305587229190423
15 0.7334874290348743 0.3757468643101482 0.026107055961070557 0.02500570125427594
2 0.8491646390916464 0.16179019384264537 0.02471208434712084 0.1076738882554162
0 0.6723438767234388 0.6864823261117445 0.05650446066504461 0.017468643101482325
15 0.733852392538524 0.6731413911060433 0.02467153284671533 0.02185860889395667
15 0.7340875912408759 0.08940706955530216 0.024363341443633415 0.02203534777651083
15 0.5345579886455799 0.10018814139110603 0.0289213300892133 0.024036488027366017
0 0.674330900243309 0.06954389965792475 0.05926196269261962 0.014458380843785633
2 0.460624493106245 0.3815735461801596 0.028556366585563667 0.4935689851767389
0 0.6712408759124088 0.39883124287343213 0.06287915652879157 0.014156214367160774
0 0.6718167072181671 0.5291676168757127 0.03205190592051906 0.017611174458380844
0 0.6722708840227088 0.23627708095781072 0.03423357664233577 0.0137115165336374
6 0.6317193836171938 0.15974344355758266 0.023495539334955393 0.02701824401368301
1 0.7231224655312246 0.1550684150513113 0.020794809407948093 0.04644811858608894
3 0.7756366585563665 0.1760661345496009 0.02218978102189781 0.028192702394526797
15 0.7348256285482563 0.21064994298745726 0.025012165450121655 0.028112884834663628
3 0.777558799675588 0.2662371721778791 0.01835360908353609 0.020575826681870014
3 0.7741038118410382 0.3251083238312429 0.02424168694241687 0.018700114025085517
1 0.5814355231143552 0.07593500570125428 0.020989456609894565 0.05579247434435576
3 0.7806488240064882 0.588836944127708 0.0229764801297648 0.019846066134549603
1 0.722360097323601 0.6114196123147093 0.021605839416058394 0.04363169897377423
15 0.5321654501216545 0.6677537058152794 0.043017031630170316 0.01961231470923603
1 0.5822465531224655 0.6971436716077537 0.02245742092457421 0.04793614595210946
8 0.8515085158150852 0.6922805017103763 0.08175993511759935 0.013591790193842644
3 0.7779967558799675 0.44513683010262256 0.021549067315490673 0.022616875712656786
3 0.7776155717761557 0.500484606613455 0.020778588807785887 0.018397947548460664
15 0.5358556366585564 0.7763854047890536 0.034144363341443634 0.0224230330672748
15 0.6386374695863748 0.8168301026225769 0.030024330900243312 0.021425313568985176
15 0.7045904298459043 0.8189737742303307 0.027680454176804543 0.02774230330672748
2 0.6385806974858069 0.7392189281641961 0.10645579886455799 0.01750285062713797
9 0.7561719383617194 0.7429988597491448 0.06206001622060016 0.014925883694412771
