2 0.340318 0.515234 0.100750 0.013683
2 0.405010 0.172865 0.065530 0.016345
2 0.292152 0.172885 0.164031 0.015462
2 0.263624 0.194421 0.106562 0.014624
2 0.212739 0.515362 0.018843 0.014247
2 0.227783 0.515265 0.017533 0.014054
2 0.256505 0.515362 0.044619 0.014989
0 0.293051 0.425601 0.010077 0.033312
2 0.284436 0.515188 0.016030 0.014515
2 0.412878 0.515530 0.051423 0.014253
2 0.324512 0.144658 0.228428 0.015382
2 0.376193 0.676434 0.123599 0.014658
0 0.488811 0.410539 0.014510 0.096745
0 0.354339 0.425849 0.010363 0.034424
0 0.530959 0.426288 0.010552 0.035713
0 0.135492 0.415519 0.011935 0.055747
0 0.162263 0.425071 0.009895 0.037976
0 0.512644 0.411870 0.013567 0.082885
0 0.921469 0.254282 0.031088 0.014926
2 0.338912 0.611269 0.010206 0.033130
6 0.263146 0.477127 0.013660 0.059076
8 0.566453 0.667685 0.048795 0.019532
11 0.242120 0.314803 0.029657 0.016505
10 0.319077 0.111804 0.041419 0.019173
6 0.781108 0.177101 0.026167 0.013107
6 0.913136 0.284627 0.014083 0.012856
8 0.141741 0.201491 0.014913 0.071511
