15 0.782864 0.447794 0.044655 0.026545
16 0.879712 0.761080 0.138383 0.031716
2 0.830938 0.123475 0.027790 0.070998
15 0.305162 0.225419 0.037977 0.027714
15 0.680179 0.289513 0.039025 0.028136
1 0.769066 0.053198 0.036751 0.046055
2 0.236621 0.315915 0.025849 0.461089
11 0.270735 0.268763 0.039245 0.039977
2 0.926994 0.350767 0.027327 0.533016
2 0.277315 0.451326 0.020479 0.329926
2 0.766219 0.577243 0.033574 0.061636
2 0.833323 0.534005 0.021836 0.065296
2 0.875447 0.618039 0.024005 0.217674
1 0.764269 0.492568 0.032811 0.065878
2 0.530496 0.585168 0.130382 0.023677
15 0.779992 0.171157 0.041462 0.028141
1 0.280288 0.709615 0.071202 0.020428
2 0.829281 0.308714 0.023387 0.306140
0 0.477376 0.118515 0.075630 0.020211
0 0.509200 0.693464 0.094549 0.022651
0 0.582266 0.670770 0.061706 0.018506
0 0.509423 0.646365 0.093404 0.019413
0 0.432071 0.742959 0.070252 0.017856
0 0.603148 0.768101 0.074630 0.021653
0 0.462908 0.495909 0.047246 0.017098
15 0.378266 0.511998 0.036840 0.026653
15 0.417758 0.539849 0.042145 0.025855
0 0.469667 0.426556 0.084679 0.020787
0 0.498298 0.318803 0.104427 0.018655
