0 0.074778 0.388117 0.023329 0.024178
0 0.201586 0.388990 0.022404 0.023717
0 0.050882 0.336677 0.020549 0.027168
0 0.369259 0.252298 0.019992 0.023723
10 0.199714 0.062038 0.129255 0.031340
7 0.212225 0.104409 0.134843 0.030382
1 0.246429 0.201004 0.086067 0.044676
2 0.376622 0.171125 0.049431 0.059485
15 0.528739 0.214767 0.025314 0.042220
15 0.102782 0.608569 0.030161 0.043445
5 0.270402 0.299660 0.127102 0.029096
15 0.087494 0.208939 0.031020 0.041310
3 0.224592 0.524997 0.051082 0.036458
15 0.220543 0.633651 0.030506 0.041043
15 0.208308 0.585810 0.029125 0.042911
15 0.093767 0.339730 0.023439 0.039642
15 0.200788 0.266592 0.023984 0.041092
