15 0.348387 0.148888 0.030645 0.035368
8 0.233871 0.132345 0.056452 0.016543
15 0.143952 0.155163 0.024597 0.032516
0 0.232661 0.11352 0.054032 0.014261
3 0.23871 0.173987 0.014113 0.023388
3 0.220968 0.173417 0.011694 0.018254
2 0.189516 0.188819 0.011694 0.066743
1 0.167742 0.212208 0.010484 0.031945
10 0.08871 0.390188 0.01129 0.056475
1 0.09879 0.571592 0.010081 0.033086
5 0.112097 0.6583 0.047581 0.021677
15 0.132258 0.626925 0.025403 0.033657
1 0.175 0.578437 0.010484 0.034227
2 0.279839 0.600114 0.01129 0.057616
2 0.231048 0.663434 0.050403 0.019395
16 0.9125 0.648032 0.07621 0.053052
15 0.728629 0.311466 0.019355 0.033657
11 0.756048 0.323446 0.025403 0.018825
0 0.714516 0.365659 0.047581 0.047918
2 0.747177 0.575585 0.046371 0.020536