0 0.24802061230675962 0.5396392156862745 0.1517914519551379 0.056352941176470585
0 0.556110942709912 0.5411764705882353 0.10645953319187632 0.030435294117647057
0 0.5039193695059109 0.4310509803921569 0.05905122764474083 0.0318156862745098
0 0.6110306153379812 0.41497647058823534 0.057153682934222495 0.03136470588235294
0 0.11526826311003334 0.4886470588235294 0.09886329190663837 0.030184313725490197
15 0.3006759624128524 0.607964705882353 0.030045468323734465 0.031674509803921565
7 0.485407699302819 0.7258156862745098 0.1025947256744468 0.019811764705882355
0 0.11630494089117914 0.45341568627450984 0.10443164595331918 0.030921568627450977
2 0.4461685359199758 0.1907686274509804 0.1018278266141255 0.027325490196078436
2 0.4588481357987269 0.6923019607843137 0.08434070930585026 0.025776470588235297
2 0.22293725371324644 0.2081450980392157 0.08852682631100334 0.02994901960784314
2 0.3967202182479539 0.14493333333333333 0.09575022734161867 0.024023529411764704
13 0.08662625037890269 0.4231137254901961 0.05342831160957866 0.015905882352941176
15 0.14590178842073356 0.15652549019607842 0.024877235525916943 0.026501960784313723
2 0.4604759017884207 0.23179215686274512 0.0757077902394665 0.030733333333333335
3 0.3247165807820552 0.3218862745098039 0.04150045468323734 0.02503921568627451
1 0.2845225826007881 0.40589019607843135 0.08903000909366474 0.030858823529411765
13 0.5241982418914822 0.32100392156862745 0.09561079114883299 0.016262745098039214
8 0.5573961806608063 0.5638352941176471 0.0998666262503789 0.0157921568627451
2 0.3413579872688694 0.23184313725490197 0.07581994543801152 0.029011764705882355
0 0.2922279478629888 0.6932705882352941 0.11054258866323129 0.02583921568627451
2 0.10748105486511063 0.20497647058823532 0.06313125189451349 0.02495294117647059
2 0.0923370718399515 0.11367450980392158 0.07997271900575932 0.09866274509803921
2 0.9878205516823281 0.38901568627450983 0.024358896635344043 0.24086274509803923
0 0.2512852379508942 0.7190941176470589 0.03400727493179751 0.027133333333333332
