2 0.283806 0.244770 0.082092 0.023617
4 0.235080 0.131740 0.073740 0.025047
1 0.163714 0.239566 0.032286 0.012221
0 0.603712 0.456136 0.063501 0.028017
15 0.894131 0.722685 0.034863 0.038681
4 0.164846 0.608106 0.074983 0.026868
2 0.287523 0.203923 0.074658 0.010860
11 0.902580 0.388136 0.027338 0.025787
2 0.397121 0.653196 0.034436 0.060791
2 0.928603 0.406745 0.008655 0.063923
4 0.447212 0.266238 0.073945 0.025770
0 0.200462 0.462894 0.054390 0.028153
0 0.361631 0.472847 0.047149 0.029234
0 0.409005 0.466894 0.042594 0.016664
2 0.279299 0.178660 0.097754 0.014170
2 0.744105 0.477081 0.065485 0.015013
