12 0.39014549863595027 0.330921568627451 0.09837223401030615 0.015039215686274511
0 0.8410730524401333 0.527407843137255 0.06294028493482873 0.023698039215686275
7 0.8139981812670507 0.7647254901960784 0.08763867838739012 0.014858823529411765
15 0.912412852379509 0.3484156862745098 0.026511063958775383 0.02870588235294118
0 0.7882964534707487 0.48870196078431377 0.045547135495604726 0.024450980392156863
4 0.9114580175810852 0.46691764705882355 0.0867505304637769 0.01423921568627451
2 0.760233404061837 0.3084156862745098 0.09232494695362231 0.0228
2 0.682555319793877 0.268 0.13432858441952106 0.022964705882352943
0 0.3617126401939982 0.2691294117647059 0.04242497726583813 0.023337254901960782
15 0.4888451045771446 0.40574117647058827 0.03558957259775689 0.026443137254901963
4 0.4883995150045468 0.49469411764705884 0.09613519248257046 0.014454901960784314
15 0.7035919975750228 0.30190196078431375 0.025028796605031826 0.032831372549019605
0 0.9138981509548347 0.44887450980392163 0.04824189148226735 0.026658823529411766
2 0.7665413761745984 0.7454509803921568 0.12107002121855108 0.0211843137254902
10 0.8211700515307669 0.32805882352941174 0.0937465898757199 0.015627450980392157
7 0.790560775992725 0.178521568627451 0.08364655956350409 0.01775686274509804
0 0.4854561988481358 0.47270980392156864 0.04424977265838132 0.026745098039215688
2 0.7614064868141861 0.7104705882352942 0.07888451045771447 0.022772549019607843
3 0.6685965444073961 0.6605803921568627 0.0419521066989997 0.02638823529411765
4 0.843685965444074 0.5471019607843137 0.08810245528948166 0.01439607843137255
4 0.5402788723855714 0.742043137254902 0.08601091239769627 0.014847058823529411
7 0.5419884813579873 0.7277176470588236 0.08372840254622614 0.014474509803921566
10 0.09311003334343741 0.4876274509803922 0.08311609578660199 0.016815686274509804
