7 0.1690990990990991 0.6768267223382046 0.0701051051051051 0.0218580375782881
2 0.4746246246246247 0.4727974947807933 0.06764264264264264 0.019185803757828808
2 0.5267867867867867 0.14144050104384134 0.03662162162162162 0.018643006263048018
5 0.07036036036036036 0.2716283924843424 0.019534534534534534 0.09279749478079333
2 0.5236336336336337 0.4721920668058455 0.03665165165165165 0.019331941544885177
2 0.5021471471471471 0.09156576200417536 0.08423423423423423 0.021774530271398747
5 0.10693693693693694 0.3064926931106472 0.01804804804804805 0.09085594989561588
2 0.33006006006006006 0.6926304801670146 0.43214714714714714 0.02252609603340292
0 0.6271621621621621 0.3987891440501044 0.015825825825825826 0.043903966597077244
0 0.47956456456456453 0.36853862212943633 0.015480480480480481 0.03413361169102297
1 0.1001051051051051 0.6434864300626305 0.046786786786786785 0.02106471816283925
1 0.5774924924924925 0.6421085594989562 0.05016516516516516 0.02290187891440501
2 0.26570570570570573 0.4729853862212944 0.201996996996997 0.01768267223382046
0 0.6015165165165165 0.39893528183716076 0.01771771771771772 0.06342379958246347
2 0.4027177177177177 0.4721503131524008 0.07055555555555555 0.018789144050104383
1 0.5777777777777778 0.2680793319415449 0.04803303303303303 0.020876826722338204
0 0.2885435435435435 0.3616701461377871 0.016861861861861862 0.043131524008350734
2 0.15427927927927929 0.47060542797494775 0.02996996996996997 0.01908141962421712
0 0.05570570570570571 0.3982463465553236 0.015960960960960963 0.07582463465553237
0 0.09226726726726728 0.3987473903966597 0.016576576576576574 0.06914405010438412
