15 0.308672 0.267451 0.022438 0.02902
2 0.33111 0.294118 0.04245 0.020392
2 0.359612 0.176471 0.129169 0.017255
1 0.386295 0.202353 0.032141 0.015686
6 0.46695 0.249412 0.024257 0.015686
3 0.782292 0.305882 0.020012 0.028235
16 0.891449 0.680784 0.053366 0.033725
15 0.326258 0.654118 0.020619 0.027451
5 0.413584 0.76 0.066707 0.025098
0 0.207398 0.471373 0.012129 0.03451
0 0.18678 0.472157 0.012735 0.035294
0 0.166161 0.484706 0.012735 0.04
5 0.258945 0.421176 0.066101 0.026667
15 0.432383 0.378824 0.020619 0.027451
15 0.394785 0.357647 0.020619 0.028235
1 0.364463 0.385882 0.031534 0.016471
15 0.323833 0.498039 0.020619 0.028235
2 0.377198 0.532549 0.089145 0.025098
0 0.44997 0.46902 0.012129 0.033725
0 0.471801 0.473725 0.013948 0.036863
2 0.598545 0.492549 0.023044 0.021176
2 0.596725 0.475294 0.074591 0.018824
2 0.518496 0.567843 0.016374 0.039216
1 0.51789 0.492549 0.030928 0.016471