4 0.52325856320097 0.6660470588235294 0.09108214610488027 0.015058823529411763
2 0.7227826614125493 0.2639372549019608 0.16301909669596845 0.03255686274509804
2 0.6296968778417702 0.3014941176470588 0.08648378296453471 0.025345098039215686
0 0.5175295544104274 0.6461686274509804 0.0496089724158836 0.02292549019607843
11 0.20241891482267352 0.3997921568627451 0.14203698090330402 0.101678431372549
0 0.40833889057290085 0.39505882352941174 0.03635040921491361 0.0248078431372549
12 0.0747893301000303 0.6154901960784314 0.09071536829342225 0.015494117647058823
0 0.9127371930888147 0.5205882352941177 0.052443164595331916 0.024784313725490198
2 0.6260866929372537 0.7355372549019608 0.08561079114883298 0.02388627450980392
4 0.9093422249166414 0.5411529411764706 0.0916914216429221 0.01280392156862745
0 0.5705850257653834 0.5342313725490196 0.07448620794180054 0.024854901960784315
10 0.7141133676871779 0.31382745098039216 0.08418611700515308 0.017266666666666666
15 0.6794574113367687 0.37634117647058823 0.023328281297362835 0.02524705882352941
12 0.44317065777508335 0.44669803921568624 0.10449530160654745 0.01524313725490196
11 0.12787511367080934 0.49850980392156863 0.033107002121855106 0.10373333333333333
12 0.8807759927250681 0.7759294117647059 0.09979993937556836 0.014031372549019608
0 0.43484692331009395 0.605921568627451 0.04605941194301303 0.025141176470588236
3 0.7154167929675659 0.6924980392156862 0.03114277053652622 0.02683137254901961
4 0.5722340103061534 0.555050980392157 0.08542891785389511 0.013109803921568627
15 0.5176841467111245 0.38274901960784313 0.02154592300697181 0.02553333333333333
