10 0.15025827280064566 0.23136830102622577 0.02937046004842615 0.058244013683010264
15 0.22145278450363196 0.2503648802736602 0.04182405165456013 0.029327251995438994
15 0.28054882970137207 0.2869669327251995 0.03587570621468927 0.03202964652223489
2 0.8300242130750606 0.22471493728620295 0.02320419693301049 0.06153933865450399
15 0.26422114608555286 0.21014823261117446 0.04073446327683616 0.03306157354618016
7 0.18966908797417273 0.13501710376282783 0.0319774011299435 0.06555302166476625
0 0.5550121065375302 0.1886259977194983 0.04817594834543987 0.025119726339794757
16 0.8277643260694107 0.7124800456100342 0.11359160613397902 0.04725769669327252
0 0.5557949959644874 0.11727480045610034 0.05241323648103309 0.022856328392246297
0 0.553728813559322 0.3004675028506271 0.07736077481840194 0.020171037628278224
0 0.799225181598063 0.25251425313568987 0.022857142857142857 0.017782212086659067
