2 0.7103849443969205 0.41487500000000005 0.06465640148274879 0.015370967741935483
2 0.7094496720844026 0.2672096774193548 0.06050470487596236 0.012959677419354838
0 0.6669689193042486 0.4588508064516129 0.048103792415169655 0.023548387096774193
12 0.4282720273738238 0.670725806451613 0.06780153977758768 0.016221774193548387
0 0.4451782149985743 0.304 0.04884231536926147 0.014625
0 0.17535785571713716 0.3190483870967742 0.04359851725121186 0.01442741935483871
5 0.6668149415454805 0.47937096774193544 0.03630453378956373 0.013161290322580645
0 0.7831793555745652 0.44885887096774196 0.05088964927288281 0.024919354838709676
0 0.43315369261477044 0.6564032258064516 0.08748502994011977 0.014338709677419357
11 0.2789136013686912 0.26618548387096774 0.07915027088679782 0.05320967741935484
