0 0.514516 0.434683 0.019355 0.027952
0 0.703226 0.411865 0.012097 0.027382
15 0.791935 0.399886 0.018548 0.011409
5 0.906452 0.341129 0.045161 0.007416
15 0.959677 0.355391 0.020161 0.01255
15 0.931452 0.399315 0.016935 0.010268
0 0.962903 0.401027 0.01129 0.009698
0 0.944355 0.411865 0.012097 0.020536
2 0.108871 0.401027 0.026613 0.008557
0 0.381452 0.415859 0.01129 0.010268
0 0.362903 0.39247 0.010484 0.014832
0 0.340323 0.416429 0.01129 0.015402
0 0.319355 0.394752 0.010484 0.014261
0 0.296774 0.400456 0.012097 0.02567
15 0.280645 0.387906 0.023387 0.01312
2 0.251613 0.40445 0.035484 0.009698
0 0.192742 0.397034 0.010484 0.01312
0 0.073387 0.395322 0.01129 0.013691
1 0.092742 0.408443 0.027419 0.007416
3 0.101613 0.336566 0.015323 0.010839
3 0.279032 0.335425 0.017742 0.01255
15 0.241129 0.317741 0.014516 0.01312
2 0.171774 0.297205 0.125806 0.008557
2 0.18871 0.284655 0.162903 0.009698
2 0.108065 0.308614 0.033871 0.008557
5 0.060484 0.326298 0.047581 0.007416
1 0.248387 0.393041 0.022581 0.007416
1 0.264516 0.441529 0.032258 0.007986
1 0.271774 0.424986 0.026613 0.007986
1 0.216935 0.432402 0.045968 0.007416
2 0.170968 0.422133 0.030645 0.007416
2 0.144355 0.436395 0.071774 0.007416
2 0.13871 0.428408 0.058871 0.008557
2 0.131452 0.508272 0.033065 0.007986
2 0.126613 0.496863 0.023387 0.007986
15 0.154839 0.576155 0.020161 0.01312
15 0.191129 0.571592 0.014516 0.014832
11 0.199194 0.56988 0.018548 0.031945
15 0.218548 0.575014 0.017742 0.011979
0 0.233065 0.586994 0.01129 0.026241
2 0.299194 0.570451 0.016129 0.041072
2 0.337097 0.597832 0.074194 0.009127
2 0.566129 0.558471 0.01129 0.016543
3 0.568548 0.536224 0.020968 0.007986
15 0.529032 0.555619 0.017742 0.010839
15 0.512097 0.561323 0.016935 0.011979
15 0.537097 0.59441 0.016935 0.014832
2 0.509677 0.606959 0.079839 0.011979
15 0.316129 0.55733 0.018548 0.010839
3 0.352419 0.56988 0.015323 0.014261
3 0.376613 0.54421 0.016935 0.01255
15 0.362903 0.584712 0.016129 0.014832
15 0.35 0.591557 0.01371 0.01312
0 0.13629 0.589276 0.01129 0.022248
1 0.141935 0.540217 0.029032 0.007416
0 0.508065 0.419281 0.020968 0.010268
6 0.435484 0.370222 0.033065 0.007986
15 0.379032 0.343411 0.022581 0.011979
5 0.381452 0.332002 0.042742 0.007416
5 0.306452 0.326298 0.042742 0.007416