0 0.561348 0.737212 0.087798 0.022395
0 0.530162 0.762166 0.054105 0.016192
0 0.543190 0.787152 0.043806 0.017429
15 0.804413 0.784612 0.040502 0.033318
0 0.543478 0.557811 0.061984 0.021745
1 0.574113 0.620781 0.030429 0.047970
0 0.547547 0.532982 0.085425 0.022577
0 0.546765 0.502987 0.090081 0.022121
0 0.536543 0.484333 0.045425 0.016260
0 0.540186 0.713894 0.042316 0.017948
0 0.509919 0.623019 0.023870 0.028683
11 0.461753 0.695670 0.059425 0.026904
2 0.345498 0.575761 0.025231 0.026209
2 0.452551 0.567942 0.095255 0.016659
2 0.775611 0.656311 0.031789 0.080753
2 0.737190 0.599227 0.036340 0.078090
3 0.685413 0.659649 0.034955 0.022206
1 0.382413 0.560904 0.023093 0.035445
2 0.249555 0.643999 0.020437 0.073290
2 0.213409 0.633341 0.022332 0.095143
2 0.354595 0.667052 0.020818 0.073022
2 0.285154 0.617483 0.016623 0.068763
2 0.318255 0.599359 0.020057 0.072491
