15 0.695577 0.120838 0.031316 0.025051
8 0.577982 0.326767 0.111090 0.019065
2 0.170888 0.201363 0.026957 0.088062
2 0.772381 0.229074 0.029282 0.055251
2 0.806073 0.243526 0.024463 0.085285
15 0.782877 0.191708 0.040751 0.021055
15 0.735827 0.245063 0.034334 0.022919
15 0.773939 0.275177 0.033575 0.021859
1 0.746792 0.662038 0.062930 0.019185
0 0.790799 0.428073 0.034334 0.016260
15 0.224322 0.311440 0.030565 0.024521
15 0.237425 0.175009 0.029475 0.023438
8 0.592724 0.089279 0.110081 0.018637
0 0.460028 0.332506 0.081235 0.018318
0 0.469019 0.093218 0.082462 0.017908
0 0.457139 0.145285 0.105416 0.019190
11 0.523644 0.462933 0.121493 0.041842
11 0.167280 0.399789 0.019919 0.020148
