0 0.641035 0.188703 0.019168 0.009640
14 0.656901 0.405680 0.051777 0.017244
11 0.518566 0.323391 0.023088 0.055346
2 0.613899 0.080350 0.049480 0.027762
14 0.663317 0.322805 0.049834 0.017299
3 0.854824 0.542121 0.015813 0.027762
1 0.804785 0.685174 0.045869 0.011068
2 0.792486 0.364804 0.017632 0.085789
7 0.626935 0.765463 0.050726 0.017371
7 0.688152 0.677507 0.049094 0.017054
0 0.910309 0.412155 0.054803 0.025686
15 0.384132 0.681886 0.018321 0.021099
5 0.286443 0.634850 0.051204 0.018138
15 0.305893 0.931234 0.017185 0.024674
2 0.631031 0.677274 0.014761 0.092278
3 0.307504 0.757066 0.018175 0.020182
0 0.483370 0.649662 0.028490 0.020779
2 0.692238 0.762473 0.020658 0.088031
2 0.723460 0.686481 0.015217 0.126445
2 0.898278 0.287284 0.014384 0.098719
2 0.326627 0.079067 0.050307 0.029933
2 0.470751 0.086552 0.225090 0.016860
1 0.417643 0.796843 0.011355 0.064662
0 0.483431 0.618826 0.028155 0.019533
0 0.481284 0.589955 0.025391 0.009549
0 0.654581 0.212535 0.019044 0.009743
0 0.638259 0.199923 0.016029 0.010561
0 0.401014 0.369488 0.013181 0.119877
0 0.632925 0.213053 0.019753 0.011159
0 0.912859 0.627831 0.026223 0.082250
0 0.210598 0.291471 0.056589 0.017335
0 0.199952 0.249585 0.074893 0.016544
0 0.296059 0.351083 0.010756 0.080672
0 0.278017 0.363217 0.011879 0.102416
3 0.291564 0.772084 0.014679 0.021194
11 0.900949 0.678549 0.025042 0.048675
3 0.849540 0.573074 0.016330 0.023491
0 0.620641 0.188630 0.017492 0.009605
0 0.452884 0.649506 0.024435 0.018664
0 0.452958 0.619015 0.024567 0.020095
0 0.455967 0.590360 0.021080 0.009711
0 0.620139 0.200382 0.016133 0.009383
