15 0.900894117647059 0.2954275318374773 0.02715686274509804 0.037010309278350514
4 0.9025686274509804 0.5076834445118253 0.12398039215686274 0.022492419648271682
1 0.7205176470588235 0.6889326864766525 0.06949803921568627 0.03597331716191631
15 0.7628235294117647 0.2913098847786537 0.030913725490196078 0.03593693147362038
15 0.7593098039215687 0.6289569436021832 0.02795686274509804 0.03583383869011522
11 0.8734470588235294 0.3304912067919952 0.022756862745098038 0.09628259551243178
15 0.8297686274509803 0.22697392359005455 0.025929411764705885 0.03291691934505761
15 0.8449803921568627 0.3441843541540327 0.030784313725490196 0.03602789569436022
2 0.8198588235294118 0.2818435415403275 0.08178431372549021 0.032322619769557304
0 0.7328313725490196 0.4836264402668284 0.02159607843137255 0.019751364463311098
2 0.770478431372549 0.236331109763493 0.08830980392156863 0.031558520315342634
0 0.8980549019607843 0.4854032747119466 0.022227450980392156 0.021885991510006066
7 0.8336627450980393 0.18040630685263798 0.10899607843137255 0.023571861734384473
