15 0.058529076396807295 0.20706214689265537 0.021579247434435577 0.025141242937853105
15 0.13163055872291904 0.18820823244552057 0.024834663625997722 0.02687651331719128
3 0.42502280501710377 0.298272800645682 0.02645381984036488 0.03154156577885391
2 0.4679589509692132 0.4489104116222761 0.07397947548460661 0.022171105730427763
15 0.48084948688711515 0.18583535108958837 0.02345496009122007 0.027796610169491524
2 0.3208779931584949 0.14823244552058112 0.35 0.027820823244552057
1 0.18625427594070695 0.28286521388216307 0.05059863169897377 0.021614205004035512
0 0.04755416191562144 0.38357546408393867 0.018591790193842644 0.0899677158999193
7 0.08315279361459521 0.16083938660209846 0.05428734321550741 0.022994350282485875
0 0.5209007981755986 0.28415657788539145 0.05011972633979475 0.019015334947538338
2 0.5249258836944127 0.3738498789346247 0.021584948688711515 0.10556900726392253
0 0.09746294184720639 0.3822679580306699 0.025148232611174458 0.12605326876513318
2 0.5247434435575826 0.187772397094431 0.01805587229190422 0.13800645682001614
8 0.06663055872291905 0.36612590799031475 0.015119726339794755 0.07142857142857142
10 0.3700513112884835 0.14626311541565779 0.040051311288483465 0.021162227602905568
1 0.10484036488027365 0.5753349475383374 0.048734321550741165 0.022179176755447942
1 0.44497719498289623 0.5748426150121065 0.05307867730900798 0.02119451170298628
