2 0.35471987101975005 0.6356214367160776 0.014022571543732366 0.06668757126567845
2 0.3362031438935913 0.6922291904218929 0.0167795243853285 0.2847177879133409
1 0.15755743651753323 0.19968928164196123 0.009742039500201532 0.029335803876852907
2 0.9379967754937526 0.5750256556442418 0.014582829504232165 0.04747719498289624
2 0.9209633212414349 0.7473802736602052 0.01625554212011286 0.1348945267958951
11 0.5410761789600967 0.7551083238312429 0.055171301894397416 0.016294184720638538
15 0.7776662636033858 0.8706413911060433 0.027166465135026203 0.013289623717217787
0 0.6792503022974608 0.29875142531356896 0.016743248690044336 0.020133979475484606
2 0.3574566706972995 0.7478249714937286 0.016352277307537282 0.15616020524515392
15 0.7868964127367997 0.9000684150513113 0.022398226521563886 0.015230900798175599
2 0.18715437323659814 0.23689566704675027 0.20542523176138655 0.01169042189281642
2 0.5284602982668278 0.5567132269099202 0.014578798871422815 0.0683551881413911
7 0.577210802095929 0.7607810718358039 0.01188230552196695 0.02395952109464082
1 0.48720274083031034 0.85827251995439 0.013587263200322452 0.022685290763968073
2 0.3758806932688432 0.7745781071835803 0.014381297863764611 0.07183865450399088
2 0.38019347037484885 0.8304561003420752 0.02096735187424426 0.02913055872291904
15 0.7782466747279323 0.5268101482326112 0.028557033454252315 0.012089509692132268
2 0.503696090286175 0.5560376282782212 0.013139862958484483 0.04797605473204105
11 0.7981700927045546 0.704709236031927 0.03669085046352277 0.023722919042189282
2 0.9398428053204353 0.7247263397947549 0.01457073760580411 0.24908209806157353
0 0.6616848045143088 0.9069127708095781 0.031463119709794436 0.010852337514253135
15 0.8836678758565095 0.4691077537058153 0.025264006449012496 0.012277651083238313
11 0.5409431680773881 0.692785062713797 0.04355098750503829 0.012391676168757127
1 0.13714228133817008 0.14978335233751428 0.011068117694478033 0.030202394526795896
15 0.3972067714631197 0.793072976054732 0.0205521966948811 0.01412200684150513
2 0.38783958081418785 0.15470068415051313 0.014018540910923015 0.02391676168757127
15 0.1856428859330915 0.1974714937286203 0.025223700120918985 0.012368871151653364
3 0.2178153970173317 0.19925313568985178 0.0382950423216445 0.025829532497149373
11 0.27581217251108425 0.20947548460661347 0.07137041515517936 0.014637970353477766
0 0.22274889157597744 0.27055302166476625 0.02894397420395002 0.007950399087799317
2 0.3775010076582024 0.17268814139110603 0.01683595324465941 0.028013112884834664
2 0.3574244256348247 0.16133124287343217 0.01671100362756953 0.03444127708095781
15 0.3976622329705764 0.8086060433295326 0.020004030632809353 0.012374572405929303
1 0.40162837565497783 0.8664937286202964 0.011338170092704554 0.018152793614595212
16 0.3211446997178557 0.9045267958950969 0.03482466747279323 0.0934236031927024
0 0.6494679564691657 0.865675598631699 0.05601773478436114 0.008252565564424174
0 0.6466948810963321 0.8930074116305587 0.060153164046755345 0.009381413911060432
8 0.699677549375252 0.8933808437856329 0.03937525191455058 0.007636830102622577
3 0.7688593309149536 0.6900798175598633 0.015090689238210398 0.011365450399087798
3 0.7704433696090286 0.7096265678449258 0.01192261185006046 0.011120296465222348
2 0.9202458686013705 0.6402223489167617 0.019326884320838372 0.07958665906499429
2 0.9208222490931076 0.8305815279361459 0.015199516324062879 0.03267673888255416
2 0.899540507859734 0.6989737742303307 0.015941152760983474 0.03898517673888255
0 0.6482144296654575 0.46244583808437856 0.04724707779121322 0.011311288483466363
0 0.6498145908907699 0.4786316989737742 0.03067714631197098 0.008195553021664767
0 0.649850866586054 0.4930701254275941 0.029991938734381298 0.006425313568985177
0 0.6486739218057235 0.5079931584948688 0.032958484482063684 0.0066989737742303304
0 0.6489762192664248 0.5223774230330672 0.05180975413139863 0.008047320410490309
8 0.6995243853284966 0.5216220068415051 0.038875453446191054 0.006542189281641961
8 0.7004514308746473 0.46343785632839224 0.03761789600967352 0.00556442417331813
1 0.4006166868198307 0.5807155074116306 0.014143490528012899 0.02911630558722919
3 0.4451793631600161 0.5828591790193843 0.010032245062474809 0.011639110604332953
11 0.4882507053607416 0.6188654503990878 0.05514711809754131 0.015607183580387686
11 0.5442321644498186 0.6246379703534778 0.04683998387746876 0.014090649942987457
0 0.6486940749697703 0.6462685290763969 0.04598548972188634 0.009877423033067274
3 0.8035671100362757 0.573175598631699 0.0175453446191052 0.008184150513112885
3 0.7996251511487303 0.5856470923603192 0.015501813784764208 0.0129903078677309
6 0.8127730753728335 0.3979675028506271 0.016211205159209995 0.0077194982896237165
6 0.8201007658202338 0.41309007981755985 0.014244256348246677 0.0069754846066134545
