0 0.5918363273453094 0.4241774193548387 0.030236669518106645 0.021641129032258066
0 0.551345879669233 0.368266129032258 0.03560307955517537 0.02078225806451613
5 0.5495979469632164 0.3849354838709677 0.04837182777302537 0.016048387096774194
0 0.11976618192187054 0.3905040322580645 0.027664670658682635 0.018532258064516128
2 0.22405189620758484 0.5830967741935483 0.05968349016253208 0.009903225806451612
2 0.1931650983746792 0.5599556451612904 0.05179355574565155 0.01884677419354839
5 0.5894468206444254 0.44346774193548383 0.049361277445109784 0.01367741935483871
0 0.1564613629883091 0.4459435483870968 0.031693755346449956 0.018806451612903227
11 0.5327601938979185 0.2718991935483871 0.021083547191331622 0.03683467741935484
0 0.6294810379241518 0.35865725806451615 0.02885372112917023 0.012834677419354838
2 0.4955175363558597 0.20353225806451614 0.060171086398631314 0.021524193548387097
2 0.6087025948103791 0.8260201612903226 0.05152266894781865 0.013633064516129034
15 0.48877102936983174 0.2431532258064516 0.017621899059024806 0.02196774193548387
2 0.6128229255774166 0.8314475806451612 0.052249786142001715 0.014798387096774194
15 0.29478756772169945 0.26243951612903227 0.02091816367265469 0.027814516129032258
2 0.3564100370687197 0.6021048387096775 0.322874251497006 0.019036290322580647
2 0.5018562874251496 0.2265967741935484 0.04673795266609638 0.013520161290322581
15 0.0712888508696892 0.2775483870967742 0.018263473053892216 0.02378225806451613
15 0.1636869118905047 0.26571774193548386 0.022284003421727976 0.025850806451612904
2 0.10715711434274308 0.2687459677419355 0.03217564870259481 0.03616935483870968
7 0.17619047619047618 0.21661693548387098 0.050305104077559164 0.01629032258064516
0 0.3793270601653835 0.44582661290322584 0.018018249215854005 0.01783064516129032
7 0.5304904476760764 0.17418548387096774 0.05041345879669233 0.01894758064516129
15 0.19619332763045336 0.17106451612903226 0.020179640718562875 0.02824193548387097
5 0.9049900199600799 0.382383064516129 0.047080125463359 0.016100806451612902
0 0.9042629027658968 0.3611008064516129 0.03374964357000285 0.02580241935483871
