11 0.8667293119127009 0.44749411764705876 0.15276144286147317 0.2602509803921569
0 0.2775386480751743 0.5177960784313725 0.13319187632615945 0.05352941176470588
0 0.09711730827523492 0.5157098039215686 0.10770233404061837 0.030913725490196078
2 0.4776326159442255 0.6771254901960785 0.07016065474386178 0.023827450980392156
2 0.49017277963019096 0.7503529411764707 0.0950803273719309 0.029192156862745098
0 0.09678084267959987 0.550756862745098 0.10460442558351014 0.029070588235294115
0 0.6213913307062746 0.4591411764705882 0.04862079418005456 0.02665098039215686
11 0.8975992725068201 0.5437098039215686 0.023370718399515003 0.06793333333333333
2 0.4831676265535011 0.31021176470588235 0.09290694149742346 0.02669411764705882
2 0.4251955137920582 0.19093333333333334 0.08457411336768718 0.026011764705882352
2 0.37200060624431647 0.23368235294117645 0.08775386480751743 0.026231372549019607
15 0.3221855107608366 0.5734823529411766 0.0248044862079418 0.02876470588235294
8 0.5669354349802971 0.5553098039215686 0.0977932706880873 0.01887450980392157
2 0.46556229160351625 0.27008627450980394 0.09662018793573811 0.026435294117647057
3 0.31552591694452864 0.3339333333333333 0.05054258866323128 0.023
1 0.30372537132464383 0.6638196078431372 0.05488026674749925 0.026862745098039216
2 0.09042740224310397 0.11169411764705882 0.08823582903910275 0.11089803921568628
0 0.5649712033949682 0.5290156862745098 0.08938163079721127 0.02690980392156863
7 0.5051924825704759 0.7095725490196079 0.10145801758108518 0.01652156862745098
2 0.08397999393755684 0.2252470588235294 0.08174598363140345 0.023380392156862745
5 0.061088208548044864 0.4808823529411765 0.06932403758714761 0.016941176470588237
15 0.1449317975143983 0.16322745098039215 0.022940284934828737 0.026094117647058827
2 0.22460745680509245 0.22900784313725492 0.10583207032434071 0.02787843137254902
13 0.5389481661109428 0.36064313725490194 0.0909154289178539 0.01563137254901961
0 0.5090360715368293 0.4715725490196078 0.04949378599575629 0.029945098039215686
