2 0.8891671420422134 0.7335806451612903 0.0472561323445522 0.018951612903225806
8 0.6033029092983456 0.6616774193548387 0.054671990872789504 0.019693548387096776
0 0.09258984597832287 0.4848145161290322 0.036725613234455216 0.01628225806451613
2 0.18437535653166 0.2695483870967742 0.08110096976611522 0.021516129032258063
2 0.48446662863662293 0.13312903225806452 0.08391899600684541 0.026419354838709677
3 0.34895607529948663 0.8396532258064516 0.03161437535653166 0.01471774193548387
2 0.3200228180262407 0.7182338709677419 0.37718767826583005 0.019153225806451613
2 0.30900741585852826 0.6775241935483871 0.34940102681118085 0.02960483870967742
3 0.5237820878494011 0.8594838709677419 0.04085567598402738 0.02003225806451613
0 0.9543297204791786 0.6352580645161291 0.04100969766115231 0.044104838709677414
0 0.34363377067883627 0.3941774193548387 0.04650884198516828 0.04141935483870968
0 0.04589845978322875 0.3012903225806452 0.05257273245864232 0.034741935483870966
0 0.07466058185966913 0.2535241935483871 0.03296063890473474 0.04826612903225807
2 0.4185111237877923 0.8330725806451613 0.019942954934398176 0.06563709677419355
3 0.4732915002852253 0.7553467741935483 0.041215059897318884 0.029741935483870968
3 0.6357729606389048 0.8425241935483871 0.030684540787221905 0.021483870967741937
0 0.6025213918996007 0.522766129032258 0.042241871078151735 0.025233870967741934
2 0.12069594980034228 0.26243548387096777 0.04887050770108386 0.02263709677419355
6 0.6783057615516257 0.6586048387096773 0.044050199657729605 0.0195241935483871
