0 0.466375 0.548465 0.013556 0.040685
1 0.642746 0.546443 0.058927 0.008391
5 0.512137 0.487051 0.069774 0.010645
12 0.381012 0.546637 0.096782 0.010707
0 0.701794 0.451361 0.014444 0.034643
0 0.253685 0.561315 0.083468 0.009064
0 0.167540 0.361900 0.060597 0.015767
0 0.145798 0.390565 0.057371 0.014341
1 0.650274 0.406409 0.097935 0.016834
2 0.390859 0.451994 0.012363 0.043041
0 0.663927 0.458232 0.016081 0.052002
11 0.291089 0.379584 0.096371 0.032230
15 0.547371 0.348551 0.019839 0.036863
5 0.637048 0.521865 0.071952 0.011694
12 0.267907 0.572116 0.097363 0.011888
15 0.589194 0.362635 0.020145 0.036646
15 0.625077 0.380425 0.051605 0.012875
2 0.596956 0.449244 0.084315 0.008893
16 0.840855 0.568223 0.179597 0.017325
0 0.222012 0.554187 0.052089 0.009253
3 0.617407 0.509949 0.028524 0.008739
15 0.617012 0.492761 0.053202 0.012801
15 0.502573 0.424712 0.049419 0.014261
15 0.443593 0.455853 0.056508 0.014010
2 0.543399 0.318910 0.076750 0.011261
0 0.339234 0.536977 0.048790 0.007553
15 0.358944 0.465094 0.056774 0.012402
