0 0.335610791148833 0.11005490196078431 0.08289178538951197 0.03052941176470588
0 0.43244922703849653 0.12073725490196079 0.09715368293422248 0.028058823529411765
2 0.5359563504092149 0.09601176470588235 0.08131858138829948 0.026098039215686274
2 0.47892694755986664 0.6126470588235294 0.04267656865716884 0.14140784313725488
2 0.06433767808426796 0.6153215686274509 0.04761745983631403 0.13801960784313724
10 0.6668505607759927 0.2207137254901961 0.09775386480751744 0.018266666666666667
2 0.3401667171870264 0.2831686274509804 0.12204910578963322 0.0278078431372549
5 0.8652591694452864 0.5682274509803922 0.10045771445892696 0.022184313725490196
12 0.507280994240679 0.3558745098039216 0.11002424977265839 0.015635294117647056
2 0.6831100333434373 0.5797960784313726 0.11367990300090935 0.03026666666666667
2 0.7706183692027887 0.3086156862745098 0.09188238860260685 0.025800000000000003
1 0.838441952106699 0.6593019607843137 0.062237041527735674 0.026341176470588236
2 0.21930888147923613 0.28194117647058825 0.11790542588663232 0.02837254901960784
2 0.5373446498939073 0.24382352941176472 0.08740224310397089 0.026490196078431373
2 0.4805729008790543 0.5051137254901961 0.034301303425280386 0.07603921568627452
2 0.06345559260381935 0.5057254901960784 0.03136404971203395 0.07672156862745097
2 0.31642922097605336 0.3221686274509804 0.07663534404364959 0.028701960784313724
2 0.3162352227947863 0.7773568627450981 0.07156714155804789 0.0314156862745098
0 0.9162018793573811 0.3991882352941176 0.06421642922097605 0.028788235294117646
2 0.23983025159139135 0.7790745098039216 0.07640800242497726 0.030835294117647058
15 0.31953622309790847 0.21074117647058824 0.024043649590785084 0.028686274509803922
2 0.7009578660200061 0.2912941176470588 0.12072143073658684 0.023568627450980394
10 0.7926129130039405 0.24867058823529412 0.09487723552591694 0.019498039215686273
2 0.11123976962715976 0.42008235294117646 0.09069111852076386 0.02820392156862745
2 0.11490148529857533 0.572564705882353 0.0322127917550773 0.08976470588235294
2 0.5227978175204607 0.4612705882352941 0.042603819339193695 0.16453333333333334
0 0.4811579266444377 0.3335686274509804 0.058945134889360415 0.028564705882352943
3 0.6859108820854805 0.3920941176470588 0.036092755380418305 0.04250980392156863
2 0.6788299484692331 0.25159607843137255 0.11358593513185815 0.027870588235294116
7 0.14325856320097 0.18974117647058822 0.10516520157623523 0.017054901960784314
0 0.2138011518642013 0.15458823529411764 0.15696877841770235 0.05547450980392157
0 0.8616883904213398 0.5287176470588235 0.14603213094877235 0.05418823529411765
