0 0.6537799315849487 0.6483675937122128 0.030952109464082098 0.0447279322853688
0 0.6078392246294185 0.14010882708585248 0.03350057012542759 0.03423216444981862
2 0.5317046750285063 0.5208504635227731 0.02505701254275941 0.1646029826682789
0 0.5975541619156214 0.07868601370415156 0.042063854047890537 0.040927045546150745
2 0.8324116305587229 0.4022490931076179 0.03555872291904219 0.39488915759774285
5 0.7430273660205245 0.548839177750907 0.01877423033067275 0.051946795646916566
0 0.6612599771949829 0.16833131801692866 0.03091220068415051 0.048218460298266826
2 0.39021664766248576 0.4243208383716244 0.04043899657924744 0.34913744457879886
2 0.4291733181299886 0.44519951632406285 0.037810718358038765 0.3115880693268843
15 0.5718415051311289 0.24893994357114066 0.02429304446978335 0.019600967351874245
2 0.48442987457240594 0.25170092704554614 0.013648802736602053 0.05119709794437727
5 0.3473831242873432 0.29518742442563484 0.018939566704675028 0.051950826279725915
5 0.7907810718358038 0.4351511487303506 0.018352337514253133 0.04810157194679565
15 0.5056100342075257 0.32120112857718663 0.028973774230330672 0.020503829101168883
2 0.7462257696693273 0.834695687222894 0.012776510832383124 0.047267230955259976
0 0.6599429874572406 0.38110842402257156 0.04498859749144812 0.04254735993550988
2 0.5206214367160775 0.4019105199516324 0.030980615735461802 0.07370012091898427
5 0.8250855188141392 0.1504877065699315 0.017953249714937284 0.04929060862555421
15 0.5770353477765109 0.34186215235792017 0.02151653363740023 0.019165659008464328
0 0.6226738882554163 0.6895929060862556 0.041465222348916767 0.046299879081015724
2 0.6345781071835803 0.9288472390165255 0.12290763968072976 0.03786779524385329
1 0.38841505131128845 0.21745667069729946 0.024321550741163055 0.03140266021765417
2 0.49674458380843783 0.5096372430471584 0.018204104903078677 0.18302700523982265
2 0.4742132269099202 0.5037525191455058 0.01994298745724059 0.19215638855300282
16 0.2933010262257697 0.8903990326481257 0.03356328392246294 0.16008867392180573
2 0.7953192702394527 0.21996372430471584 0.03175598631698974 0.055860540104796456
15 0.7253363740022805 0.16729544538492544 0.023415051311288484 0.020386940749697702
0 0.6094013683010263 0.28581217251108426 0.04048460661345496 0.04676340185409109
1 0.5880045610034207 0.5850342603788795 0.023352337514253137 0.058540910923014916
15 0.7156556442417332 0.6647077791213221 0.0264709236031927 0.020616686819830712
2 0.7669384264538198 0.8514792422410319 0.013985176738882554 0.04574365175332527
15 0.7338825541619156 0.11729947601773477 0.02869441277080958 0.019326884320838372
0 0.6486830102622577 0.10629987908101572 0.0412884834663626 0.04552599758162031
2 0.4542645381984036 0.45448206368399835 0.014789053591790195 0.2959209995969367
15 0.5702394526795895 0.38956066102378073 0.025262257696693272 0.022809351068117698
0 0.661345496009122 0.3320395002015316 0.04124857468643101 0.03622329705763805
15 0.6582953249714938 0.25029826682789197 0.03412200684150513 0.020910923014913343
0 0.6467901938426454 0.22175735590487705 0.022457240592930444 0.023675937122128173
1 0.74942417331813 0.22455058444175735 0.02331242873432155 0.06420395002015317
1 0.7534948688711517 0.45917372027408304 0.022023945267958953 0.07327690447400242
3 0.5187799315849487 0.16620717452640066 0.025262257696693272 0.06133817009270456
