0 0.9205425886632312 0.4428078431372549 0.08045771445892695 0.02456862745098039
12 0.10620794180054562 0.6900901960784314 0.10071536829342224 0.015070588235294117
0 0.4490785086389815 0.379843137254902 0.06113367687177933 0.023023529411764707
0 0.37495907850863897 0.28630980392156863 0.042664443770839645 0.020458823529411765
2 0.6680721430736586 0.7442509803921569 0.2633525310700212 0.023737254901960783
0 0.41061836920278877 0.3352627450980392 0.04020309184601394 0.02315686274509804
15 0.9235829039102759 0.27677254901960785 0.025786602000606243 0.026117647058823527
2 0.27669596847529554 0.874443137254902 0.10543194907547741 0.0231921568627451
12 0.3231827826614126 0.615592156862745 0.09739314943922402 0.014898039215686274
7 0.5767293119127008 0.7020862745098039 0.08913610184904516 0.01563137254901961
15 0.5260715368293423 0.6441019607843137 0.0228584419521067 0.02868235294117647
15 0.6491179145195514 0.6036196078431373 0.020315247044558955 0.024701960784313727
15 0.46748408608669295 0.4826705882352941 0.02417096089724159 0.02483921568627451
2 0.7327796301909669 0.2419607843137255 0.14137314337678084 0.022356862745098037
2 0.5749257350712337 0.19585882352941175 0.07966656562594726 0.02096470588235294
0 0.33122158229766596 0.5672627450980392 0.04470748711730828 0.021552941176470587
2 0.100142467414368 0.1175686274509804 0.04365565322825099 0.05505490196078431
2 0.5872991815701728 0.6741294117647059 0.10338890572900879 0.024415686274509803
15 0.10378599575628979 0.06467450980392156 0.023619278569263415 0.027654901960784312
2 0.1764019399818127 0.05795686274509804 0.1044073961806608 0.02325490196078431
15 0.8209912094574113 0.45613725490196083 0.022033949681721732 0.022811764705882354
2 0.2223673840557745 0.8835803921568628 0.07939375568354047 0.022227450980392156
0 0.492067293119127 0.4259450980392157 0.03240072749317975 0.023380392156862745
5 0.9203728402546226 0.46118039215686274 0.0901303425280388 0.016066666666666667
0 0.8690724461958169 0.4102588235294118 0.0445498635950288 0.023172549019607844
1 0.8440315247044559 0.31957254901960785 0.04601697484086087 0.012886274509803921
10 0.6795331918763262 0.6543058823529412 0.08003031221582298 0.011949019607843137
15 0.3157108214610488 0.8367137254901961 0.022158229766595938 0.026023529411764706
0 0.07950591088208549 0.6452196078431373 0.050915428917853896 0.014317647058823529
15 0.6060260685056078 0.21268627450980393 0.020242497726583812 0.02368627450980392
12 0.9052561382237042 0.6012392156862746 0.0894877235525917 0.014341176470588236
5 0.8387208244922704 0.35098823529411766 0.05110336465595635 0.01416470588235294
0 0.31943619278569263 0.2502 0.04340709305850257 0.02310980392156863
1 0.7232615944225522 0.5729921568627452 0.04942709912094574 0.022960784313725488
2 0.6119915125795696 0.6324235294117647 0.05214307365868445 0.019133333333333332
15 0.19379812064261898 0.8320549019607842 0.021188238860260687 0.025623529411764708
3 0.20785389511973326 0.16073333333333334 0.05373143376780842 0.027247058823529412
0 0.059339193695059106 0.15664313725490195 0.059672628069111854 0.028580392156862745
13 0.26975750227341616 0.19245882352941177 0.04765383449530161 0.011054901960784314
15 0.520763867838739 0.444564705882353 0.021567141558047894 0.023388235294117647
2 0.6575447105183388 0.6331490196078431 0.0380478933010003 0.02187843137254902
