2 0.3298823529411765 0.5593875075803517 0.06362745098039216 0.0179805942995755
0 0.1332235294117647 0.5185567010309279 0.03469411764705882 0.015433596118859914
0 0.18865098039215686 0.5221285627653123 0.05065882352941177 0.01739842328684051
2 0.30446666666666666 0.33155245603396 0.07637254901960784 0.012795633717404489
0 0.4318862745098039 0.5244147968465737 0.05164705882352941 0.020873256519102486
12 0.6546274509803921 0.3475197089144936 0.08338823529411764 0.02035779260157671
2 0.33361960784313727 0.4871922377198302 0.054705882352941174 0.019266221952698604
0 0.6574 0.3970285021224985 0.03751764705882353 0.015469981807155853
1 0.400521568627451 0.34206185567010305 0.0524156862745098 0.014736203759854457
11 0.8180980392156864 0.42051546391752576 0.12561176470588237 0.1938204972710734
1 0.19985098039215687 0.34065494238932686 0.04204705882352941 0.01616737416616131
0 0.6479843137254901 0.30628259551243175 0.08835294117647059 0.025839902971497877
13 0.6333882352941177 0.32614311704063065 0.054337254901960785 0.019617950272892662
