15 0.22791799544419133 0.40788790560471977 0.024856492027334854 0.025964601769911503
7 0.20516173120728928 0.17002949852507374 0.05804100227790433 0.018696165191740412
15 0.353125284738041 0.39819469026548676 0.019763097949886108 0.022318584070796458
15 0.3831116173120729 0.4290796460176991 0.021362186788154897 0.024430678466076695
15 0.2560455580865604 0.19327433628318585 0.021302961275626423 0.022766961651917408
11 0.2984145785876993 0.18722713864306786 0.029881548974943054 0.04944542772861357
2 0.28497038724373575 0.12624778761061947 0.05141685649202733 0.018973451327433628
2 0.2834897494305239 0.09694985250737465 0.08532118451025057 0.01462536873156342
15 0.26176765375854216 0.15210619469026548 0.02365375854214123 0.02426548672566372
15 0.21116628701594534 0.266141592920354 0.019758542141230066 0.023522123893805306
0 0.38678359908883825 0.3539174041297935 0.016710706150341686 0.06707964601769911
5 0.41187243735763096 0.24108554572271385 0.052305239179954444 0.016672566371681418
5 0.20081548974943053 0.2287905604719764 0.059931662870159455 0.017834808259587023
2 0.32890205011389523 0.3671150442477876 0.0320501138952164 0.011309734513274338
0 0.4222232346241458 0.33651917404129794 0.02139863325740319 0.038436578171091446
10 0.15137129840546695 0.3110501474926254 0.05066514806378132 0.017811209439528023
0 0.17928473804100226 0.37143952802359886 0.0175125284738041 0.07347492625368732
0 0.11139407744874714 0.3388849557522124 0.011612756264236902 0.030365781710914454
2 0.28656947608200456 0.3847020648967552 0.06830979498861048 0.012955752212389381
0 0.4529612756264237 0.33683185840707963 0.01646924829157175 0.038041297935103247
0 0.44056947608200453 0.3553746312684366 0.017403189066059227 0.06620058997050147
2 0.2399589977220957 0.3671740412979351 0.032701594533029614 0.013675516224188791
0 0.2085603644646925 0.36273156342182894 0.012264236902050115 0.07707964601769912
11 0.15202277904328018 0.2693333333333333 0.029826879271070614 0.033498525073746316
11 0.3591116173120729 0.31044247787610624 0.02075626423690205 0.02968141592920354
0 0.37043280182232347 0.3548318584070797 0.015097949886104784 0.04853097345132744
15 0.2449749430523918 0.2592448377581121 0.019840546697038722 0.021545722713864308
15 0.17900227790432802 0.2705250737463127 0.022400911161731207 0.02575221238938053
2 0.31528473804100227 0.3323244837758112 0.02642369020501139 0.010778761061946902
15 0.33931207289293847 0.3252330383480826 0.01870615034168565 0.023923303834808257
0 0.19594988610478362 0.36743362831858406 0.012150341685649204 0.06927433628318584
2 0.2462369020501139 0.33093805309734514 0.06009567198177676 0.01848967551622419
2 0.24987699316628703 0.2391268436578171 0.030715261958997722 0.014820058997050148
11 0.38652391799544417 0.2145486725663717 0.01958997722095672 0.02615339233038348
2 0.2536355353075171 0.11223598820058997 0.02404100227790433 0.01527433628318584
2 0.29581776765375856 0.11312094395280237 0.05933485193621868 0.014737463126843658
16 0.3789521640091116 0.10549852507374631 0.05529840546697039 0.03855457227138643
1 0.23019589977220956 0.4407905604719764 0.04663325740318906 0.018790560471976404
0 0.23452847380410022 0.4670324483775811 0.012779043280182232 0.01961061946902655
2 0.2511389521640091 0.5079646017699115 0.022382687927107063 0.014460176991150443
11 0.24901594533029614 0.5295811209439528 0.02705239179954442 0.02234808259587021
12 0.8372027334851937 0.16947492625368732 0.06070159453302962 0.01767551622418879
0 0.8751070615034168 0.2169203539823009 0.016136674259681093 0.055787610619469026
0 0.7515489749430524 0.3682890855457227 0.02093849658314351 0.036418879056047196
11 0.6763371298405467 0.19090265486725663 0.11844191343963555 0.06982300884955751
