1 0.4617372027408303 0.31564994298745724 0.05524788391777509 0.016539338654503993
16 0.917013301088271 0.7194640820980616 0.05841596130592503 0.034657924743443556
5 0.49035066505441355 0.5945952109464082 0.05979040709391375 0.02699543899657925
15 0.15438532849657396 0.5730273660205245 0.02588472390165256 0.03259407069555302
2 0.38449415558242644 0.24871721778791334 0.015421201128577186 0.1020296465222349
2 0.2998105602579605 0.586163055872292 0.26270052398226523 0.021659064994298746
2 0.6124264409512293 0.3997719498289624 0.018855300282144296 0.06977765108323832
15 0.4438532849657396 0.568078677309008 0.024066908504635227 0.033352337514253136
1 0.4201451027811367 0.5419099201824401 0.05331318016928658 0.019931584948688713
2 0.18153567110036276 0.24391676168757126 0.03328899637243047 0.01645952109464082
15 0.1452962515114873 0.2664310148232611 0.021692865779927448 0.029732041049030787
1 0.19900846432889965 0.541242873432155 0.03083031035872632 0.02097491448118586
8 0.12976622329705764 0.39875142531356894 0.016956872228939945 0.07376282782212086
0 0.10723901652559452 0.3804561003420753 0.02422007255139057 0.09566134549600912
1 0.14212817412333736 0.31588939566704677 0.02788794840790004 0.021077537058152792
3 0.16995163240628777 0.38460091220068415 0.016505441354292626 0.01692132269099202
3 0.17155985489721887 0.41915051311288487 0.016964933494558646 0.01848916761687571
10 0.3001975010076582 0.6081071835803876 0.03191051995163241 0.01990877993158495
0 0.8652438532849658 0.3549543899657925 0.07454252317613866 0.03564994298745724
15 0.7771100362756953 0.45781641961231473 0.02704957678355502 0.03192702394526796
