5 0.25038823529411763 0.6567313523347483 0.0715764705882353 0.025421467556094604
0 0.7421686274509803 0.37414796846573684 0.026231372549019607 0.12054578532443906
15 0.2554078431372549 0.4680897513644633 0.03172156862745098 0.04109157064887811
15 0.5793333333333334 0.5716373559733171 0.03623529411764706 0.04208611279563372
15 0.3006980392156863 0.4895633717404487 0.03544313725490196 0.03542753183747726
15 0.6813333333333333 0.2464705882352941 0.03592156862745098 0.042152819890842935
15 0.6618588235294117 0.4651788963007884 0.028035294117647058 0.039096422073984234
15 0.529843137254902 0.42617950272892663 0.03764705882352941 0.04274105518496058
15 0.29909019607843135 0.6252941176470588 0.031082352941176474 0.03697392359005458
15 0.2848588235294118 0.31506367495451787 0.031462745098039216 0.04367495451788963
2 0.29993725490196077 0.5272407519708914 0.06494901960784313 0.028823529411764706
15 0.6114078431372548 0.42790175864160096 0.03326274509803921 0.04109763493026076
2 0.37771372549019605 0.2184536082474227 0.07560392156862744 0.025900545785324438
15 0.646 0.5725045482110369 0.038035294117647056 0.04042449969678593
15 0.3547607843137255 0.5490600363856882 0.03252549019607843 0.04277744087325652
0 0.2562549019607843 0.36032140691328074 0.024890196078431372 0.08086112795633718
3 0.37940392156862746 0.47294724075197087 0.030188235294117648 0.03574893875075804
2 0.615521568627451 0.48607640994542145 0.06093333333333333 0.0270952092177077
0 0.2247098039215686 0.3567252880533657 0.025094117647058826 0.08154032747119466
15 0.28777254901960786 0.4345542753183748 0.03438039215686275 0.0400545785324439
2 0.4712274509803922 0.644778653729533 0.3214941176470588 0.027277137659187385
0 0.4809254901960784 0.3267434808975136 0.024545098039215688 0.06419648271679806
2 0.34444705882352944 0.24360218314129775 0.04688235294117647 0.022110369921164344
3 0.3773529411764706 0.5095087932080048 0.0344078431372549 0.025694360218314127
2 0.6114392156862746 0.6026137052759248 0.04398431372549019 0.0236931473620376
1 0.3801333333333333 0.3946452395391146 0.05123529411764706 0.02411158277744087
3 0.5690235294117647 0.4755184960582171 0.03180392156862745 0.039260157671315944
11 0.6859725490196078 0.4636931473620376 0.032047058823529415 0.0839842328684051
1 0.6656274509803921 0.3688902365069739 0.05069411764705883 0.02462098241358399
10 0.295756862745098 0.5875924802910856 0.0919686274509804 0.02801697998787144
2 0.31476470588235295 0.5597453001819285 0.06361960784313725 0.025730745906610068
5 0.7778156862745098 0.5123711340206185 0.07656078431372548 0.02953305033353548
3 0.6586352941176471 0.5052516676773802 0.025862745098039215 0.02901152213462705
0 0.7100392156862745 0.3737780473013948 0.024258823529411763 0.1231655548817465
2 0.22647450980392156 0.46547604608853854 0.022274509803921566 0.0916191631291692
