7 0.5362599771949829 0.6270735650767988 0.0654332953249715 0.022109943411479385
2 0.14931014823261116 0.25821341956346 0.06687571265678449 0.02295877122069523
2 0.6327822120866591 0.48021018593371056 0.06860319270239452 0.028415521422797088
15 0.5120638540478906 0.15213419563459984 0.026636259977194984 0.029191592562651577
2 0.4463625997719498 0.5682295877122069 0.07270809578107183 0.020371867421180273
2 0.17564994298745723 0.5668472109943412 0.09072405929304447 0.02080032336297494
2 0.4829988597491448 0.09772837510105092 0.049230330672748 0.021366208569118837
15 0.12092930444697834 0.6043815683104284 0.026904218928164195 0.03158447857720291
2 0.1680387685290764 0.41661277283751014 0.07404218928164197 0.021552142279708975
15 0.6724401368301026 0.46242522231204525 0.018608893956670466 0.02496362166531932
15 0.2551254275940707 0.4789894907033145 0.024481185860889394 0.025173807599029912
15 0.45087229190421896 0.4773484236054972 0.02388255416191562 0.02443007275666936
15 0.11843785632839225 0.47739692805173806 0.02644811858608894 0.02825383993532741
15 0.1034321550741163 0.1497008892481811 0.02620866590649943 0.030962004850444622
2 0.6684549600912201 0.18397736459175426 0.05310718358038769 0.019628132578819728
2 0.31958950969213223 0.5685044462409055 0.18118586088939567 0.020339531123686336
0 0.31218928164196125 0.38590945836701696 0.015581527936145952 0.03877930476960388
15 0.6083808437856328 0.33695230396119646 0.022462941847206385 0.027324171382376715
0 0.07256556442417332 0.3369765561843169 0.015547320410490308 0.042554567502021017
2 0.30557582668187 0.6180840743734842 0.348078677309008 0.028439773645917543
1 0.18043329532497152 0.4500080840743735 0.049697833523375146 0.02134195634599838
2 0.19887115165336375 0.3844785772029103 0.043757126567844924 0.028326596604688763
11 0.7479760547320411 0.2324171382376718 0.06205815279361459 0.04313662085691188
0 0.4984720638540479 0.3870897332255457 0.014794754846066134 0.0675909458367017
2 0.6252679589509692 0.3699919159256265 0.01741733181299886 0.0777445432497979
15 0.4926567844925884 0.5987954729183509 0.026721778791334094 0.03715440582053355
0 0.09889965792474344 0.33616814874696843 0.016191562143671605 0.06822958771220695
11 0.3993899657924743 0.15105901374292643 0.02255416191562144 0.03152789005658852
0 0.7589566704675029 0.2840582053354891 0.0395096921322691 0.018940986257073564
15 0.14856328392246293 0.5366046887631366 0.028990877993158495 0.026135812449474535
10 0.3427309007981756 0.6150121261115602 0.04552451539338654 0.02053354890864996
15 0.5821379703534778 0.33464025869037994 0.025763968072976054 0.026968472109943412
8 0.5223888255416191 0.285658852061439 0.015416191562143671 0.08366208569118835
0 0.5229133409350057 0.3795957962813258 0.01716077537058153 0.09716248989490703
1 0.4365279361459521 0.20004850444624092 0.05188141391106044 0.02234438156831043
11 0.1769612314709236 0.12954729183508487 0.04823261117445838 0.021228779304769605
