5 0.7839843137254903 0.4606791995148575 0.056635294117647055 0.022280169799878714
0 0.7355529411764706 0.5044026682838083 0.0765764705882353 0.018890236506973922
15 0.7640313725490196 0.5629290479078229 0.02704705882352941 0.03514857489387507
5 0.530843137254902 0.5129290479078229 0.05969411764705882 0.021607034566403883
2 0.6056549019607843 0.41540327471194666 0.09151764705882354 0.016864766525166767
2 0.6898588235294119 0.43637355973317166 0.06563137254901961 0.02024257125530625
2 0.6975411764705882 0.2809824135839903 0.08420784313725489 0.01466949666464524
12 0.4026549019607843 0.30826561552456033 0.08218823529411765 0.02235294117647059
2 0.6945411764705882 0.21557913887204366 0.15212549019607843 0.018211036992116434
0 0.5302941176470588 0.4915888417222559 0.05947058823529412 0.017962401455427532
5 0.7362078431372548 0.526155245603396 0.0575921568627451 0.024439053972104306
2 0.6139803921568627 0.26372346876895086 0.06125490196078431 0.01463917525773196
2 0.6944549019607843 0.40482716798059426 0.08709019607843138 0.015888417222559126
15 0.5307882352941177 0.6162037598544573 0.02072941176470588 0.03846573681018799
2 0.6125882352941177 0.5060582171012735 0.06544313725490196 0.013765918738629472
0 0.7837411764705883 0.43856276531231053 0.07477647058823529 0.020715585203153423
0 0.1605294117647059 0.3324257125530624 0.03847843137254902 0.01932686476652517
0 0.841149019607843 0.4069617950272893 0.03950196078431373 0.01919345057610673
11 0.693356862745098 0.33092783505154644 0.03712156862745098 0.06703456640388114
0 0.39449411764705883 0.2711764705882353 0.0482 0.016840509399636144
13 0.3936705882352941 0.2871922377198302 0.06802745098039216 0.017628865979381445
