15 0.642931 0.213109 0.048137 0.034056
0 0.680923 0.359415 0.038718 0.070513
0 0.633843 0.426951 0.042202 0.067958
0 0.295266 0.384435 0.046016 0.097792
15 0.537685 0.163751 0.053065 0.034643
3 0.415065 0.170616 0.058613 0.019064
2 0.515415 0.104025 0.141863 0.032111
2 0.502964 0.135762 0.119169 0.029276
15 0.608899 0.362430 0.053508 0.035448
15 0.421355 0.354883 0.049919 0.037091
15 0.500597 0.276147 0.045790 0.035351
15 0.393915 0.230516 0.040185 0.041763
11 0.382609 0.250610 0.042073 0.070850
15 0.510802 0.218774 0.048411 0.035904
2 0.425435 0.199153 0.041758 0.018876
