15 0.4130564516129033 0.8878836280661723 0.04745967741935484 0.038208784940102686
2 0.4698145161290323 0.7146092413006275 0.016766129032258065 0.07750713063320024
1 0.6257016129032258 0.276280661722761 0.019370967741935485 0.05280091272104963
2 0.5690725806451613 0.3026126640045636 0.015620967741935485 0.12247575584711921
0 0.7233467741935484 0.8574272675413577 0.01665322580645161 0.029880205362236168
0 0.6405241935483871 0.4012892184826013 0.018387096774193548 0.02589845978322875
0 0.6099112903225806 0.16435824301197946 0.04230645161290322 0.06660011409013121
2 0.5143790322580646 0.7076383342840844 0.017217741935483873 0.06463205932686822
2 0.570983870967742 0.21550484883057613 0.015870967741935485 0.03701654306902453
2 0.912233870967742 0.7382601254991443 0.018169354838709677 0.07677124928693668
0 0.7440483870967742 0.6398916143753566 0.05539516129032258 0.06358243011979463
1 0.5484274193548386 0.6224187107815173 0.020129032258064516 0.05279520821448944
0 0.735524193548387 0.8021848260125499 0.04462096774193548 0.053211637193382774
2 0.8492177419354838 0.6838505419281232 0.07111290322580646 0.036206503137478606
