7 0.5507957957957957 0.3 0.019924924924924925 0.1090187891440501
2 0.5754054054054054 0.388517745302714 0.01900900900900901 0.06269311064718162
7 0.5508408408408408 0.4713778705636743 0.021111111111111112 0.11133611691022964
5 0.8529129129129128 0.5905845511482254 0.056711711711711715 0.02093945720250522
2 0.6023423423423424 0.35002087682672234 0.017942942942942942 0.06271398747390397
0 0.7548648648648649 0.5129436325678497 0.04506006006006006 0.016346555323590816
5 0.8294444444444444 0.46891440501043846 0.05372372372372373 0.021148225469728603
15 0.5740090090090091 0.609937369519833 0.02132132132132132 0.020605427974947806
1 0.6837837837837838 0.47200417536534445 0.013933933933933933 0.05937369519832986
11 0.6368018018018018 0.3105010438413361 0.03557057057057057 0.043757828810020875
1 0.6925375375375376 0.3025469728601252 0.030570570570570568 0.05734864300626304
0 0.7581231231231231 0.5554697286012525 0.044444444444444446 0.019749478079331945
1 0.9063063063063064 0.3895615866388309 0.026786786786786785 0.10599164926931107
