0 0.31952679589509697 0.5857465698143665 0.03573546180159635 0.012227602905569008
0 0.4556043329532497 0.5658272800645682 0.029247434435575825 0.011533494753833737
0 0.5802679589509692 0.5685068603712672 0.03058722919042189 0.013196125907990316
2 0.6893101482326112 0.5648103309120258 0.03948688711516534 0.0707909604519774
0 0.547018244013683 0.5614527845036319 0.031311288483466364 0.01321226795803067
0 0.4068643101482326 0.535682001614205 0.03480615735461801 0.01171912832929782
2 0.4661459521094641 0.515682001614205 0.062371721778791335 0.012598870056497175
2 0.47997719498289626 0.4786521388216303 0.09062143671607753 0.01532687651331719
2 0.4871493728620297 0.35705407586763516 0.021499429874572408 0.03564164648910411
2 0.503169897377423 0.356771589991929 0.009179019384264539 0.03564164648910411
2 0.5167217787913341 0.3609039548022599 0.016265678449258837 0.030225988700564973
