11 0.7515161290322581 0.2602224757558471 0.09758064516129032 0.09282373074729036
15 0.14595967741935484 0.5856816885339419 0.02696774193548387 0.031391899600684545
0 0.6585846774193548 0.30533371363377065 0.025346774193548388 0.028893325727324587
0 0.11548790322580646 0.36661152310325157 0.013318548387096774 0.04762122076440388
3 0.2608104838709677 0.2098003422703936 0.019399193548387098 0.019247005134055906
16 0.9329798387096774 0.5976212207644039 0.0543991935483871 0.0377124928693668
2 0.2986975806451613 0.3027096406160867 0.07338306451612904 0.014962920707358813
2 0.3009435483870968 0.06836851112378779 0.06066935483870968 0.013451226468910438
2 0.27422580645161293 0.2584597832287507 0.06277016129032258 0.013542498573873359
2 0.2736693548387097 0.49213918996006845 0.052592741935483876 0.011796919566457502
2 0.2990201612903226 0.6591500285225328 0.05083064516129032 0.015727324586423275
7 0.24718548387096773 0.12270393610952653 0.052633064516129036 0.015915573302909297
1 0.25594354838709676 0.5972104962920708 0.024548387096774194 0.012732458642327438
0 0.21026612903225808 0.3607872219053052 0.012201612903225807 0.03353679406731318
0 0.7185040322580646 0.21369081574443813 0.029266129032258063 0.027780946948088994
0 0.396875 0.3610781517398745 0.013733870967741936 0.036263548203080434
0 0.15981048387096775 0.363593839132915 0.014745967741935484 0.0620250998288648
