2 0.5084948688711517 0.3586935483870968 0.0157981755986317 0.0686290322580645
0 0.40471493728620295 0.27699193548387097 0.015587229190421893 0.04284677419354839
2 0.4683979475484607 0.7648467741935484 0.014064994298745725 0.06933870967741936
0 0.3943500570125428 0.8876209677419356 0.03793044469783352 0.06645967741935484
2 0.4825769669327252 0.34334677419354837 0.015547320410490308 0.03768548387096774
2 0.3256214367160775 0.3240483870967742 0.016356898517673888 0.07545161290322581
2 0.4812713797035348 0.37508870967741936 0.011527936145952109 0.032379032258064516
2 0.45156214367160774 0.4196935483870967 0.02990307867730901 0.039653225806451614
0 0.39307867730900803 0.573975806451613 0.02072405929304447 0.06974193548387098
11 0.3614823261117446 0.7346209677419354 0.03958950969213227 0.04883064516129032
2 0.5320980615735461 0.5646290322580645 0.016328392246294184 0.4792016129032258
1 0.329618015963512 0.8086370967741936 0.02062713797035348 0.10337903225806451
0 0.39265108323831244 0.8306451612903226 0.03265678449258837 0.05695161290322581
5 0.32738312428734323 0.9446854838709678 0.015364880273660205 0.08068548387096774
