15 0.8141061670569867 0.7815279361459521 0.04858704137392662 0.04188711516533637
2 0.2803981264637002 0.6522405929304447 0.02074941451990632 0.06828962371721779
2 0.24762685402029663 0.643164196123147 0.019156908665105384 0.08925883694412771
3 0.6626854020296643 0.6697377423033067 0.030359094457455115 0.02298175598631699
2 0.3850741608118657 0.6749657924743444 0.01772833723653396 0.06657354618015963
1 0.41829820452771277 0.583363740022805 0.03585480093676815 0.07550171037628278
0 0.5457455113192818 0.5142132269099201 0.08434816549570648 0.023095781071835804
0 0.5351444184231069 0.4943329532497149 0.04629976580796253 0.0170866590649943
2 0.31765807962529274 0.6282554161915621 0.01580015612802498 0.05603192702394527
0 0.5352224824355972 0.7152907639680729 0.04524590163934426 0.01909920182440137
0 0.534496487119438 0.7699999999999999 0.05644028103044496 0.021180159635119725
2 0.34676814988290394 0.6111801596351197 0.01733801717408275 0.06961231470923603
2 0.6975175644028103 0.6127708095781071 0.031030444964871194 0.06640250855188141
11 0.4730601092896175 0.6998403648802737 0.05198282591725215 0.025496009122006842
2 0.7384777517564403 0.6611288483466362 0.03202966432474629 0.0808551881413911
0 0.5510304449648712 0.5488312428734321 0.0721623731459797 0.024070695553021663
0 0.5149570647931303 0.6346408209806158 0.02275565964090554 0.0359806157354618
2 0.47279469164715066 0.5764367160775371 0.05377049180327868 0.02222919042189282
0 0.5420452771272444 0.5709977194982896 0.06307572209211554 0.021151653363740024
0 0.542279469164715 0.742400228050171 0.10353629976580796 0.02658494868871152
2 0.37236533957845436 0.5910889395667047 0.02345823575331772 0.08992018244013683
3 0.571951600312256 0.6301710376282782 0.033926619828259175 0.04078107183580388
0 0.531631537861046 0.7932383124287343 0.05640905542544887 0.018580387685290765
