16 0.2748 0.610641 0.077537 0.096735
0 0.566705 0.29343 0.023945 0.013301
0 0.679019 0.234583 0.037058 0.016526
2 0.688712 0.123337 0.062144 0.024587
11 0.608894 0.097138 0.152223 0.033857
11 0.463512 0.097541 0.145952 0.034663
0 0.332953 0.117291 0.014823 0.016526
0 0.348347 0.118501 0.014253 0.013704
2 0.631699 0.960903 0.035918 0.010883
1 0.696693 0.943571 0.033637 0.01048
2 0.712657 0.962112 0.129418 0.010883
2 0.797035 0.9605 0.038198 0.010077
1 0.812429 0.94478 0.036488 0.010077
7 0.684721 0.766223 0.053022 0.01048
0 0.688141 0.871826 0.015393 0.020556
0 0.712087 0.856509 0.015964 0.020959
2 0.753136 0.85127 0.04732 0.011286
2 0.755986 0.837969 0.042189 0.012092
7 0.81642 0.80653 0.051881 0.011689
15 0.754276 0.78678 0.032497 0.024184
15 0.793615 0.780734 0.033637 0.018944
0 0.925884 0.744458 0.014823 0.022572
0 0.902509 0.74083 0.014253 0.022975
0 0.879704 0.694881 0.014253 0.020959
1 0.809008 0.701733 0.034778 0.01048
0 0.742303 0.736397 0.014823 0.017332
3 0.669897 0.703748 0.018244 0.013704
15 0.664196 0.73156 0.030217 0.01975
15 0.598632 0.767029 0.027366 0.024184
8 0.580388 0.800887 0.017674 0.03547
0 0.526226 0.738009 0.018244 0.021765
0 0.561003 0.745667 0.017104 0.021362
0 0.587229 0.727126 0.017104 0.016526
8 0.523945 0.707376 0.020525 0.035067
15 0.542189 0.64611 0.035348 0.02499
2 0.572406 0.584845 0.033637 0.014107
2 0.564994 0.573156 0.051311 0.015719
1 0.655074 0.627973 0.04333 0.012898
2 0.784493 0.615075 0.062714 0.012495
2 0.722349 0.612253 0.04504 0.012495
2 0.716648 0.550988 0.036488 0.013301
7 0.7748 0.547763 0.058723 0.012898
2 0.755416 0.530028 0.047891 0.012898
2 0.674458 0.530834 0.118586 0.01451
2 0.698404 0.513906 0.172748 0.012092