2 0.498574 0.224194 0.144894 0.020161
0 0.666286 0.358871 0.010268 0.037097
0 0.637193 0.364516 0.009698 0.023387
0 0.606959 0.375 0.009698 0.022581
2 0.567028 0.298387 0.03765 0.012903
2 0.556189 0.275806 0.034227 0.014516
5 0.614375 0.247581 0.051341 0.025
5 0.383343 0.249194 0.051911 0.019355
5 0.474615 0.272581 0.0502 0.016935
15 0.499144 0.300806 0.018254 0.025806
0 0.500285 0.412903 0.011979 0.025806
1 0.394181 0.445968 0.03765 0.010484
2 0.21563 0.491129 0.071877 0.016935
15 0.237307 0.407258 0.017684 0.025
15 0.197376 0.398387 0.019966 0.032258
15 0.188249 0.470161 0.023388 0.020968
3 0.146606 0.350806 0.026811 0.009677
16 0.559042 0.759677 0.123788 0.045161