15 0.734265 0.225115 0.024820 0.037047
0 0.686778 0.446804 0.096584 0.036458
2 0.731939 0.195233 0.107518 0.031619
15 0.621482 0.618153 0.024816 0.037993
0 0.622663 0.360961 0.093624 0.033432
15 0.796971 0.188217 0.023408 0.035755
7 0.799912 0.124212 0.109612 0.025052
11 0.830106 0.589460 0.013443 0.089812
15 0.861712 0.590079 0.024333 0.038096
1 0.857729 0.657274 0.066596 0.036137
2 0.798296 0.237990 0.076224 0.032583
15 0.721275 0.571213 0.023576 0.039018
4 0.623059 0.392083 0.113333 0.025901
