2 0.3340666666666667 0.31702850212249845 0.022862745098039216 0.07227410551849606
2 0.6103921568627451 0.4948453608247423 0.02529019607843137 0.14708308065494238
2 0.3362313725490196 0.5361916312916919 0.020784313725490194 0.09091570648878107
2 0.2478627450980392 0.6043966040024257 0.06591372549019608 0.013596118859915102
2 0.3640235294117647 0.41824742268041243 0.03055294117647059 0.21490600363856882
0 0.6997568627450981 0.38158884172225593 0.029066666666666668 0.028568829593693147
2 0.2461019607843137 0.6262825955124318 0.07775686274509803 0.013820497271073377
2 0.7746235294117647 0.2426258338386901 0.06049803921568628 0.014032747119466343
0 0.33498039215686276 0.1780351728320194 0.023219607843137254 0.014960582171012735
0 0.7309411764705883 0.3072104305639782 0.03852156862745098 0.015797453001819284
1 0.9522666666666667 0.43313523347483324 0.03696470588235294 0.013117040630685263
2 0.4006078431372549 0.30023650697392357 0.03286666666666667 0.07329896907216495
1 0.8687490196078431 0.25732565191024864 0.03944705882352941 0.017919951485748938
13 0.08584705882352942 0.6141782898726501 0.04852156862745098 0.018617343844754396
0 0.08473333333333333 0.5951485748938751 0.03592549019607843 0.015397210430563978
0 0.37011372549019605 0.6017768344451183 0.040321568627450975 0.01537901758641601
13 0.369243137254902 0.617653123104912 0.04486274509803922 0.014736203759854457
0 0.5911607843137255 0.6460278956943601 0.027454901960784317 0.016773802304426925
13 0.7191294117647059 0.49145542753183746 0.05646274509803921 0.013778047301394784
