7 0.23249394673123486 0.7547263397947548 0.01427764326069411 0.03836944127708096
15 0.7372235673930588 0.5687115165336374 0.019120258272800648 0.016482326111744584
7 0.20543987086359966 0.7549942987457241 0.014592413236481031 0.039019384264538194
11 0.21804681194511705 0.27631128848346637 0.018958837772397093 0.08384834663625998
8 0.7598143664245359 0.5396294184720638 0.01606133979015335 0.04210376282782212
15 0.626085552865214 0.5597719498289624 0.021662631154156578 0.018329532497149373
15 0.47643260694108147 0.621921322690992 0.01804681194511703 0.016733181299885977
2 0.21326876513317192 0.6779190421892816 0.016755447941888622 0.08652223489167617
7 0.6705730427764326 0.6032041049030786 0.016707021791767553 0.04398517673888256
15 0.764229217110573 0.6617103762827823 0.02270379338175948 0.016180159635119727
8 0.5471428571428572 0.7286259977194983 0.05813559322033898 0.012388825541619157
15 0.6288861985472155 0.6306499429874572 0.01662631154156578 0.015490307867730901
15 0.27880548829701374 0.6551197263397948 0.02125100887812752 0.018169897377423035
2 0.754317998385795 0.7341220068415052 0.04924132364810331 0.01088369441277081
15 0.7163438256658595 0.5733466362599772 0.020863599677159 0.017212086659064995
7 0.741000807102502 0.6313226909920182 0.015391444713478612 0.04324401368301026
0 0.5243664245359161 0.7932668187001141 0.026448748991121877 0.011436716077537058
15 0.659822437449556 0.7259863169897378 0.01798224374495561 0.01580387685290764
11 0.3787409200968523 0.30671037628278225 0.030903954802259888 0.05826681870011403
2 0.2407183212267958 0.6888882554161916 0.01911218724778047 0.03717217787913341
0 0.5223970944309927 0.5794127708095781 0.02184826472962066 0.00942987457240593
0 0.5205649717514125 0.5638768529076397 0.022009685230024213 0.010279361459521096
7 0.5363196125907991 0.6842873432155074 0.014753833736884586 0.04208095781071836
15 0.6828490718321226 0.7130216647662486 0.019475383373688458 0.014618015963511973
15 0.46022598870056497 0.7259749144811858 0.01801452784503632 0.016185860889395668
8 0.40703793381759484 0.5859578107183581 0.016763518966908798 0.04682440136830102
0 0.5204519774011299 0.5486659064994299 0.02969330104923325 0.012519954389965792
2 0.2379822437449556 0.6524344355758266 0.015141242937853109 0.03272519954389966
15 0.5036158192090395 0.6538939566704676 0.018361581920903956 0.01403648802736602
0 0.5215092816787732 0.5982554161915621 0.030056497175141243 0.01112314709236032
0 0.5255367231638418 0.7707981755986317 0.03520581113801453 0.01064994298745724
2 0.49041969330104923 0.683933865450399 0.014188861985472154 0.06481185860889396
16 0.22857949959644874 0.9230558722919042 0.02757062146892655 0.050085518814139106
15 0.286908797417272 0.7225484606613455 0.01961259079903148 0.014064994298745725
0 0.5244229217110573 0.7518586088939566 0.03222760290556901 0.009897377423033068
2 0.7613236481033091 0.7211858608893957 0.037933817594834544 0.010655644241733183
2 0.5781920903954803 0.7037742303306728 0.01476997578692494 0.022616875712656786
2 0.71908797417272 0.6955815279361459 0.015585149313962873 0.02347776510832383
2 0.47657788539144474 0.6983580387685291 0.013139628732849074 0.033255416191562144
2 0.4637853107344633 0.7030045610034207 0.012808716707021791 0.025849486887115167
2 0.3268038740920097 0.7143101482326112 0.012679580306698952 0.03307867730900799
2 0.3807102502017756 0.6920068415051311 0.012574656981436642 0.028278221208665907
2 0.3946085552865214 0.6882953249714937 0.012671509281678773 0.03705245153933865
0 0.5220984665052462 0.5125199543899658 0.037368845843422115 0.010461801596351197
0 0.5225504439063762 0.5305872291904219 0.045560936238902346 0.013335233751425314
1 0.36469733656174336 0.6012656784492588 0.026174334140435834 0.010752565564424173
2 0.32791767554479423 0.6296294184720638 0.01595641646489104 0.03937856328392246
2 0.5632849071832122 0.6568129988597491 0.018418079096045196 0.033990877993158496
3 0.5843502824858757 0.6635290763968072 0.01397901533494754 0.009144811858608893
2 0.6268280871670702 0.6460832383124288 0.012808716707021791 0.015450399087799317
2 0.6122518159806296 0.6497776510832384 0.013260694108151736 0.022519954389965794
8 0.5309846650524617 0.6152223489167616 0.05662631154156578 0.009179019384264539
0 0.48539951573849877 0.37740022805017104 0.01354317998385795 0.017753705815279363
0 0.4675786924939468 0.36572405929304447 0.014019370460048426 0.021322690992018244
0 0.49600484261501204 0.22671607753705816 0.01996771589991929 0.01857468643101482
0 0.6049959644874899 0.2982212086659065 0.018030669895076675 0.011972633979475485
