12 0.4546802061230676 0.38807843137254905 0.10066686874810549 0.014250980392156864
0 0.88696574719612 0.4663333333333334 0.06229463473779933 0.026737254901960786
4 0.8821582297665959 0.4879411764705882 0.089348287359806 0.015403921568627452
2 0.6586753561685359 0.6699254901960784 0.08945741133676872 0.021031372549019607
0 0.42211579266444377 0.3356313725490196 0.034922703849651404 0.02472941176470588
0 0.5985480448620794 0.46376078431372547 0.07939678690512277 0.021219607843137256
2 0.7218187329493787 0.19666274509803922 0.1025947256744468 0.03125098039215686
12 0.08892088511670204 0.5291333333333333 0.08894816611094271 0.01367843137254902
0 0.5339436192785693 0.5555254901960784 0.06161867232494695 0.02732156862745098
12 0.868778417702334 0.6958196078431372 0.09749924219460442 0.01592156862745098
3 0.7510366777811458 0.6041333333333333 0.03615641103364656 0.023823529411764705
4 0.6029281600484996 0.4842901960784314 0.08600788117611398 0.016890196078431372
0 0.4288238860260685 0.45368235294117654 0.04414367990300091 0.02402745098039216
15 0.5307214307365868 0.3345921568627451 0.023625341012428008 0.021760784313725492
4 0.5316823279781752 0.5772745098039216 0.08606244316459534 0.015454901960784312
4 0.7130979084571083 0.3308745098039216 0.01572900879054259 0.030380392156862744
2 0.6666141254925735 0.25164705882352945 0.07748711730827523 0.026125490196078432
10 0.7457775083358594 0.24652549019607842 0.08035162170354652 0.015890196078431375
7 0.7202819036071537 0.15311372549019608 0.09297665959381632 0.013141176470588234
