16 0.5151030110935023 0.7259407069555301 0.047290015847860536 0.17229760547320408
15 0.5692709984152139 0.5225256556442417 0.034841521394611726 0.028568985176738882
15 0.6854041204437401 0.31533637400228054 0.031117274167987326 0.027605473204104905
15 0.686378763866878 0.45942987457240597 0.033621236133122026 0.02936145952109464
2 0.6603486529318542 0.39038198403648805 0.021949286846275753 0.11782212086659065
1 0.387662440570523 0.2837343215507412 0.01941362916006339 0.05308437856328392
0 0.4883201267828843 0.2883523375142531 0.03037242472266244 0.014213226909920182
2 0.38580824088748017 0.3872177879133409 0.023177496038034866 0.07725769669327251
1 0.43714738510301104 0.7999144811858608 0.02004754358161648 0.067212086659065
2 0.3383122028526149 0.399036488027366 0.021212361331220286 0.09942417331812999
2 0.7287163232963549 0.38835803876852903 0.028042789223454833 0.12314139110604333
15 0.5229952456418383 0.45936145952109464 0.029191759112519814 0.024612314709236034
0 0.4354041204437401 0.49651083238312427 0.060919175911251976 0.016425313568985175
2 0.29420760697305864 0.3743044469783352 0.02079239302694136 0.15047320410490309
0 0.4312599049128368 0.47240022805017107 0.06324088748019017 0.01808437856328392
5 0.7030982567353407 0.5726966932725199 0.03740887480190174 0.11763968072976055
15 0.5869730586370839 0.42990877993158494 0.034524564183835184 0.03006841505131129
5 0.7046196513470682 0.2161231470923603 0.03753565768621236 0.11805587229190422
2 0.6214500792393027 0.4221379703534777 0.022091917591125197 0.08088369441277081
0 0.4798969889064976 0.3709236031927024 0.03010301109350238 0.016402508551881415
