1 0.350386 0.392107 0.030333 0.015458
1 0.339100 0.430355 0.029125 0.013590
2 0.920000 0.554867 0.017169 0.147113
2 0.651922 0.470719 0.212000 0.011419
2 0.712643 0.453263 0.090322 0.013984
2 0.724969 0.429636 0.078031 0.014433
2 0.733884 0.411686 0.052780 0.013329
2 0.523386 0.375224 0.034231 0.013141
2 0.635814 0.317993 0.179878 0.013329
2 0.638508 0.287505 0.185094 0.018235
5 0.430335 0.450622 0.049369 0.021437
0 0.798824 0.503611 0.051224 0.018878
0 0.851118 0.470785 0.030337 0.018381
0 0.889808 0.425943 0.049467 0.016810
0 0.496588 0.476610 0.050745 0.028502
0 0.430467 0.426743 0.061184 0.029096
0 0.104069 0.397119 0.031016 0.019127
5 0.495859 0.499782 0.048204 0.022874
5 0.798539 0.521431 0.049173 0.022365
1 0.499461 0.597065 0.033463 0.013548
12 0.094124 0.612098 0.091510 0.021722
15 0.752396 0.554736 0.019129 0.029582
15 0.869175 0.562408 0.022231 0.030382
7 0.889518 0.444651 0.052463 0.022826
0 0.085159 0.578569 0.063251 0.014809
13 0.085214 0.594357 0.088318 0.015773
7 0.920110 0.596740 0.051780 0.021340
1 0.591653 0.335637 0.033275 0.012765
