16 0.766747 0.696693 0.109766 0.04447
1 0.415658 0.268529 0.024213 0.035918
15 0.376917 0.263398 0.037127 0.031357
15 0.255044 0.267959 0.038741 0.030787
1 0.249395 0.200684 0.02502 0.035348
1 0.251816 0.13797 0.025827 0.034778
1 0.390638 0.139681 0.02502 0.034778
15 0.494754 0.13626 0.040355 0.038198
15 0.529459 0.148803 0.037127 0.035918
8 0.606134 0.310148 0.104923 0.026796
7 0.732849 0.124287 0.116223 0.025656
15 0.766747 0.157355 0.038741 0.026796
10 0.833737 0.203535 0.033091 0.060433
15 0.779661 0.249715 0.041969 0.026796
0 0.477805 0.311859 0.046005 0.016534
0 0.496368 0.283352 0.052462 0.016534