1 0.4905901960784314 0.21604122461351927 0.08030196078431373 0.022382540163685967
5 0.6626843137254902 0.49227644740830556 0.07034117647058824 0.015668384358896635
15 0.696986274509804 0.23044558957259775 0.022198039215686274 0.02284631706577751
7 0.6455803921568628 0.7754258866323128 0.0763156862745098 0.014749924219460442
7 0.532064705882353 0.774980297059715 0.07631960784313725 0.018508638981509548
15 0.6424921568627451 0.28964534707487116 0.017701960784313724 0.0315550166717187
0 0.7270921568627451 0.4403182782661412 0.0259156862745098 0.023188845104577145
0 0.6622372549019607 0.4759260381933919 0.03352352941176471 0.016047287056683842
1 0.6798509803921569 0.1975477417399212 0.049394117647058824 0.025325856320097
2 0.5867921568627451 0.17732949378599575 0.0442921568627451 0.03024249772658381
