15 0.17755683540466807 0.3162549019607843 0.02952106698999697 0.03533333333333333
15 0.5037799333131252 0.42018823529411764 0.03401333737496211 0.033070588235294116
0 0.46721733858745074 0.49671372549019605 0.04368899666565626 0.023152941176470588
15 0.4237890269778721 0.4271882352941176 0.02516520157623522 0.027388235294117647
0 0.5063989087602303 0.46722352941176476 0.0396210973022128 0.029533333333333335
2 0.25198241891482265 0.3183019607843137 0.1188420733555623 0.016792156862745097
15 0.3890663837526523 0.5008392156862745 0.022903910275841165 0.02790196078431373
2 0.7203091846013944 0.39032549019607843 0.13308275234919673 0.014007843137254901
2 0.18923310093967868 0.5282627450980392 0.062337071839951505 0.012125490196078432
2 0.765601697484086 0.3662901960784314 0.08669899969687783 0.01431372549019608
2 0.18873294937859958 0.3824549019607843 0.06199757502273416 0.017337254901960784
5 0.11170657775083358 0.4339411764705882 0.059975750227341626 0.019823529411764705
7 0.1835010609275538 0.3549450980392157 0.07410427402243104 0.020188235294117646
15 0.21061836920278873 0.5978666666666667 0.02576235222794786 0.0357764705882353
2 0.237393149439224 0.7773843137254902 0.09669596847529555 0.012952941176470589
2 0.7233737496210972 0.34379607843137255 0.17002728099424066 0.017172549019607842
15 0.29243407093058504 0.599113725490196 0.026883904213397997 0.03246274509803922
7 0.31717490148529853 0.3556705882352941 0.07200666868748105 0.019866666666666664
4 0.4235222794786299 0.5517686274509804 0.07611700515307669 0.016827450980392157
15 0.3387784177023341 0.5167019607843137 0.023722340103061536 0.02869019607843137
2 0.7550651712640194 0.4129450980392157 0.06053955744164898 0.011286274509803922
15 0.17291906638375265 0.4289372549019608 0.0271445892694756 0.03104313725490196
2 0.2546983934525614 0.3812392156862745 0.06905122764474084 0.021588235294117648
15 0.17450136404971203 0.4998666666666667 0.023370718399515003 0.02788627450980392
15 0.3251924825704759 0.3163921568627451 0.029105789633222186 0.03268627450980392
2 0.22056380721430735 0.7479019607843138 0.06418308578357078 0.015066666666666667
0 0.4225371324643832 0.5171921568627451 0.03999090633525311 0.026988235294117643
4 0.11484389208851167 0.4944980392156863 0.07426492876629281 0.020984313725490197
3 0.1588602606850561 0.7413372549019608 0.026023037284025462 0.0294
4 0.36525916944528647 0.5992784313725491 0.07346468626856624 0.018835294117647058
0 0.9026917247650803 0.47749803921568623 0.04232494695362231 0.025815686274509805
14 0.5697180963928463 0.5769372549019608 0.04980297059715066 0.014752941176470587
15 0.7043528341921794 0.5849686274509804 0.02263110033343437 0.023992156862745098
0 0.8804819642315853 0.3957450980392157 0.04537435586541376 0.016584313725490196
2 0.1388299484692331 0.4049921568627451 0.033388905729008794 0.030866666666666664
14 0.570915428917854 0.5600784313725491 0.050239466505001516 0.01800392156862745
4 0.7060775992725068 0.5561294117647059 0.02682024856016975 0.025227450980392155
2 0.8621976356471658 0.5747725490196078 0.03925431949075477 0.05747450980392157
0 0.8791391330706275 0.6309333333333333 0.04588360109123977 0.02875686274509804
12 0.8900394058805698 0.6901294117647059 0.05989693846620188 0.016180392156862743
12 0.9131403455592604 0.5353490196078432 0.059214913610184904 0.016576470588235297
13 0.9026038193391938 0.42097254901960784 0.06146104880266747 0.0126078431372549
0 0.36403152470445593 0.5751529411764706 0.04827523491967262 0.03168627450980392
