2 0.576738 0.337248 0.138669 0.017895
7 0.681681 0.532564 0.065105 0.010171
7 0.566750 0.531763 0.065597 0.010280
12 0.388468 0.581118 0.102258 0.010177
11 0.286492 0.374107 0.127419 0.040719
15 0.582859 0.510511 0.054944 0.016104
15 0.695177 0.392519 0.053855 0.015408
15 0.637988 0.373106 0.020282 0.037165
0 0.744121 0.479102 0.012613 0.019994
0 0.074911 0.421882 0.052145 0.026606
0 0.404512 0.571426 0.067589 0.009253
1 0.562000 0.558123 0.054952 0.008329
1 0.687008 0.437133 0.053903 0.009213
1 0.554653 0.436609 0.056258 0.008517
15 0.609532 0.374110 0.023113 0.036708
15 0.384738 0.474698 0.059524 0.014963
15 0.388988 0.484954 0.057992 0.016035
0 0.487859 0.394778 0.019427 0.076035
0 0.361500 0.561129 0.045903 0.010280
16 0.885137 0.593648 0.140242 0.024797
2 0.428935 0.469795 0.015177 0.046640
