15 0.905125 0.723965 0.043649 0.034546
1 0.283766 0.152332 0.023860 0.015352
11 0.878244 0.588541 0.030456 0.031315
0 0.774504 0.323660 0.016157 0.011052
0 0.746100 0.347146 0.033341 0.017956
0 0.519188 0.349457 0.022891 0.012400
1 0.580482 0.081298 0.042856 0.011332
2 0.751619 0.206387 0.020502 0.050008
2 0.588814 0.516226 0.056659 0.008499
2 0.535311 0.515759 0.024920 0.008974
2 0.627246 0.588053 0.158985 0.008168
2 0.711765 0.564470 0.043757 0.009669
2 0.678418 0.539012 0.057930 0.008304
2 0.668364 0.518507 0.062691 0.016319
2 0.666163 0.178444 0.041893 0.008609
2 0.571830 0.131141 0.046842 0.008202
2 0.579461 0.155539 0.054624 0.008261
2 0.563786 0.177846 0.055713 0.008736
0 0.355071 0.272863 0.024361 0.011103
0 0.486904 0.349182 0.019031 0.009627
0 0.456237 0.350755 0.025131 0.010925
0 0.690590 0.095297 0.027577 0.018974
0 0.841049 0.350237 0.023033 0.014809
11 0.696115 0.150170 0.051499 0.021985
11 0.173184 0.109092 0.033107 0.013113
3 0.473187 0.510814 0.028700 0.016115
0 0.808597 0.341951 0.011950 0.056726
4 0.622571 0.557184 0.055462 0.016353
15 0.467349 0.230280 0.021049 0.022205
4 0.762574 0.505276 0.042993 0.017320
2 0.906400 0.611497 0.007520 0.062892
