12 0.24360784313725492 0.6515100060642813 0.12596470588235292 0.020745906610066707
11 0.36330980392156864 0.25975742874469376 0.1463921568627451 0.13061855670103092
15 0.7798509803921568 0.23123711340206185 0.03127058823529411 0.03585809581564585
0 0.5459333333333334 0.6837113402061856 0.05841960784313725 0.0447847180109157
7 0.7613607843137254 0.1571497877501516 0.10588627450980392 0.023941782898726498
0 0.7764 0.4570103092783505 0.056015686274509806 0.035573074590661
2 0.6785960784313726 0.22931473620375983 0.12949411764705882 0.03770770163735597
0 0.21133725490196076 0.6048089751364464 0.06630980392156863 0.031928441479684655
0 0.6434509803921569 0.4372832019405701 0.027305882352941176 0.02265009096422074
1 0.638286274509804 0.5822255912674348 0.06957254901960784 0.04915100060642814
2 0.2618235294117647 0.4395209217707702 0.05805882352941177 0.10266828380836872
