7 0.722392156862745 0.13078229229836263 0.11666666666666667 0.026312916919345057
15 0.854678431372549 0.3170406306852638 0.03250980392156863 0.03981807155852031
15 0.8347294117647058 0.1756033959975743 0.03250980392156863 0.03596725288053366
1 0.7182509803921568 0.7217707701637356 0.07289019607843138 0.03372346876895088
15 0.7623882352941176 0.2442874469375379 0.03318823529411764 0.04203153426318981
15 0.7547686274509804 0.656913280776228 0.030372549019607845 0.03845360824742268
15 0.9130549019607843 0.26410551849605823 0.038337254901960785 0.041807155852031534
4 0.9072901960784314 0.5075621588841722 0.11752156862745099 0.02356579745300182
11 0.8820901960784313 0.3044633110976349 0.02550588235294118 0.1116191631291692
2 0.7687098039215686 0.18446331109763495 0.0982313725490196 0.037816858702243786
0 0.7246784313725491 0.485573074590661 0.025035294117647062 0.022407519708914494
0 0.9039137254901961 0.48307459066100666 0.022725490196078432 0.020351728320194058
2 0.8288627450980391 0.2522680412371134 0.07105882352941176 0.03588841722255913
