15 0.8746968472109944 0.3614196123147092 0.02663702506063056 0.022046750285062713
15 0.4999676637025061 0.8851368301026226 0.023718674211802748 0.025513112884834665
2 0.30419563459983834 0.3128563283922463 0.08695230396119645 0.03129988597491448
0 0.6139369442198869 0.9106100342075257 0.08078415521422798 0.021043329532497147
2 0.9088197251414714 0.5996978335233751 0.02910266774454325 0.525188141391106
2 0.8675828617623282 0.45101482326111747 0.024227970897332255 0.15520524515393389
2 0.8188116410670978 0.8461345496009122 0.024147130153597415 0.07477194982896238
15 0.49192400970088923 0.9403819840364881 0.029151172190784155 0.027212086659064993
2 0.8665238480194019 0.6198802736602053 0.02524656426839127 0.1762599771949829
2 0.7847210994341148 0.8511117445838083 0.021592562651576396 0.06173888255416192
15 0.5026758286176233 0.6566077537058153 0.022142279708973322 0.024179019384264536
9 0.5437833468067906 0.8992018244013683 0.060080840743734834 0.01515963511972634
2 0.6218674211802748 0.886539338654504 0.11346806790622475 0.015017103762827822
0 0.6166370250606306 0.3078164196123147 0.10576394502829427 0.019566704675028506
0 0.6150525464834277 0.3367160775370582 0.07999191592562652 0.023375142531356898
2 0.2517623282134196 0.3653933865450399 0.028666127728375103 0.03490877993158495
15 0.48647534357316086 0.32785632839224627 0.020137429264349232 0.021077537058152792
15 0.5038803556992724 0.3604047890535918 0.02434923201293452 0.025518814139110602
8 0.7057235246564268 0.31232611174458386 0.07614389652384802 0.01289623717217788
2 0.8638965238480195 0.7883010262257697 0.02668552950687146 0.1576453819840365
15 0.8782538399353275 0.8504218928164197 0.02797898140662894 0.020553021664766247
7 0.9063217461600646 0.721824401368301 0.018310428455941795 0.055119726339794756
10 0.9232255456750202 0.7165165336374002 0.017210994341147937 0.046607753705815276
0 0.6186499595796281 0.9402679589509693 0.05689571544058205 0.020695553021664766
15 0.6627081649151172 0.8726681870011403 0.02872271624898949 0.01976054732041049
15 0.5916410670978173 0.8667730900798175 0.01925626515763945 0.018911060433295327
15 0.5601535974130962 0.8295039908779932 0.033128536782538395 0.016071835803876854
2 0.552789005658852 0.8596750285062713 0.023742926434923203 0.04275370581527936
0 0.5706871463217462 0.5748289623717218 0.05628132578819726 0.020353477765108326
11 0.5718755052546484 0.11639680729760547 0.08705739692805174 0.033055872291904216
