16 0.2827153451226469 0.7936245954692557 0.0365031374786081 0.15576051779935277
0 0.5010439247005134 0.3536084142394822 0.07006845407872218 0.027451456310679613
15 0.6926525955504849 0.793794498381877 0.0260125499144324 0.033106796116504855
0 0.47239589275527666 0.40513754045307443 0.06698802053622362 0.04049352750809061
1 0.5799828864803195 0.6011812297734628 0.02244723331431831 0.1011893203883495
0 0.5772333143183115 0.8085032362459547 0.07002281802624073 0.02511326860841424
1 0.673000570450656 0.45211165048543683 0.018648031945236735 0.06002427184466019
15 0.5859326868225899 0.4412378640776699 0.027524244152880777 0.03413430420711974
0 0.5000399315459213 0.6881553398058252 0.05067883628066173 0.028009708737864077
15 0.5978722190530519 0.37771844660194176 0.03208784940102681 0.03733009708737864
0 0.5534968625213919 0.750509708737864 0.08208784940102681 0.03381877022653722
2 0.5090986879634912 0.5453883495145632 0.025008556759840275 0.083042071197411
1 0.725561893896178 0.6155987055016181 0.02498003422703936 0.11896440129449838
0 0.5222418710781518 0.2897006472491909 0.04017113519680548 0.022694174757281554
2 0.8247005134055905 0.5705582524271845 0.020387906446092414 0.10786407766990291
2 0.8645579007415858 0.5435760517799353 0.017638334284084428 0.10080097087378641
2 0.7018596691386194 0.5221035598705502 0.01798630918425556 0.07010517799352751
1 0.7392527096406162 0.5020388349514563 0.022276098117512834 0.061165048543689315
2 0.47619509412435823 0.5160355987055016 0.022002281802624073 0.10867313915857604
2 0.7638505419281232 0.5121925566343043 0.023822019395322303 0.044409385113268605
15 0.41874500855675983 0.5243770226537217 0.025778665145464917 0.04292071197411003
15 0.44965772960638906 0.5081148867313916 0.029686252139189958 0.03814724919093851
2 0.5489845978322875 0.565962783171521 0.02588705077010839 0.04155339805825243
0 0.5400969766115231 0.22936893203883496 0.06801483171705648 0.04397249190938511
15 0.7661608670849971 0.5560194174757281 0.023223046206503138 0.04355177993527508
15 0.8027210496292071 0.5683899676375405 0.025573302909298344 0.03602750809061489
2 0.7890758699372504 0.5661245954692556 0.021871078151739876 0.11514563106796116
