15 0.185967 0.346774 0.027382 0.029839
16 0.895037 0.679839 0.135767 0.042742
15 0.504849 0.256452 0.031945 0.033871
15 0.459783 0.282258 0.027382 0.023387
11 0.483172 0.292742 0.018825 0.041935
15 0.443811 0.146774 0.021107 0.041935
5 0.498574 0.118548 0.074159 0.022581
2 0.435254 0.18871 0.047918 0.023387
11 0.299487 0.251613 0.019395 0.03629
15 0.331432 0.239516 0.030234 0.025
2 0.345123 0.208871 0.041072 0.023387
2 0.366229 0.18629 0.029093 0.027419
2 0.393041 0.146774 0.084997 0.025806
2 0.321734 0.098387 0.229892 0.030645
5 0.147176 0.115323 0.078152 0.022581
15 0.167142 0.252419 0.031945 0.035484
15 0.196235 0.181452 0.021677 0.042742
0 0.160297 0.512903 0.015973 0.058871
0 0.133485 0.492742 0.016543 0.081452
1 0.237307 0.570161 0.038791 0.024194
2 0.352539 0.608065 0.169424 0.023387
2 0.326298 0.573387 0.12664 0.021774
0 0.322875 0.429839 0.015973 0.046774
0 0.35425 0.429032 0.015973 0.045161
0 0.500285 0.508871 0.015402 0.066129