15 0.2455690072639225 0.1987400228050171 0.04239709443099274 0.026265678449258836
7 0.7833817594834545 0.08851197263397947 0.10914447134786116 0.02332383124287343
0 0.5125988700564972 0.21588939566704676 0.04605326876513317 0.018854047890535918
15 0.7341646489104117 0.15996579247434434 0.041525423728813564 0.029652223489167615
0 0.5188297013720743 0.3960205245153934 0.068773204196933 0.027576966932725197
0 0.5051331719128329 0.05936716077537058 0.04544794188861986 0.018147092360319268
15 0.2829136400322841 0.09355758266818699 0.035238095238095235 0.032075256556442416
15 0.32711057304277646 0.10201824401368301 0.036238902340597255 0.02623147092360319
15 0.34391444713478614 0.1660946408209806 0.03087974172719935 0.030193842645381986
2 0.7734221146085553 0.1299714937286203 0.026238902340597253 0.03281071835803877
2 0.16485068603712671 0.15169327251995438 0.02599677158999193 0.0775484606613455
2 0.7725504439063762 0.16854618015963513 0.025569007263922517 0.04539338654503991
2 0.5037288135593221 0.08179019384264538 0.22660209846650523 0.018015963511972634
3 0.6815496368038741 0.16290193842645384 0.03583535108958838 0.027537058152793614
