2 0.5407586763518967 0.5235917901938426 0.21421307506053272 0.030022805017103762
2 0.6931476997578692 0.40059863169897375 0.049418886198547216 0.13867730900798175
2 0.49849071832122677 0.21846066134549602 0.07458434221146085 0.034304446978335235
0 0.3510169491525424 0.35461231470923604 0.04578692493946731 0.054224629418472066
1 0.5646973365617434 0.39909920182440134 0.13428571428571429 0.023557582668187003
15 0.8339548022598869 0.5700513112884835 0.14289749798224374 0.04911060433295325
0 0.27721549636803877 0.31638540478905364 0.04690072639225182 0.09883124287343215
1 0.43970944309927357 0.34077537058152796 0.12500403551251008 0.02304446978335234
5 0.7671912832929781 0.1680957810718358 0.13437449556093625 0.021909920182440135
10 0.7573849878934624 0.18680159635119725 0.12184826472962067 0.019241733181299885
