8 0.692702 0.447689 0.017674 0.064071
8 0.664196 0.487429 0.014253 0.059205
16 0.381414 0.716139 0.150513 0.090024
0 0.897377 0.583942 0.017104 0.072182
0 0.748575 0.578264 0.013683 0.036496
8 0.733751 0.592863 0.013683 0.058394
0 0.734892 0.51176 0.021095 0.098946
11 0.81756 0.453366 0.021665 0.068938
2 0.836944 0.390916 0.035918 0.019465
3 0.874572 0.412814 0.014253 0.055961
3 0.928734 0.404704 0.050171 0.024331
2 0.878563 0.371452 0.035918 0.020276
2 0.815849 0.371452 0.09008 0.021087
0 0.810718 0.262774 0.015393 0.077048
3 0.840935 0.111111 0.014823 0.047851
11 0.921893 0.174371 0.031357 0.071371
2 0.891676 0.094891 0.040479 0.064071
2 0.878563 0.071371 0.031927 0.021898
2 0.833523 0.072182 0.058723 0.022709
3 0.791334 0.103001 0.053022 0.020276
2 0.614595 0.060827 0.052452 0.022709
15 0.313569 0.08678 0.026796 0.034874
7 0.09236 0.577453 0.04504 0.028386
15 0.211517 0.515004 0.018244 0.030008
0 0.366021 0.420925 0.016534 0.061638
15 0.395097 0.51176 0.097491 0.032441
15 0.537058 0.513382 0.019384 0.028386
0 0.54447 0.422547 0.014823 0.053528
0 0.692132 0.340633 0.013683 0.038118
0 0.660205 0.431468 0.013683 0.03974
15 0.643101 0.522303 0.018244 0.027575
2 0.604903 0.581509 0.049601 0.019465
2 0.550171 0.581509 0.057583 0.020276
2 0.458951 0.581509 0.123147 0.020276
2 0.368871 0.58232 0.057013 0.020276
2 0.290194 0.583942 0.096351 0.02352
2 0.216078 0.583942 0.049601 0.021898
2 0.159635 0.584753 0.061003 0.020276
2 0.380844 0.615572 0.502281 0.036496
10 0.345496 0.614761 0.034208 0.019465
0 0.076397 0.329278 0.032497 0.064071
0 0.066705 0.297648 0.014253 0.035685
0 0.218358 0.420925 0.013683 0.051095
15 0.127138 0.343877 0.023945 0.029197
15 0.103193 0.342255 0.020525 0.036496
15 0.114025 0.281427 0.017674 0.027575
2 0.127708 0.230333 0.055872 0.021898
2 0.128278 0.071371 0.057583 0.020276