0 0.8341049030786774 0.5583050847457627 0.035467502850627136 0.017659402744148504
2 0.2069042189281642 0.3378773204196933 0.04736602052451539 0.010920096852300241
0 0.5870581527936146 0.6417029862792575 0.037611174458380844 0.012235673930589185
0 0.4799429874572406 0.6248910411622276 0.03742873432155074 0.014213075060532687
1 0.370866590649943 0.17707828894269573 0.04444127708095781 0.012372881355932203
3 0.37359749144811855 0.13181598062953995 0.026636259977194984 0.011581920903954802
3 0.13706955530216647 0.08387409200968524 0.02627708095781072 0.017966101694915255
2 0.47131698973774233 0.2733010492332526 0.06599201824401368 0.017409200968523
2 0.46592360319270243 0.20604519774011298 0.0778449258836944 0.013260694108151736
13 0.11373432155074117 0.372227602905569 0.07108323831242874 0.02151735270379338
0 0.2864082098061574 0.36132364810330914 0.045427594070695555 0.02063761097659403
0 0.32633979475484604 0.423317191283293 0.05712656784492588 0.02265536723163842
2 0.35368871151653364 0.5904116222760291 0.022651083238312428 0.06051654560129137
2 0.39318700114025085 0.26638418079096043 0.06423603192702394 0.01867635189669088
3 0.48342645381984034 0.1852219531880549 0.02378563283922463 0.01681194511702986
