15 0.5176129032258064 0.17301768397033657 0.050774193548387095 0.09897889332572732
16 0.822233870967742 0.6325841414717628 0.2243225806451613 0.057067883628066175
15 0.31921774193548386 0.16577866514546494 0.049483870967741934 0.1023502567027952
15 0.2540483870967742 0.25367370222475755 0.12970967741935485 0.03864232743867655
15 0.39381451612903223 0.1837934968625214 0.049903225806451616 0.04492869366799772
15 0.6296048387096774 0.2641471762692527 0.08212096774193549 0.033964632059326864
16 0.8218790322580645 0.6787393040501997 0.23061290322580644 0.04636052481460354
7 0.6508870967741935 0.4525099828864803 0.03748387096774193 0.10286366229321163
0 0.5609193548387097 0.4475413576725613 0.03926612903225806 0.08291500285225328
2 0.4736370967741935 0.24227039361095265 0.030838709677419356 0.017752424415288078
15 0.5349354838709678 0.33324015972618365 0.06883870967741935 0.038973188819167136
0 0.15754032258064515 0.4502738163148888 0.0377741935483871 0.06250427837992013
2 0.42065322580645165 0.06212778094694809 0.14808064516129033 0.020844266970907015
11 0.5682177419354839 0.2985225328009127 0.037129032258064514 0.0334626354820308
2 0.31321774193548385 0.09618368511123788 0.10816129032258065 0.019612093553907587
2 0.42900000000000005 0.0956531660011409 0.12528225806451612 0.019087278950370795
0 0.6118467741935484 0.4501996577296064 0.03582258064516129 0.09758128921848261
3 0.4108306451612903 0.24167142042213346 0.09311290322580644 0.0638220193953223
