2 0.7493058918482647 0.23938996579247435 0.02880548829701372 0.20979475484606613
11 0.23950766747376917 0.47454389965792476 0.043922518159806294 0.04468072976054732
2 0.3307909604519774 0.416824401368301 0.10958030669895077 0.022702394526795896
2 0.6299515738498789 0.18909350057012544 0.12576271186440677 0.0263169897377423
2 0.4191686844229217 0.18986887115165335 0.1295238095238095 0.02686431014823261
15 0.4706779661016949 0.4943671607753706 0.04644067796610169 0.03579247434435576
2 0.509362389023406 0.5233295324971493 0.02659402744148507 0.14189851767388825
3 0.5035028248587571 0.4297890535917902 0.06746569814366425 0.027012542759407072
0 0.2933736884584342 0.2257525655644242 0.027796610169491524 0.04169897377423033
3 0.34135593220338983 0.513358038768529 0.06460048426150121 0.021265678449258835
2 0.32927360774818404 0.5582326111744583 0.25071832122679577 0.030752565564424173
15 0.28461662631154155 0.48265108323831246 0.049079903147699756 0.05287343215507411
1 0.8996610169491526 0.5055929304446978 0.14585149313962875 0.03205245153933865
16 0.7627764326069412 0.584418472063854 0.3785068603712672 0.06622006841505132
15 0.6961985472154963 0.23676738882554163 0.06540758676351897 0.04643671607753706
