8 0.6657384987893462 0.2615906499429875 0.028983050847457625 0.07338084378563284
7 0.4230831315577079 0.50057582668187 0.11548829701372075 0.026168757126567844
15 0.6122356739305891 0.19903078677309008 0.04046004842615012 0.03367160775370582
15 0.33041162227602905 0.10744013683010262 0.041202582728006455 0.03871721778791334
2 0.4887570621468927 0.059293044469783354 0.10541565778853916 0.017075256556442417
0 0.2777643260694108 0.2907126567844926 0.02351089588377724 0.048922462941847204
2 0.47432606941081523 0.08060433295324972 0.07460855528652138 0.02589509692132269
0 0.7762389023405972 0.2904446978335234 0.027691686844229218 0.059007981755986316
0 0.8133010492332526 0.29112884834663627 0.03062146892655367 0.02685290763968073
16 0.8263599677158999 0.6891220068415052 0.13773204196933012 0.04266818700114025
