2 0.092524 0.576167 0.017125 0.182680
0 0.835257 0.309118 0.035188 0.015361
0 0.415696 0.451704 0.055306 0.030382
0 0.469025 0.512526 0.055839 0.028460
0 0.300931 0.520327 0.036263 0.013511
0 0.308076 0.600152 0.037102 0.014991
0 0.076129 0.450992 0.030196 0.018211
0 0.061692 0.301198 0.035243 0.018636
0 0.308976 0.373059 0.036902 0.014039
0 0.728176 0.350073 0.030282 0.018508
0 0.634508 0.468272 0.048545 0.017101
12 0.336496 0.389606 0.091690 0.021589
12 0.328727 0.538102 0.090624 0.023542
12 0.322465 0.631510 0.091345 0.024209
12 0.863237 0.325779 0.091918 0.021540
11 0.208976 0.335840 0.049263 0.023760
11 0.161682 0.337220 0.049263 0.026653
7 0.414447 0.475237 0.051765 0.020976
10 0.606590 0.282962 0.048710 0.023317
2 0.692818 0.486907 0.018200 0.159588
2 0.599584 0.382887 0.034157 0.013232
2 0.555624 0.281941 0.056549 0.012335
2 0.516971 0.334636 0.024294 0.013141
1 0.056755 0.403490 0.035329 0.014209
1 0.498110 0.403757 0.033176 0.015992
1 0.493398 0.611446 0.033949 0.016258
13 0.308463 0.615121 0.061584 0.011953
2 0.514469 0.421198 0.030278 0.013323
5 0.467837 0.535146 0.048686 0.021546
5 0.633994 0.486401 0.049118 0.021583
1 0.901265 0.417723 0.029298 0.015458
1 0.930410 0.449221 0.031024 0.015725
1 0.646708 0.551789 0.035306 0.011850
1 0.253210 0.367623 0.032459 0.015767
1 0.105900 0.383769 0.029871 0.015543
