4 0.8699254901960785 0.5122377198302001 0.12001960784313725 0.023887204366282597
11 0.2511294117647059 0.3598908429351122 0.0359843137254902 0.08120072771376592
0 0.689949019607843 0.48012734990903577 0.091 0.03819284414796846
7 0.6873450980392157 0.16122498483929656 0.11254901960784314 0.024360218314129777
15 0.7220313725490196 0.6197331716191632 0.03447450980392157 0.04333535476046088
15 0.8008705882352941 0.26390539721043055 0.03224705882352941 0.0358641600970285
0 0.867556862745098 0.4799878714372347 0.1096156862745098 0.036755609460278955
15 0.7290470588235294 0.26412977562158885 0.03135294117647059 0.03865372953305034
2 0.1763607843137255 0.5083505154639175 0.0820235294117647 0.03130988477865373
15 0.8709294117647058 0.2745239539114615 0.02924705882352941 0.037471194663432385
15 0.11830196078431374 0.39471801091570646 0.03627058823529412 0.039302607640994545
11 0.8388352941176471 0.30808368708308065 0.021509803921568628 0.09619163129169193
1 0.6919058823529411 0.6794784718010916 0.0736156862745098 0.03594906003638569
11 0.25278039215686277 0.4330382049727108 0.04717647058823529 0.05170406306852638
15 0.8145215686274511 0.32041843541540327 0.030776470588235294 0.03770770163735597
2 0.7363450980392157 0.202310491206792 0.09882745098039215 0.03830806549423894
2 0.07825882352941177 0.45519708914493634 0.06869411764705882 0.08211036992116434
2 0.8035529411764706 0.23347483323226198 0.07875294117647058 0.030454821103699212
