1 0.7174274509803922 0.5994119430130342 0.0669156862745098 0.022525007578053955
15 0.8918117647058823 0.334531676265535 0.02120588235294118 0.023355562291603515
15 0.7510725490196078 0.32018187329493786 0.019715686274509803 0.022715974537738708
15 0.8668176470588236 0.6004516520157623 0.02053921568627451 0.02736586844498333
0 0.8803921568627451 0.5371930888147923 0.014009803921568628 0.029575628978478326
0 0.9107509803921569 0.3910700212185511 0.014645098039215685 0.029151257956956653
15 0.8603764705882353 0.32276750530463777 0.018315686274509805 0.021433767808426794
7 0.7233098039215686 0.270569869657472 0.06296470588235294 0.014616550469839345
7 0.8831019607843137 0.2705213701121552 0.06312941176470588 0.015501667171870263
2 0.8030607843137255 0.29836920278872386 0.09622941176470588 0.018960290997271898
12 0.6007725490196079 0.2896665656259473 0.05396078431372549 0.013346468626856624
2 0.5753117647058824 0.2755168232797817 0.06166274509803922 0.015786602000606244
3 0.6070686274509804 0.3200090936647469 0.02628235294117647 0.018872385571385267
2 0.6742509803921568 0.48178235829039107 0.012672549019607843 0.25560472870566836
