15 0.20330588235294117 0.36913887204366286 0.03310588235294118 0.04673135233474834
15 0.127678431372549 0.36596725288053367 0.03206666666666667 0.04425106124924196
15 0.2592627450980392 0.16118859915100062 0.029576470588235294 0.04163735597331716
15 0.227278431372549 0.6719769557307459 0.034329411764705886 0.038271679805942996
5 0.24703137254901958 0.6231170406306853 0.07530980392156862 0.025069739235900546
2 0.16340392156862746 0.14834445118253486 0.05270588235294118 0.01932080048514251
1 0.08918039215686274 0.6660400242571255 0.044545098039215685 0.023778047301394784
0 0.24685882352941177 0.5951728320194057 0.02511372549019608 0.028350515463917526
0 0.28299607843137253 0.2947604608853851 0.030603921568627453 0.0288659793814433
1 0.30801960784313726 0.06342631898120073 0.04825098039215687 0.03543359611885991
