15 0.731875 0.191886 0.024298 0.035537
2 0.738824 0.152959 0.098824 0.030176
2 0.797727 0.221992 0.074208 0.031649
15 0.610386 0.635221 0.022404 0.039709
1 0.871806 0.679633 0.067682 0.038223
11 0.831167 0.605931 0.013941 0.087944
15 0.862869 0.606064 0.025337 0.037574
15 0.714927 0.585543 0.022404 0.037574
4 0.612935 0.386610 0.112310 0.024427
15 0.800302 0.147705 0.024706 0.037532
7 0.688904 0.101507 0.110129 0.025052
0 0.611229 0.357250 0.095306 0.036246
0 0.674622 0.441850 0.094788 0.033317
