7 0.41644509803921564 0.24915428917853896 0.051886274509803924 0.01453470748711731
0 0.5218098039215686 0.45620491057896334 0.038815686274509806 0.013546529251288268
4 0.49225098039215687 0.40370415277356775 0.04714509803921568 0.015625947256744467
2 0.4583450980392157 0.32030009093664746 0.05453137254901961 0.01053349499848439
7 0.46874313725490196 0.2507517429524098 0.042768627450980395 0.01423461655046984
0 0.5714098039215686 0.4087208244922704 0.03169607843137255 0.013046377690209153
2 0.4492254901960785 0.2864746892997878 0.059594117647058825 0.012773567747802365
0 0.5471529411764706 0.43937859957562897 0.03869411764705882 0.013282812973628372
5 0.3942509803921569 0.37602606850560777 0.03893137254901961 0.01471354956047287
15 0.46143137254901967 0.4063989087602304 0.012170588235294117 0.016004849954531674
15 0.42289411764705886 0.373828432858442 0.01415294117647059 0.0164928766292816
15 0.4935529411764706 0.3737526523188845 0.012 0.015589572597756896
3 0.40240196078431373 0.6307062746286753 0.017609803921568627 0.023125189451348897
2 0.47162941176470585 0.6740921491361018 0.023898039215686274 0.051194301303425276
