0 0.780956862745098 0.3437295330503335 0.09066666666666666 0.03277137659187386
12 0.2463686274509804 0.20430563978168587 0.12025098039215686 0.019508793208004853
2 0.2336392156862745 0.3697392359005458 0.09083921568627451 0.09660400242571256
11 0.46231764705882356 0.1700970285021225 0.10207843137254903 0.06782898726500909
7 0.6212156862745097 0.1320194057004245 0.10388627450980394 0.0201516070345664
0 0.835843137254902 0.3049423893268648 0.05030980392156863 0.03497271073377805
0 0.4986627450980392 0.5548696179502729 0.05913725490196079 0.03822316555488175
1 0.605843137254902 0.3807337780473014 0.06646666666666667 0.035100060642813825
0 0.2240313725490196 0.15613098847786536 0.05491372549019608 0.03670709520921771
2 0.7285450980392156 0.6138386901152214 0.11745490196078431 0.037786537295330505
