12 0.37933919369505914 0.5201882352941176 0.09385268263110033 0.017192156862745098
12 0.3933525310700212 0.34047058823529414 0.0994755986662625 0.01668235294117647
11 0.9281509548347984 0.5467921568627451 0.03526523188845105 0.08179215686274509
3 0.7972476508032736 0.5375529411764706 0.05444073961806608 0.024811764705882353
11 0.9397908457108214 0.40584705882352945 0.02894513488936041 0.08774509803921568
3 0.802831160957866 0.4202431372549019 0.050833585935131854 0.03356470588235294
3 0.5763625341012428 0.48529803921568626 0.043103970900272806 0.03282745098039216
3 0.591415580478933 0.38719607843137255 0.04012124886329191 0.039054901960784316
3 0.794389208851167 0.505643137254902 0.04483176720218248 0.0312078431372549
14 0.47853288875416794 0.6883490196078431 0.10156411033646559 0.01895686274509804
15 0.45445589572597755 0.5967843137254901 0.02840254622612913 0.03234901960784314
2 0.42646256441345864 0.7851803921568627 0.04758108517732646 0.07409019607843137
