0 0.09471372549019608 0.3790418435415403 0.12331372549019608 0.04730139478471801
15 0.19661176470588235 0.2776349302607641 0.03551372549019608 0.04610673135233475
7 0.6689803921568628 0.6873438447543967 0.12825098039215688 0.02783505154639175
5 0.10772941176470588 0.28591267434808976 0.12441960784313724 0.029429957550030323
0 0.18729019607843136 0.4794481503941783 0.12982745098039217 0.049199514857489385
2 0.5306117647058823 0.1699029714978775 0.14869411764705884 0.045688295936931474
2 0.2506 0.6436264402668284 0.1123843137254902 0.03956943602183141
15 0.6463215686274509 0.5143117040630686 0.032047058823529415 0.04582171012734991
2 0.4223294117647059 0.691146149181322 0.36819607843137253 0.05143723468768951
0 0.7786705882352941 0.35206791995148573 0.10479215686274511 0.04570042449969679
0 0.7204666666666667 0.4738872043662826 0.12065098039215687 0.0400545785324439
2 0.5720039215686274 0.6435839902971497 0.11765882352941176 0.03722862340812614
2 0.5170235294117648 0.6057246816252274 0.1265764705882353 0.03859915100060643
0 0.8192039215686274 0.5866100667070953 0.04850980392156863 0.041206791995148574
1 0.19512941176470588 0.35338386901152213 0.07786274509803923 0.0412856276531231
2 0.5394 0.21588841722255914 0.14185882352941176 0.03782292298362644
2 0.9243803921568627 0.6055124317768344 0.03208627450980392 0.11961188599151001
13 0.8817176470588236 0.2903214069132808 0.09600392156862746 0.01981200727713766
2 0.15428627450980392 0.986173438447544 0.013580392156862747 0.026846573681018802
0 0.6567882352941177 0.36818071558520316 0.061776470588235294 0.045664038811400846
0 0.8609294117647058 0.3384536082474227 0.05221568627450981 0.03784718010915706
0 0.8610705882352941 0.3778471801091571 0.049643137254901964 0.03697392359005458
0 0.8004666666666667 0.5465009096422073 0.08738039215686275 0.040321406913280775
2 0.9425294117647058 0.6872407519708914 0.0299921568627451 0.13139478471801092
13 0.19080392156862747 0.2049666464523954 0.12878431372549018 0.029163129169193454
