14 0.662891 0.321997 0.050281 0.016473
14 0.656912 0.405474 0.049269 0.016580
1 0.787631 0.662179 0.045200 0.011807
15 0.386287 0.682380 0.017815 0.021321
5 0.296825 0.634765 0.050000 0.016837
7 0.695152 0.677236 0.049033 0.016813
0 0.470609 0.651570 0.061443 0.023321
1 0.241725 0.674352 0.008900 0.060447
0 0.470025 0.591072 0.053071 0.014393
0 0.673383 0.200332 0.033324 0.008256
0 0.666639 0.212287 0.019196 0.009533
0 0.928299 0.389901 0.024528 0.019494
2 0.415969 0.114591 0.111353 0.020791
7 0.635956 0.760081 0.049213 0.017711
1 0.417275 0.797133 0.009573 0.066113
3 0.291533 0.752622 0.036929 0.027600
0 0.470479 0.621267 0.062927 0.024251
2 0.702213 0.721396 0.015354 0.058363
2 0.676322 0.764330 0.020849 0.086350
2 0.898091 0.286151 0.012964 0.089549
2 0.614608 0.080544 0.050987 0.029581
2 0.470720 0.086279 0.222621 0.022104
2 0.326859 0.079348 0.049595 0.029316
2 0.631931 0.678626 0.013192 0.093068
3 0.876201 0.564790 0.038453 0.049114
0 0.638805 0.200943 0.029871 0.011550
0 0.632463 0.188618 0.017188 0.011771
0 0.901490 0.389067 0.020585 0.020285
2 0.918258 0.612829 0.026600 0.095204
2 0.842690 0.703758 0.059615 0.023610
2 0.278660 0.363060 0.010880 0.102285
16 0.112306 0.818406 0.052233 0.144437
2 0.296493 0.350991 0.012897 0.079901
2 0.198982 0.292424 0.078791 0.017564
2 0.199684 0.250623 0.068850 0.015820
2 0.791040 0.370820 0.020894 0.085635
11 0.877215 0.674197 0.027179 0.034112
0 0.645080 0.212683 0.019738 0.010696
0 0.653387 0.188606 0.018664 0.008924
15 0.285323 0.930437 0.016586 0.024986
