2 0.48746246246246244 0.18970772442588726 0.05924924924924925 0.01895615866388309
1 0.2626126126126126 0.1454070981210856 0.03457957957957958 0.014718162839248435
7 0.38954954954954957 0.3609185803757829 0.08705705705705705 0.02298538622129436
2 0.485990990990991 0.21146137787056368 0.056891891891891894 0.016576200417536536
11 0.5247747747747747 0.15139874739039666 0.04884384384384385 0.026597077244258874
1 0.26249249249249246 0.3222964509394572 0.03566066066066066 0.015511482254697286
2 0.5651651651651651 0.14463465553235907 0.018318318318318316 0.0725678496868476
0 0.15612612612612614 0.20839248434237995 0.016306306306306306 0.0653027139874739
1 0.40264264264264266 0.07450939457202505 0.03759759759759759 0.022839248434237996
8 0.17204204204204204 0.2009812108559499 0.016066066066066066 0.08776617954070981
1 0.27336336336336337 0.17509394572025053 0.033873873873873875 0.017014613778705636
0 0.39096096096096095 0.21208768267223382 0.01915915915915916 0.02620041753653445
0 0.4086036036036036 0.20868475991649268 0.016666666666666666 0.02943632567849687
