16 0.905397 0.696471 0.056398 0.039216
0 0.160097 0.470588 0.015767 0.052549
0 0.134627 0.476078 0.013948 0.059608
1 0.269254 0.656471 0.030321 0.019608
15 0.306246 0.700392 0.022438 0.030588
1 0.188599 0.766275 0.031534 0.018824
1 0.405094 0.764706 0.034566 0.018039
2 0.288053 0.352941 0.153426 0.041569
15 0.33778 0.30902 0.020619 0.033725
1 0.234688 0.307451 0.032747 0.019608
2 0.299576 0.150588 0.18678 0.021961
15 0.198908 0.14902 0.023651 0.02902
5 0.149181 0.169412 0.066707 0.023529
15 0.394785 0.155294 0.022438 0.025882
10 0.44815 0.208627 0.066707 0.023529
15 0.412371 0.287843 0.021225 0.029804
1 0.406913 0.403137 0.034566 0.018039
0 0.426925 0.476078 0.013948 0.041569
0 0.485143 0.35451 0.029715 0.018824
15 0.544572 0.374902 0.021831 0.025882
2 0.602183 0.414118 0.014554 0.049412
2 0.584597 0.407059 0.013948 0.033725
2 0.567617 0.425098 0.014554 0.033725
0 0.55185 0.471373 0.014554 0.02902