2 0.8698866396761133 0.805860889395667 0.024995951417004048 0.15737172177879133
2 0.8202429149797571 0.8657753705815279 0.024647773279352227 0.0785290763968073
15 0.49177327935222676 0.9413112884834663 0.027829959514170038 0.029555302166476626
0 0.6166234817813765 0.94903078677309 0.05912550607287449 0.02475484606613455
15 0.5071821862348178 0.6577080957810718 0.024178137651821863 0.025541619156214366
2 0.4327125506072874 0.43000570125427595 0.028364372469635628 0.07770239452679589
2 0.7853441295546558 0.8698802736602053 0.024680161943319838 0.0645381984036488
3 0.5482348178137653 0.16014253135689852 0.04245344129554656 0.0314994298745724
2 0.4617813765182186 0.4550855188141391 0.02562753036437247 0.06117445838084378
2 0.8714655870445344 0.6301254275940708 0.024072874493927126 0.19587799315849486
15 0.5052307692307693 0.07730330672748005 0.026558704453441294 0.024692132269099203
2 0.910825910931174 0.6070809578107184 0.027578947368421054 0.4834720638540479
11 0.3151983805668016 0.3123147092360319 0.08532793522267205 0.02119156214367161
15 0.4630202429149798 0.1592702394526796 0.029611336032388663 0.017656784492588368
11 0.5859514170040485 0.11783922462941847 0.08672874493927125 0.0301539338654504
15 0.5046558704453441 0.8999429874572406 0.025052631578947368 0.02419612314709236
0 0.622080971659919 0.354418472063854 0.07834008097165993 0.01813568985176739
15 0.5107287449392712 0.3789509692132269 0.026024291497975707 0.023375142531356898
2 0.8750688259109312 0.5936659064994299 0.022558704453441294 0.3146921322690992
2 0.873165991902834 0.4710091220068415 0.02422672064777328 0.15098631698973775
7 0.9091255060728745 0.7263112884834664 0.02088259109311741 0.05206385404789053
15 0.49490688259109317 0.34674458380843787 0.02316599190283401 0.017605473204104903
2 0.25990283400809716 0.3659350057012543 0.025821862348178137 0.03637400228050171
0 0.623327935222672 0.3285803876852908 0.1045910931174089 0.02470353477765108
8 0.7159514170040486 0.33212656784492584 0.07689878542510122 0.010769669327251995
15 0.46919028340080976 0.18468072976054734 0.024704453441295546 0.015273660205245154
2 0.5967044534412955 0.20586088939566705 0.05220242914979757 0.022080957810718355
2 0.5584858299595142 0.045581527936145956 0.13212145748987852 0.03590649942987457
0 0.5764372469635627 0.5915792474344357 0.057846153846153846 0.020855188141391104
0 0.6164939271255061 0.910484606613455 0.08087449392712551 0.01911060433295325
10 0.9273927125506072 0.7203933865450399 0.014607287449392712 0.04289053591790194
