0 0.839774 0.346574 0.033575 0.015724
2 0.830831 0.213184 0.024907 0.064761
2 0.178164 0.163216 0.023769 0.061562
0 0.533753 0.050450 0.085375 0.022828
6 0.237542 0.210419 0.020751 0.017771
11 0.886546 0.327172 0.038983 0.016431
11 0.909496 0.347383 0.038362 0.014219
11 0.194040 0.101457 0.026416 0.016197
11 0.214011 0.121816 0.030153 0.016505
0 0.512167 0.272805 0.074294 0.016214
8 0.216925 0.062050 0.093446 0.023130
0 0.511073 0.096596 0.075028 0.015884
11 0.637700 0.420051 0.056594 0.071163
15 0.852510 0.659800 0.057498 0.047013
8 0.252014 0.280334 0.092357 0.023597
2 0.874084 0.189356 0.025408 0.074139
0 0.826755 0.326850 0.032446 0.014658
