15 0.7487333333333334 0.6238750758035173 0.029149019607843135 0.03651303820497271
4 0.8896549019607842 0.5112371134020618 0.11889803921568627 0.023389933292904792
15 0.7642 0.2840933899332929 0.02803921568627451 0.039714978775015154
15 0.8290352941176471 0.28320194057004244 0.02488627450980392 0.02872043662825955
15 0.893313725490196 0.29411158277744087 0.031599999999999996 0.03263796240145543
2 0.7673686274509803 0.22953911461491813 0.09709411764705883 0.03519708914493633
11 0.8669529411764706 0.3279684657368102 0.02243529411764706 0.09405700424499697
1 0.7180156862745098 0.6995512431776834 0.06912156862745097 0.03553668890236507
7 0.827635294117647 0.16582777440873256 0.11374901960784314 0.023098847786537296
15 0.8437882352941176 0.3391813220133414 0.0262 0.03719830200121286
0 0.7292666666666667 0.4908065494238933 0.02238823529411765 0.02431170406306853
2 0.8299333333333333 0.254620982413584 0.0838156862745098 0.03317768344451182
0 0.8867333333333334 0.4886234081261371 0.0254 0.025203153426318983
