4 0.8953921568627451 0.5066343238326259 0.11243137254901961 0.023371740448756822
15 0.7617607843137255 0.6262098241358398 0.030501960784313727 0.0384232868405094
15 0.8257372549019608 0.22787750151607034 0.03024705882352941 0.03457246816252274
15 0.7735803921568628 0.2830321406913281 0.031956862745098034 0.03500909642207398
1 0.7285372549019608 0.6867131594906004 0.07898039215686274 0.03620375985445725
2 0.8288627450980391 0.28414190418435414 0.07707843137254902 0.033559733171619165
7 0.7310862745098039 0.1826137052759248 0.10822745098039216 0.02214675560946028
11 0.8712784313725491 0.33545178896300787 0.025388235294117645 0.09356579745300181
15 0.8962666666666667 0.28540933899332926 0.02947843137254902 0.058253486961795026
0 0.731843137254902 0.48413583990297154 0.02669411764705882 0.023790175864160094
0 0.8928117647058824 0.4820557913887204 0.02753333333333333 0.025573074590661007
15 0.8422470588235295 0.344020618556701 0.025031372549019607 0.048374772589448146
2 0.7655882352941177 0.2362098241358399 0.087 0.03981200727713766
