7 0.807594070695553 0.7534144363341444 0.04488597491448119 0.016204379562043795
7 0.6678164196123146 0.3570640713706407 0.05182440136830103 0.016609894566098946
2 0.734321550741163 0.7709164639091646 0.0707981755986317 0.020437956204379562
7 0.6694355758266819 0.7529278183292782 0.04684720638540479 0.018467153284671533
8 0.8085290763968074 0.46799675587996753 0.014407069555302167 0.058134630981346316
11 0.26762257696693276 0.7540551500405515 0.04170467502850628 0.01793998377939984
7 0.8015963511972634 0.776772100567721 0.048323831242873434 0.018012976480129766
15 0.8350399087799316 0.6066261151662612 0.016351197263397947 0.018434712084347122
1 0.6637799315849486 0.6576236820762369 0.012143671607753707 0.07566909975669099
15 0.8095553021664766 0.5420843471208434 0.01774800456100342 0.019991889699918896
15 0.6831356898517674 0.3022303325223033 0.02029076396807298 0.01965125709651257
15 0.7213340935005701 0.7353609083536091 0.01808437856328392 0.0221654501216545
2 0.7641619156214366 0.2438280616382806 0.05708095781071836 0.01294403892944039
15 0.7086716077537059 0.2673073803730738 0.01620296465222349 0.02029197080291971
0 0.6186944127708096 0.4837712895377129 0.009720638540478907 0.026050283860502836
0 0.5977137970353479 0.5057907542579075 0.011488027366020524 0.03225466342254664
2 0.6967103762827822 0.38793187347931873 0.04710946408209806 0.01645579886455799
8 0.5334891676168757 0.7057258718572587 0.014977194982896238 0.06206001622060016
2 0.7479931584948689 0.6450689375506894 0.02589509692132269 0.01148418491484185
2 0.7692417331812998 0.4428791565287916 0.04006841505131129 0.014817518248175182
2 0.7089908779931584 0.2277777777777778 0.0650570125427594 0.014063260340632603
15 0.6922291904218929 0.5203730738037308 0.01848916761687571 0.01713706407137064
1 0.7672919042189281 0.6329359286293592 0.06488597491448118 0.01673154906731549
2 0.7412884834663627 0.4721978913219789 0.0627594070695553 0.015117599351175993
0 0.6583238312428734 0.4831305758313058 0.010758266818700115 0.03731549067315491
0 0.6401596351197263 0.4833333333333334 0.01016533637400228 0.020008110300081105
0 0.8288084378563284 0.4857907542579076 0.010741163055872293 0.039497161394971614
11 0.32732041049030786 0.7344444444444445 0.07718358038768529 0.04131386861313868
0 0.36115735461801596 0.5586780210867802 0.01846636259977195 0.022554744525547444
0 0.3281812998859749 0.5147526358475264 0.018266818700114023 0.02386050283860503
0 0.3628563283922463 0.5316382806163829 0.01877423033067275 0.01816707218167072
0 0.2569612314709236 0.4540632603406326 0.014002280501710375 0.025977291159772913
0 0.26960091220068416 0.4665936739659367 0.014144811858608893 0.015458231954582319
11 0.3259692132269099 0.4408759124087591 0.03335803876852907 0.0851013787510138
15 0.62903078677309 0.32012165450121655 0.024384264538198405 0.021816707218167072
15 0.6547434435575827 0.38988645579886455 0.01805017103762828 0.02548256285482563
0 0.5701254275940707 0.4818653690186537 0.011396807297605472 0.020583941605839415
0 0.5473717217787913 0.4840227088402271 0.014800456100342075 0.045442011354420116
0 0.5233808437856329 0.48220600162205995 0.014338654503990878 0.0437875101378751
8 0.6825313568985177 0.481727493917275 0.012958950969213227 0.059253852392538525
2 0.7149486887115165 0.4076155717761557 0.01968643101482326 0.013868613138686132
3 0.7296408209806157 0.42881589618815896 0.011334093500570125 0.017477696674776968
15 0.7181641961231472 0.45737226277372267 0.01539908779931585 0.02299270072992701
0 0.854908779931585 0.47787510137875105 0.01514823261117446 0.04450932684509327
7 0.7457126567844926 0.49556366585563666 0.04415621436716078 0.01695052716950527
2 0.720096921322691 0.5130738037307381 0.03851197263397947 0.018929440389294405
2 0.7529532497149373 0.5220437956204379 0.03152793614595211 0.0164882400648824
2 0.75633409350057 0.5390754257907542 0.023608893956670464 0.017104622871046228
2 0.7120410490307868 0.3513949716139497 0.03088369441277081 0.016009732360097322
2 0.7783808437856328 0.2843633414436334 0.012115165336374002 0.029659367396593674
2 0.7935347776510832 0.2900081103000811 0.01225769669327252 0.04043795620437956
15 0.7675655644241733 0.71330900243309 0.013529076396807298 0.024444444444444446
15 0.7760205245153935 0.7366342254663423 0.015359179019384266 0.022522303325223033
2 0.7455530216647662 0.746926196269262 0.03070125427594071 0.019132197891321978
16 0.9035347776510833 0.7472019464720194 0.04994868871151653 0.0432441200324412
2 0.7739851767388826 0.6524817518248175 0.03646522234891676 0.015312246553122464
15 0.697217787913341 0.579375506893755 0.01799885974914481 0.023503649635036497
11 0.6927936145952109 0.6162124898621248 0.03372862029646522 0.03890510948905109
8 0.639623717217788 0.582051905920519 0.04209236031927024 0.017210056772100565
8 0.7443158494868871 0.5953446877534468 0.03427594070695553 0.016690997566909973
