15 0.6712409347300564 0.5677094017094018 0.015620467365028205 0.015663817663817664
15 0.672836422240129 0.6085982905982905 0.0156406124093473 0.017914529914529916
2 0.8541297340854149 0.1547008547008547 0.010435132957292505 0.03604558404558404
15 0.7079089443996777 0.17895156695156694 0.011712328767123288 0.012495726495726495
15 0.6960636583400484 0.5803988603988605 0.016603545527800162 0.020472934472934474
8 0.7997663174858984 0.6247863247863248 0.03951651893634166 0.012034188034188036
11 0.8378243352135375 0.49170940170940175 0.026402095084609188 0.02471225071225071
2 0.8549677679290896 0.3524786324786325 0.011039484286865431 0.03724216524216524
15 0.6692949234488316 0.5178062678062678 0.011704270749395649 0.018455840455840457
2 0.7837147461724416 0.5214074074074074 0.020314262691377923 0.053698005698005695
0 0.7568170829975827 0.6026552706552707 0.01581788879935536 0.01613105413105413
0 0.7582634971796938 0.6251282051282051 0.017639000805801774 0.014849002849002849
2 0.8557211925866237 0.5444159544159545 0.01282433521353747 0.032421652421652424
15 0.8327236099919421 0.5070370370370371 0.01323126510878324 0.017572649572649573
0 0.7558541498791297 0.11144729344729346 0.016958098307816277 0.017584045584045582
15 0.7249274778404512 0.15407977207977208 0.011547139403706688 0.016638176638176638
15 0.7100523771152296 0.1296866096866097 0.015104754230459308 0.014951566951566951
15 0.6741015310233682 0.12210256410256409 0.012062852538275584 0.017344729344729345
15 0.6728041901692184 0.2021025641025641 0.012852538275584205 0.017686609686609685
15 0.6519782433521354 0.14561823361823362 0.010261885576148266 0.013122507122507123
2 0.6313295729250604 0.13623361823361824 0.013158742949234487 0.028558404558404558
2 0.6314383561643836 0.17066666666666666 0.011212731668009669 0.027162393162393165
15 0.6449153908138598 0.1613846153846154 0.010467365028203062 0.014347578347578348
3 0.6635132957292506 0.14987464387464386 0.009492344883158742 0.011002849002849003
0 0.7556728444802578 0.19199430199430198 0.01645850120870266 0.013977207977207978
0 0.7571313456889606 0.21699145299145298 0.03917002417405318 0.02798290598290598
0 0.7546696212731667 0.2841310541310541 0.057453666398066074 0.01984045584045584
0 0.7557937147461725 0.3052307692307692 0.015854149879129736 0.015156695156695158
15 0.7251289282836422 0.3574188034188034 0.01387993553585818 0.022735042735042735
