0 0.141758 0.272082 0.023113 0.053463
2 0.283750 0.145274 0.103387 0.013776
8 0.521214 0.272225 0.027411 0.070884
11 0.228323 0.347370 0.040694 0.056235
11 0.476427 0.346332 0.035419 0.054900
15 0.283883 0.310465 0.026895 0.020953
0 0.187435 0.272539 0.020532 0.049355
0 0.096294 0.273366 0.023331 0.050896
0 0.498565 0.273731 0.017581 0.047747
15 0.418665 0.310163 0.030960 0.020051
15 0.355202 0.324541 0.026710 0.021335
2 0.351492 0.422296 0.190806 0.012841
8 0.211032 0.272002 0.030516 0.071957
2 0.418359 0.145533 0.104089 0.013280
7 0.484806 0.117151 0.109016 0.020177
2 0.921089 0.269820 0.020935 0.045345
15 0.377548 0.290479 0.029258 0.019532
10 0.241879 0.085111 0.083290 0.019738
15 0.325855 0.292924 0.028710 0.019538
16 0.749177 0.617439 0.151468 0.044130
2 0.441597 0.390006 0.056984 0.012755
2 0.262081 0.390416 0.058355 0.012618
