7 0.542215 0.371910 0.112922 0.022953
16 0.899479 0.732055 0.120008 0.031180
15 0.365153 0.263167 0.032744 0.027452
15 0.404673 0.265097 0.034060 0.026990
2 0.881828 0.233760 0.023575 0.057303
2 0.386889 0.366705 0.100928 0.019989
2 0.310186 0.338093 0.132316 0.017212
2 0.459976 0.337893 0.129169 0.017030
2 0.385412 0.120510 0.165383 0.016710
2 0.470194 0.140738 0.077724 0.016038
2 0.300351 0.142811 0.077151 0.018255
3 0.388575 0.208210 0.036425 0.028689
11 0.224532 0.174418 0.049677 0.078620
11 0.522559 0.171642 0.049362 0.065964
0 0.176574 0.240918 0.024237 0.053786
0 0.255702 0.240989 0.023107 0.053244
0 0.504342 0.241770 0.022712 0.050473
0 0.134435 0.240268 0.023366 0.051688
10 0.398402 0.409051 0.085698 0.022491
