11 0.11053955744164899 0.6483490196078431 0.10086692937253713 0.21052941176470588
12 0.09277963019096695 0.36011372549019605 0.09913913307062747 0.01655294117647059
0 0.8493634434677175 0.5456862745098039 0.09021218551076084 0.022823529411764708
0 0.5234192179448318 0.5482980392156863 0.07929069414974234 0.02260392156862745
0 0.08664443770839647 0.42406666666666665 0.046698999696877845 0.023898039215686274
2 0.7171476204910578 0.2646 0.09285541073052439 0.02307843137254902
7 0.6593695059108822 0.14867843137254902 0.10847226432252198 0.016184313725490198
0 0.46218247953925434 0.43560784313725487 0.04621097302212791 0.021858823529411764
2 0.5761836920278872 0.2654705882352941 0.09444680206123067 0.021580392156862745
4 0.4658320703243407 0.45650588235294115 0.09484389208851167 0.014988235294117646
2 0.6101576235222795 0.23881176470588236 0.09256441345862383 0.015529411764705884
4 0.8556501970294028 0.5666941176470588 0.09769020915428916 0.01443529411764706
15 0.7121370112155199 0.37225882352941175 0.019524098211579265 0.021823529411764707
0 0.06277963019096697 0.32089803921568627 0.056853591997575025 0.02216862745098039
15 0.5874325553197939 0.3150392156862745 0.02367687177932707 0.02921176470588235
2 0.6822764474083055 0.2151450980392157 0.15878751136708094 0.01588235294117647
15 0.4616611094270991 0.34208627450980394 0.02624128523795089 0.025015686274509803
10 0.7311094270991209 0.19181176470588235 0.0813064565019703 0.013870588235294117
0 0.74026371627766 0.3067607843137255 0.032173385874507424 0.02412156862745098
12 0.8127129433161564 0.7131686274509804 0.10729311912700817 0.015505882352941177
