2 0.4071493728620296 0.16386940749697704 0.06246294184720639 0.01947198710197501
2 0.6064481185860889 0.16397420395002016 0.06893386545039909 0.020306328093510684
2 0.5125655644241733 0.1295727529222088 0.2806043329532497 0.02192664248286981
2 0.6649885974914482 0.16286981056025795 0.042274800456100346 0.018121725110842403
0 0.2727651083238313 0.41394195888754537 0.021755986316989735 0.07518742442563482
0 0.7496579247434436 0.40173317210802095 0.030022805017103762 0.0800080612656187
2 0.4850570125427594 0.16148327287384118 0.054156214367160775 0.02045949214026602
0 0.5409464082098062 0.3844054816606207 0.02282782212086659 0.043417976622329706
0 0.4904104903078677 0.3817492946392584 0.02396807297605473 0.04769044740024184
0 0.8007183580387686 0.41478033051189034 0.027006841505131128 0.03091092301491334
2 0.39261117445838084 0.2122571543732366 0.036562143671607754 0.017521160822249093
11 0.4716590649942987 0.20720274083031037 0.10816989737742302 0.03014107214832729
11 0.5852394526795895 0.26814187827488917 0.04310718358038768 0.050757758968158005
6 0.17311858608893954 0.20378476420798064 0.061094640820980615 0.014921402660217655
