2 0.2248901960784314 0.6087143723468769 0.07451372549019608 0.012540933899332928
0 0.7376549019607843 0.3228077622801698 0.04047450980392157 0.015894481503941783
2 0.22269411764705882 0.5897816858702244 0.0723921568627451 0.01165554881746513
0 0.7052235294117647 0.37848999393571864 0.028380392156862746 0.012783505154639174
2 0.5997098039215686 0.4944572468162523 0.025509803921568628 0.15672528805336566
2 0.3149882352941177 0.5295391146149182 0.017568627450980392 0.0863917525773196
2 0.3123607843137255 0.3090782292298363 0.02798823529411765 0.09602183141297757
2 0.3822 0.3007337780473014 0.028435294117647062 0.07505761067313522
2 0.3528352941176471 0.44562158884172226 0.031850980392156863 0.15495451788963008
13 0.3638235294117647 0.6064038811400849 0.04299607843137255 0.0183262583383869
13 0.07511372549019607 0.633844754396604 0.0493921568627451 0.019454214675560945
2 0.8149372549019609 0.24557913887204366 0.08421176470588236 0.023189812007277138
1 0.8811372549019608 0.2689690721649484 0.03451372549019608 0.01747119466343238
1 0.9486078431372549 0.41659187386294727 0.035968627450980395 0.023953911461491815
13 0.7227098039215687 0.4773438447543966 0.048945098039215686 0.013571861734384474
