15 0.154193 0.415589 0.024050 0.025500
15 0.219361 0.159774 0.019042 0.034468
15 0.490742 0.142423 0.019624 0.035815
3 0.286101 0.307544 0.028688 0.013266
0 0.121070 0.544593 0.018066 0.124508
15 0.194124 0.361996 0.019487 0.035815
15 0.106651 0.330101 0.023651 0.026637
15 0.529310 0.329137 0.024050 0.026919
2 0.359769 0.751935 0.266600 0.021548
2 0.323440 0.704315 0.194478 0.021210
2 0.347031 0.655355 0.147136 0.021871
0 0.582456 0.584077 0.013799 0.039653
0 0.536871 0.562331 0.018100 0.079952
0 0.382781 0.567278 0.012487 0.039524
0 0.341112 0.569198 0.012755 0.039524
1 0.520616 0.651625 0.051580 0.015911
1 0.881249 0.631440 0.046149 0.017911
16 0.825371 0.555802 0.133560 0.046056
5 0.533754 0.187105 0.065830 0.021097
5 0.163839 0.132984 0.065978 0.019726
11 0.359381 0.325738 0.016229 0.036089
2 0.236609 0.258677 0.047091 0.015419
2 0.256848 0.216440 0.058226 0.017218
2 0.298694 0.258815 0.027701 0.017903
0 0.080037 0.558298 0.015385 0.089548
15 0.338565 0.306573 0.020211 0.034710
3 0.200357 0.304327 0.029852 0.013508
2 0.354467 0.110012 0.255037 0.020169
2 0.347342 0.178677 0.241266 0.019371
2 0.315000 0.283286 0.038100 0.018508
11 0.172017 0.369419 0.016024 0.054419
