0 0.7 0.299487 0.045161 0.033086
0 0.866935 0.197376 0.047581 0.017684
11 0.204032 0.232173 0.057258 0.167712
1 0.254032 0.463776 0.021774 0.035368
2 0.283871 0.491158 0.025 0.080434
0 0.292742 0.388477 0.040323 0.0251
0 0.462097 0.422133 0.024194 0.033086
0 0.502419 0.438677 0.032258 0.024529
2 0.566935 0.474044 0.057258 0.017114
2 0.608871 0.435254 0.118548 0.015402
15 0.635484 0.472333 0.045968 0.035938
15 0.66129 0.532801 0.035484 0.023388
15 0.709677 0.53166 0.044355 0.028523
15 0.754839 0.480319 0.045161 0.032516
15 0.862903 0.530519 0.047581 0.031945
0 0.925 0.472333 0.020161 0.030804
2 0.896774 0.495151 0.029839 0.055904
2 0.825806 0.475756 0.067742 0.014261
16 0.842742 0.657159 0.164516 0.043925