5 0.4721550741163056 0.2016523101018011 0.07455530216647663 0.01990602975724354
2 0.38110034207525656 0.6115818324197337 0.08921892816419613 0.019436178543461236
2 0.7439224629418472 0.3222083007047768 0.06492018244013684 0.028935003915426784
15 0.23682440136830102 0.31302270947533284 0.01901368301026226 0.02422866092404072
2 0.3807639680729761 0.580015661707126 0.08456100342075257 0.017815191855912293
2 0.40389965792474347 0.1952466718872357 0.0358551881413911 0.019780736100234928
15 0.4371721778791334 0.28556773688332027 0.021750285062713797 0.023610023492560687
0 0.4987799315849487 0.38916992952231794 0.014549600912200684 0.05946750195771339
0 0.3317901938426454 0.3884494909945184 0.01063854047890536 0.05534847298355521
3 0.3459806157354618 0.7900704776820673 0.04377423033067275 0.015191855912294439
0 0.47212086659064995 0.3907517619420517 0.02179019384264538 0.06990602975724354
2 0.3551995438996579 0.4878073610023492 0.04895667046750286 0.01696162881754111
8 0.20912200684150514 0.24069694596711042 0.016003420752565566 0.1096319498825372
3 0.13691562143671607 0.777752545027408 0.03429304446978335 0.024299138606108068
2 0.3304618015963512 0.2730775254502741 0.057907639680729754 0.016570086139389192
2 0.36864310148232615 0.16725920125293658 0.1118472063854048 0.020790916209866877
0 0.20869441277080958 0.3867032106499608 0.019555302166476624 0.05797963978073611
0 0.2293557582668187 0.3884808144087705 0.013255416191562144 0.055912294440093976
1 0.4586088939566704 0.22192638997650743 0.0509806157354618 0.01571652310101801
2 0.3964538198403649 0.8280892717306186 0.07042759407069556 0.026977290524667193
15 0.44302166476624855 0.4191151135473767 0.019555302166476624 0.02187940485512921
2 0.4036773090079817 0.5531245105716524 0.033198403648802735 0.019600626468285046
2 0.2702166476624857 0.38782302270947533 0.01847776510832383 0.0814487079091621
11 0.16720638540478905 0.7478700078308536 0.06342645381984037 0.018418167580266247
5 0.3353477765108324 0.2023884103367267 0.07531356898517673 0.01985121378230227
8 0.27147662485746865 0.2594831636648395 0.016385404789053593 0.11455755677368833
0 0.2477137970353478 0.3873061863743148 0.014618015963511973 0.056820673453406426
2 0.35828392246294183 0.13958496476115897 0.12453249714937287 0.01820673453406421
15 0.3741790193842645 0.28552858261550507 0.018169897377423035 0.024056382145653876
11 0.44256556442417333 0.3350822239624119 0.024224629418472064 0.03516836335160532
2 0.4324800456100342 0.36707126076742363 0.047485746864310154 0.017047768206734534
9 0.3348859749144812 0.8250587314017227 0.05156214367160775 0.01676585747846515
