15 0.517824 0.163234 0.028277 0.035177
15 0.587770 0.233065 0.023206 0.039613
16 0.867079 0.651363 0.167496 0.050274
2 0.299524 0.580673 0.226406 0.023798
2 0.323317 0.547077 0.179846 0.024944
2 0.359082 0.614536 0.343845 0.024540
5 0.104030 0.112089 0.076982 0.022952
5 0.591033 0.110282 0.077924 0.023097
2 0.347650 0.077770 0.320160 0.032605
2 0.260242 0.154569 0.146589 0.026863
2 0.196341 0.209948 0.051848 0.021879
0 0.317222 0.452770 0.016965 0.036863
0 0.130399 0.445391 0.016018 0.053347
0 0.091329 0.458359 0.014478 0.034218
0 0.570941 0.409266 0.018095 0.080919
3 0.473186 0.168613 0.027889 0.017210
3 0.154546 0.178129 0.027336 0.018435
1 0.464489 0.544827 0.034558 0.021540
1 0.921791 0.562552 0.066058 0.025589
11 0.161072 0.258153 0.026469 0.091790
11 0.377282 0.236250 0.033776 0.079065
15 0.155374 0.319649 0.025636 0.039718
15 0.146803 0.274097 0.020736 0.042645
15 0.116127 0.240069 0.022122 0.036460
15 0.176226 0.149319 0.027524 0.039444
15 0.349983 0.210540 0.019418 0.042903
