2 0.27704305674365554 0.25216532258064517 0.13104932991160537 0.01367741935483871
15 0.4503108069575135 0.35326209677419357 0.04266894781864841 0.02031451612903226
2 0.2695038494439692 0.4075967741935484 0.10709723410322212 0.012084677419354838
0 0.4326261762189906 0.4749072580645161 0.01996007984031936 0.1151008064516129
0 0.15523239235814085 0.47295967741935485 0.016370116909039063 0.05810483870967742
2 0.29347875677216995 0.7212822580645161 0.1652894211576846 0.014923387096774193
0 0.4702167094382663 0.47208064516129034 0.017080125463358995 0.09262903225806451
0 0.07082406615340747 0.4733346774193548 0.01576276019389792 0.05595564516129033
11 0.18122611919019102 0.34677016129032256 0.017533504419731966 0.045330645161290324
2 0.3797005988023952 0.6662016129032259 0.03667236954662105 0.014262096774193548
2 0.34984317080125465 0.485 0.04982321072141431 0.01756048387096774
7 0.3477673224978614 0.6521653225806451 0.053347590533219275 0.01664516129032258
15 0.38431708012546334 0.6984677419354839 0.021468491588252068 0.01908064516129032
2 0.33493584260051323 0.4489637096774194 0.027288280581693757 0.01376209677419355
15 0.40461077844311377 0.5223508064516129 0.04510122611919019 0.021903225806451612
15 0.25259481037924153 0.5601290322580644 0.04295694325634446 0.024786290322580645
0 0.1009181636726547 0.4750403225806451 0.016375819788993443 0.09158467741935483
15 0.1375734245794126 0.5710201612903226 0.05319931565440547 0.020447580645161292
0 0.5382378100940975 0.3167540322580645 0.03822355289421158 0.015161290322580645
3 0.4055916737952666 0.3140282258064516 0.04351012261191902 0.026419354838709677
11 0.8007869974337041 0.3917217741935484 0.04983176504134588 0.17179032258064517
12 0.5493641288850869 0.3318588709677419 0.0642087254063302 0.01495967741935484
15 0.29750499001996006 0.544608870967742 0.046418591388651266 0.023314516129032258
2 0.21905047048759624 0.39521370967741937 0.03039064727687482 0.014036290322580646
15 0.270347875677217 0.5215564516129032 0.04295409181636726 0.02277016129032258
15 0.29534930139720555 0.49735887096774195 0.04372398061020816 0.02328225806451613
0 0.23811804961505562 0.4783427419354839 0.011052181351582549 0.06062903225806452
5 0.24985742800114058 0.4753508064516129 0.009709153122326774 0.0638508064516129
5 0.4476988879384089 0.47182258064516125 0.010239520958083831 0.07016129032258064
1 0.40287140005702876 0.4216411290322581 0.03193327630453379 0.013693548387096775
15 0.4004305674365554 0.44314112903225805 0.04289136013686912 0.024483870967741937
1 0.4123239235814086 0.3416532258064516 0.03343028229255774 0.014935483870967742
2 0.22558597091531224 0.2793266129032258 0.020969489592244085 0.018850806451612905
15 0.4204419731964642 0.6013387096774193 0.049170230966638154 0.025491935483870968
15 0.18494154548046765 0.6870080645161291 0.04942400912460793 0.025274193548387097
0 0.5925320786997434 0.6577741935483871 0.03131736526946108 0.018133064516129033
