0 0.5326856623219157 0.5332666666666667 0.08160957866020006 0.02196078431372549
2 0.735722946347378 0.28358823529411764 0.10647165807820552 0.02392156862745098
7 0.6644680206123067 0.17150980392156864 0.10688087299181571 0.014301960784313726
12 0.4142861473173689 0.3574 0.1037587147620491 0.015549019607843136
0 0.13381327675053045 0.34190196078431373 0.036032130948772355 0.025807843137254902
2 0.5865140951803577 0.28575686274509804 0.0931282206729312 0.023929411764705883
0 0.3934252803879964 0.3212745098039216 0.060912397696271596 0.014580392156862744
0 0.474052743255532 0.4486392156862745 0.040312215822976664 0.02368627450980392
1 0.7535283419217944 0.33829803921568624 0.03302515913913307 0.023376470588235294
4 0.47478933010003027 0.467878431372549 0.09035768414671112 0.014827450980392157
0 0.8622643225219764 0.5243843137254902 0.0705304637769021 0.02144705882352941
2 0.6218914822673537 0.25781176470588235 0.08561685359199757 0.013270588235294119
2 0.6765595635040921 0.23194901960784314 0.12072749317975143 0.016952941176470587
10 0.7424613519248258 0.2018235294117647 0.08141861170051531 0.016254901960784315
4 0.8663291906638375 0.5444156862745098 0.09952409821157926 0.014917647058823529
4 0.48053652622006665 0.3638117647058824 0.019360412246135193 0.022647058823529412
15 0.597138526826311 0.3395019607843137 0.015259169445286451 0.024372549019607843
15 0.721354956047287 0.4092078431372549 0.014901485298575325 0.028431372549019607
12 0.8220703243407094 0.690078431372549 0.1050682024856017 0.014019607843137254
