2 0.9013640032284099 0.2821322690992018 0.02108958837772397 0.05644811858608894
2 0.36686844229217114 0.2753192702394527 0.02068603712671509 0.06090649942987457
3 0.571864406779661 0.6053876852907639 0.0466908797417272 0.029127708095781073
2 0.8647296206618241 0.26556442417331816 0.022348668280871672 0.06819840364880274
0 0.5848668280871671 0.08151083238312429 0.04404358353510896 0.01595781071835804
2 0.2944067796610169 0.26849486887115165 0.022970137207425342 0.08315849486887116
2 0.9374737691686844 0.27034207525655646 0.024495560936238902 0.08312428734321552
2 0.26131557707828895 0.25572976054732044 0.021154156577885393 0.10397377423033068
1 0.5138014527845036 0.18122576966932724 0.018627925746569813 0.03893386545039909
2 0.3323325262308313 0.27941847206385406 0.022397094430992737 0.06695553021664766
0 0.5849475383373689 0.41657924743443553 0.06716707021791768 0.02388255416191562
0 0.5843583535108958 0.4437400228050171 0.06140435835351089 0.02039908779931585
15 0.48393866020984666 0.6030159635119726 0.036569814366424536 0.031721778791334095
0 0.5870137207425342 0.1126453819840365 0.033430185633575464 0.016904218928164197
2 0.5681275221953188 0.4974344355758267 0.15778046811945118 0.03266818700114025
15 0.6287167070217918 0.5335518814139111 0.037393058918482644 0.02783922462941847
15 0.6722921711057305 0.34867160775370587 0.03690879741727199 0.03135119726339795
0 0.584818401937046 0.35826111744583805 0.06504439063761099 0.018369441277080956
2 0.3651493139628733 0.2073375142531357 0.019483454398708636 0.05803306727480046
2 0.7763680387409201 0.27555872291904215 0.019620661824051654 0.05006841505131129
2 0.8203309120258273 0.28646522234891675 0.02209039548022599 0.047485746864310154
2 0.7235673930589185 0.3888084378563284 0.0709362389023406 0.01782782212086659
15 0.5241162227602906 0.631060433295325 0.04151735270379338 0.031248574686431017
2 0.7403954802259887 0.3343899657924743 0.07493139628732849 0.017936145952109465
0 0.5875302663438257 0.14010262257696693 0.08819209039548022 0.020102622576966933
3 0.679322033898305 0.6591163055872291 0.04431799838579499 0.03496579247434436
2 0.8207102502017757 0.2595324971493729 0.02261501210653753 0.10733181299885974
2 0.6358353510895883 0.19030216647662487 0.03474576271186441 0.06960091220068415
2 0.5528894269572235 0.24346636259977197 0.021331719128329298 0.06692132269099202
2 0.4592090395480226 0.5735746864310148 0.024051654560129136 0.15518814139110604
2 0.8208555286521388 0.23502280501710376 0.021210653753026637 0.052001140250855185
2 0.6335835351089588 0.28800456100342076 0.025238095238095237 0.12371721778791334
16 0.46694915254237285 0.8542645381984038 0.06768361581920904 0.14042189281641962
