2 0.6928313725490196 0.17382656155245602 0.0843843137254902 0.03589448150394178
15 0.5735372549019607 0.2697574287446937 0.032129411764705886 0.040606428138265614
2 0.6495333333333333 0.22677380230442692 0.08309803921568627 0.03188599151000606
2 0.6410352941176471 0.6763856882959368 0.06426274509803921 0.01821710127349909
2 0.6714 0.7034627046694967 0.12228627450980392 0.040266828380836873
1 0.4650392156862745 0.6856579745300182 0.09354509803921568 0.0440933899332929
15 0.7477019607843137 0.6814372346876896 0.025545098039215685 0.021291691934505762
0 0.5682431372549019 0.41574287446937536 0.11023529411764707 0.04622195269860521
2 0.7057333333333333 0.46539721043056403 0.04800392156862745 0.1343723468768951
2 0.7593294117647059 0.46684657368101884 0.03961176470588235 0.3327531837477259
2 0.8007176470588235 0.4645724681625228 0.04501960784313725 0.36696785930867193
2 0.6228666666666667 0.5370163735597332 0.05187058823529412 0.16843541540327472
