15 0.7968775344687753 0.43445267958950967 0.03708029197080292 0.030131128848346636
15 0.7747850770478507 0.9256328392246294 0.03395782643957826 0.026163055872291903
2 0.8802676399026763 0.6642702394526796 0.0383860502838605 0.4393557582668187
2 0.8263990267639904 0.4908836944127708 0.024525547445255473 0.08643101482326111
15 0.7742416869424169 0.5962998859749146 0.035701540957015415 0.025239452679589512
15 0.5161313868613139 0.5103705815279361 0.033625304136253045 0.025604332953249712
9 0.5517842660178427 0.9236088939566705 0.0424330900243309 0.015153933865450398
15 0.8463584752635847 0.8554161915621438 0.030194647201946468 0.02627708095781072
11 0.5498053527980535 0.060615735461801594 0.13283860502838604 0.047993158494868876
0 0.6135604217356042 0.4011858608893956 0.06835360908353609 0.01758266818700114
15 0.6672668288726683 0.8909007981755986 0.035604217356042175 0.027029646522234888
2 0.8319059205190592 0.6543842645381984 0.025141930251419302 0.2648004561003421
2 0.7859772911597729 0.8721949828962371 0.01967558799675588 0.060769669327251995
15 0.5984833738848337 0.8949885974914481 0.036634225466342256 0.022132269099201823
2 0.8264720194647202 0.828950969213227 0.025223033252230333 0.08233751425313568
0 0.6172506082725061 0.9396237172177878 0.04032441200324412 0.01524515393386545
15 0.509602595296026 0.6194982896237171 0.03263584752635848 0.02629418472063854
2 0.8049148418491484 0.844720638540479 0.018880778588807788 0.052810718358038765
0 0.6136820762368207 0.36508551881413914 0.08384428223844281 0.01580957810718358
2 0.6490429845904299 0.9169270239452679 0.13201135442011355 0.01581527936145952
2 0.555433901054339 0.872981755986317 0.023017031630170316 0.047856328392246295
0 0.5775831305758313 0.6629418472063854 0.03715328467153285 0.015205245153933867
0 0.5701054339010544 0.8086659064994299 0.07052716950527169 0.01672177879133409
15 0.6367315490673155 0.8366590649942988 0.031630170316301706 0.02893386545039909
7 0.8385644768856448 0.41171037628278223 0.018426601784266017 0.03910490307867731
8 0.5227899432278994 0.36748004561003417 0.05583130575831306 0.012001140250855188
15 0.5115571776155717 0.8572633979475485 0.03353609083536091 0.029754846066134547
