16 0.850686 0.630559 0.11703 0.0439
2 0.414851 0.433865 0.03632 0.070696
2 0.357546 0.558723 0.077482 0.021095
15 0.652946 0.513113 0.041162 0.033067
0 0.589992 0.422463 0.065375 0.031357
0 0.270379 0.04675 0.033898 0.019954
0 0.245359 0.13569 0.028249 0.021095
15 0.313156 0.141391 0.046005 0.039339
3 0.686037 0.222349 0.051655 0.026226
2 0.765133 0.255416 0.037934 0.058723
3 0.786925 0.221209 0.046005 0.025086
2 0.843422 0.22748 0.034705 0.057013
2 0.810331 0.198404 0.037127 0.060433
0 0.54318 0.166477 0.054076 0.024515
0 0.541566 0.144242 0.054076 0.019954
0 0.54318 0.123147 0.079096 0.021095