15 0.488754 0.295484 0.033928 0.024623
2 0.544709 0.252725 0.023523 0.067158
0 0.588868 0.380016 0.088216 0.021322
2 0.895123 0.278589 0.021990 0.062741
5 0.670168 0.331800 0.021465 0.045711
6 0.658027 0.238746 0.015450 0.017243
16 0.292959 0.905328 0.058438 0.090512
2 0.590487 0.181465 0.320428 0.016788
0 0.604475 0.415089 0.068985 0.018392
0 0.604709 0.344686 0.087047 0.018432
2 0.837400 0.261562 0.019635 0.029428
2 0.814755 0.261471 0.019373 0.061072
15 0.735171 0.370611 0.035599 0.023503
2 0.396197 0.308829 0.024504 0.085018
