11 0.3457465698143664 0.299230330672748 0.06368845843422115 0.028774230330672747
2 0.28996771589991926 0.424521094640821 0.32827280064568204 0.021334093500570125
0 0.6803874092009685 0.2844127708095781 0.037263922518159805 0.0254903078677309
2 0.5144309927360775 0.620484606613455 0.020613397901533496 0.053557582668187
2 0.12404358353510896 0.3888711516533638 0.06498789346246973 0.01774230330672748
1 0.1683777239709443 0.18229190421892816 0.04447134786117837 0.017844925883694414
2 0.41815980629539956 0.31239452679589513 0.07414043583535108 0.015997719498289622
2 0.7646327683615819 0.6222348916761689 0.018765133171912834 0.05056442417331813
0 0.09158999192897499 0.25435005701254276 0.01963680387409201 0.04221778791334093
2 0.958410008071025 0.25464652223489165 0.02750605326876513 0.23034777651083238
6 0.6990072639225182 0.6863797035347777 0.027691686844229218 0.026630558722919043
2 0.4222760290556901 0.2850741163055872 0.06674737691686844 0.015165336374002282
11 0.5603712671509281 0.6692132269099201 0.054237288135593226 0.04450399087799316
0 0.2524132364810331 0.2825427594070695 0.021105730427764324 0.03562143671607754
0 0.06223567393058919 0.2530216647662486 0.017110573042776432 0.04183580387685291
11 0.1412187247780468 0.32633409350057013 0.04135593220338983 0.02627708095781072
