2 0.8808515815085157 0.5842694063926941 0.021695052716950526 0.0578310502283105
15 0.8546715328467153 0.5433961187214612 0.03477696674776967 0.029743150684931507
15 0.37765612327656123 0.22310502283105021 0.02708840227088402 0.024155251141552512
2 0.43958637469586376 0.31975456621004567 0.08183292781832928 0.018692922374429224
2 0.48307380373073805 0.8424086757990868 0.02338199513381995 0.06736301369863014
2 0.44781832927818327 0.8535159817351597 0.023755068937550687 0.04708904109589041
2 0.656463909164639 0.6082648401826485 0.024176804541768043 0.10031963470319634
2 0.41236009732360096 0.24587899543378994 0.02429034874290349 0.0653595890410959
8 0.49479318734793193 0.49409817351598173 0.059683698296836986 0.015393835616438355
0 0.5674128142741282 0.513675799086758 0.07452554744525547 0.018242009132420092
15 0.38686942416869424 0.891980593607306 0.03491484184914841 0.026740867579908678
2 0.9244282238442821 0.7161358447488585 0.030924574209245746 0.34621004566210045
0 0.570162206001622 0.4931563926940639 0.0643390105433901 0.018515981735159816
2 0.6542984590429846 0.8296974885844749 0.023503649635036497 0.10043949771689498
0 0.5071695052716951 0.6836244292237443 0.04072992700729927 0.014794520547945207
11 0.35501216545012165 0.08932648401826485 0.03819140308191404 0.07431506849315068
8 0.4943146796431468 0.9350627853881278 0.05635847526358475 0.015439497716894977
15 0.42643957826439577 0.20118150684931507 0.02473641524736415 0.023167808219178083
2 0.6559529602595295 0.7165353881278538 0.024063260340632605 0.12084474885844748
15 0.39145985401459854 0.635884703196347 0.03299270072992701 0.027562785388127852
2 0.3259610705596107 0.17737442922374427 0.0237875101378751 0.03608447488584475
2 0.44553122465531225 0.8125570776255707 0.021143552311435523 0.030199771689497716
15 0.47562854825628553 0.09636415525114156 0.03553122465531225 0.026689497716894977
15 0.3149716139497162 0.09833333333333333 0.04180048661800487 0.02328767123287671
15 0.3215977291159773 0.07244292237442923 0.028548256285482566 0.028144977168949772
2 0.4385158150851582 0.11622716894977168 0.09006488240064882 0.029092465753424657
2 0.16240064882400648 0.09999429223744292 0.024160583941605838 0.030605022831050228
2 0.1621573398215734 0.13062785388127854 0.022960259529602595 0.02733447488584475
2 0.1615896188158962 0.16985730593607304 0.021832927818329278 0.04621575342465754
0 0.5284103811841038 0.23284817351598172 0.028637469586374698 0.023744292237442923
0 0.5650770478507705 0.906906392694064 0.07311435523114355 0.016192922374429226
0 0.5630494728304948 0.9351027397260274 0.06566098945660989 0.014178082191780822
15 0.38827250608272507 0.7322659817351599 0.03532035685320357 0.03141552511415525
15 0.8920194647201946 0.8678025114155252 0.037850770478507705 0.02487442922374429
2 0.8412489862124899 0.5681107305936073 0.024963503649635038 0.021472602739726027
2 0.8712408759124087 0.9000171232876711 0.02978913219789132 0.04621575342465754
