0 0.564313 0.405371 0.012874 0.053523
0 0.150905 0.400277 0.013192 0.078352
0 0.170689 0.399478 0.015075 0.095946
0 0.309625 0.384632 0.011116 0.036517
0 0.426588 0.376434 0.010685 0.033620
0 0.543140 0.413960 0.010584 0.034977
0 0.928535 0.244900 0.031927 0.014829
10 0.353434 0.099940 0.042265 0.022948
11 0.473537 0.307705 0.031008 0.018136
8 0.156576 0.670200 0.013563 0.068757
6 0.919506 0.273626 0.013974 0.012885
6 0.787799 0.167084 0.025909 0.012400
8 0.608986 0.215248 0.049702 0.020690
6 0.450844 0.456482 0.012056 0.059430
2 0.394657 0.158469 0.221955 0.015456
0 0.131157 0.417919 0.010077 0.033865
2 0.363110 0.136169 0.285155 0.014584
2 0.436252 0.179316 0.138291 0.013991
2 0.254015 0.158751 0.065861 0.015576
2 0.245381 0.497657 0.050198 0.020468
2 0.346979 0.496274 0.160447 0.017406
2 0.431876 0.495983 0.016352 0.017395
2 0.459724 0.496040 0.046453 0.018204
2 0.487910 0.495730 0.018206 0.017891
2 0.503200 0.495676 0.018356 0.016323
2 0.391268 0.599920 0.010927 0.034116
2 0.436572 0.660180 0.138126 0.017269
