15 0.7394915254237289 0.6379247434435577 0.08185633575464084 0.025370581527936146
0 0.5985068603712671 0.4908494868871152 0.0470863599677159 0.01829532497149373
5 0.8095560936238902 0.060444697833523374 0.02221953188054883 0.06232041049030787
5 0.7575060532687651 0.4643956670467503 0.022590799031476996 0.06404218928164196
2 0.5975302663438257 0.2550684150513113 0.02638418079096045 0.14423603192702394
2 0.687320419693301 0.08815279361459522 0.09082324455205812 0.02112884834663626
2 0.5977804681194512 0.36789623717217784 0.026311541565778855 0.08401368301026227
2 0.8464648910411622 0.2637856328392246 0.03178369652945924 0.28647662485746866
0 0.5871105730427764 0.4517559863169897 0.1342776432606941 0.020119726339794756
15 0.7148910411622276 0.5018415051311289 0.028264729620661826 0.057759407069555305
16 0.4431719128329298 0.8854618015963511 0.03943502824858757 0.14807297605473205
2 0.8010088781275222 0.4312029646522235 0.025238095238095237 0.13429874572405928
2 0.6958272800645682 0.5970410490307868 0.024648910411622274 0.11606613454960092
0 0.58136400322841 0.05040478905359179 0.04168684422921711 0.02409920182440137
3 0.42600484261501215 0.5738996579247434 0.019418886198547213 0.043950969213226915
2 0.5327764326069411 0.5718472063854048 0.18121065375302664 0.02034777651083238
