7 0.221996996996997 0.15991649269311065 0.06914414414414415 0.01908141962421712
2 0.29953453453453455 0.09526096033402923 0.27666666666666667 0.019812108559498956
0 0.45821321321321323 0.4310438413361169 0.01864864864864865 0.07100208768267223
2 0.3913963963963964 0.12379958246346555 0.08142642642642642 0.019373695198329852
0 0.10855855855855856 0.4329436325678497 0.01481981981981982 0.04085594989561587
5 0.5199099099099099 0.28004175365344464 0.01747747747747748 0.091419624217119
2 0.26213213213213216 0.1239874739039666 0.16803303303303302 0.019269311064718162
0 0.4819219219219219 0.4315240083507307 0.016576576576576574 0.0405427974947808
2 0.2649399399399399 0.11649269311064718 0.15774774774774775 0.018747390396659708
2 0.17617117117117118 0.12260960334029226 0.0322972972972973 0.020981210855949898
0 0.12921921921921922 0.43306889352818373 0.014984984984984986 0.04075156576200417
2 0.17987987987987988 0.11617954070981211 0.028153153153153154 0.022609603340292276
15 0.2135735735735736 0.6891858037578288 0.03133633633633634 0.049498956158663884
0 0.123003003003003 0.43450939457202503 0.015945945945945946 0.04137787056367432
11 0.3271021021021021 0.6860542797494781 0.027792792792792793 0.043736951983298536
2 0.39830330330330327 0.11793319415448852 0.0833933933933934 0.01977035490605428
0 0.5031831831831832 0.4337578288100209 0.016501501501501502 0.10603340292275575
