2 0.732565 0.397647 0.080049 0.023529
2 0.717404 0.16549 0.118253 0.019608
3 0.347483 0.355294 0.024864 0.02902
2 0.4245 0.728627 0.036386 0.019608
2 0.388114 0.727843 0.023651 0.019608
2 0.411158 0.706667 0.028502 0.021176
2 0.37174 0.705882 0.032141 0.021961
1 0.338387 0.724706 0.030321 0.023529
2 0.31231 0.764706 0.020012 0.093333
16 0.886598 0.753725 0.064888 0.039216
5 0.834445 0.64 0.074591 0.019608
15 0.675561 0.593725 0.023651 0.033725
2 0.690115 0.462745 0.044876 0.021176
15 0.745907 0.527059 0.020012 0.031373
15 0.782292 0.560784 0.026683 0.029804
5 0.836264 0.409412 0.015767 0.043137
5 0.815039 0.423529 0.015767 0.049412
6 0.815646 0.199216 0.032141 0.019608
15 0.677987 0.240784 0.023044 0.027451
11 0.645846 0.283137 0.035779 0.062745
15 0.674348 0.367059 0.023651 0.038431
5 0.627047 0.393725 0.062462 0.019608
0 0.586416 0.413333 0.015767 0.043922
0 0.564585 0.417255 0.020619 0.054118
0 0.544572 0.417255 0.019406 0.07451