0 0.8385372549019607 0.5050697392359006 0.05830196078431372 0.01752577319587629
0 0.5182588235294118 0.4573559733171619 0.053431372549019605 0.017313523347483324
5 0.838356862745098 0.5259248029108551 0.04725882352941177 0.018496058217101274
12 0.4188666666666666 0.7163068526379625 0.0802 0.018174651303820497
0 0.5572431372549019 0.5318981200727714 0.04025098039215686 0.01504548211036992
0 0.6110352941176471 0.5703456640388114 0.05633333333333333 0.014912067919951486
2 0.6827294117647059 0.684020618556701 0.06418431372549019 0.01275924802910855
0 0.41974117647058823 0.6826561552456034 0.04215294117647059 0.013171619163129169
13 0.426878431372549 0.6980169799878714 0.10049411764705882 0.01602789569436022
15 0.8411725490196078 0.3038993329290479 0.01855686274509804 0.030187992722862343
2 0.6646235294117647 0.6660582171012734 0.052796078431372545 0.011843541540327471
2 0.763121568627451 0.5189326864766526 0.059658823529411764 0.015864160097028502
1 0.8015686274509803 0.4594238932686477 0.037898039215686276 0.01602789569436022
2 0.7018235294117647 0.7028562765312311 0.09871372549019608 0.012268041237113402
1 0.5961921568627451 0.3185627653123105 0.03523921568627451 0.013274711946634325
0 0.8900705882352941 0.41992722862340814 0.027545098039215683 0.018198908429351124
2 0.7055764705882352 0.7206367495451789 0.11413725490196079 0.012352941176470589
2 0.7108588235294118 0.7376652516676774 0.1336078431372549 0.013850818677986659
0 0.3525450980392157 0.7354093389933293 0.03233333333333333 0.012546998180715587
11 0.41384313725490196 0.5075015160703457 0.04409019607843138 0.26127956337174046
11 0.3113529411764706 0.2997453001819284 0.11191372549019607 0.07878714372346876
0 0.10573333333333333 0.48798059429957547 0.029337254901960784 0.021352334748332324
