6 0.697581 0.642898 0.032258 0.014832
6 0.682258 0.632059 0.029839 0.014832
3 0.340323 0.177981 0.041935 0.023388
15 0.358871 0.206503 0.048387 0.030804
2 0.262903 0.191101 0.020968 0.071306
2 0.234677 0.174558 0.024194 0.100399
2 0.291129 0.111808 0.026613 0.034797
0 0.487097 0.095265 0.042742 0.014832
0 0.491935 0.072447 0.05 0.014261
7 0.767742 0.185967 0.123387 0.023959
15 0.641935 0.175699 0.043548 0.035368
15 0.429839 0.191101 0.054032 0.030234
8 0.490323 0.267541 0.107258 0.020536
0 0.485484 0.248716 0.06371 0.014832
0 0.487097 0.29093 0.066935 0.014261
0 0.778226 0.427838 0.046774 0.014261
0 0.892742 0.440958 0.043548 0.015402
0 0.881452 0.398175 0.041935 0.014261
0 0.766935 0.387336 0.039516 0.014261
11 0.616129 0.466629 0.06129 0.066743
16 0.199194 0.647461 0.160484 0.057045