2 0.170029 0.606242 0.073888 0.020429
3 0.266091 0.717457 0.012454 0.017890
3 0.268354 0.688201 0.013652 0.019744
3 0.233501 0.616498 0.013917 0.022877
3 0.106971 0.596132 0.011534 0.021324
3 0.224029 0.754160 0.014584 0.023315
3 0.216737 0.774703 0.013864 0.019251
3 0.277407 0.787311 0.013198 0.021543
3 0.269658 0.804082 0.015493 0.022210
3 0.334333 0.743799 0.012655 0.019890
3 0.316298 0.675799 0.021516 0.033315
5 0.515634 0.743279 0.058537 0.028785
3 0.079410 0.866900 0.023552 0.034219
3 0.095133 0.731457 0.013487 0.020648
2 0.161752 0.581968 0.090100 0.020429
3 0.233357 0.736210 0.013864 0.023689
2 0.115661 0.960845 0.024218 0.020027
11 0.074897 0.644959 0.033333 0.081333
11 0.527224 0.667438 0.026779 0.104776
11 0.415732 0.237224 0.030496 0.090959
0 0.332870 0.784388 0.038425 0.039973
0 0.375224 0.783749 0.026861 0.034219
0 0.307581 0.655813 0.022667 0.028210
0 0.499950 0.295753 0.016029 0.115251
0 0.392605 0.297475 0.014460 0.111352
0 0.354009 0.743927 0.022956 0.025534
2 0.465074 0.639274 0.015198 0.057525
2 0.476239 0.616744 0.017386 0.048174
2 0.414280 0.657831 0.016112 0.058932
2 0.408935 0.688146 0.025445 0.060347
2 0.383817 0.642753 0.025168 0.095132
2 0.492239 0.689763 0.017386 0.060347
1 0.156799 0.094137 0.031404 0.039653
