7 0.23199113260781945 0.6503135689851768 0.05557033454252318 0.019384264538198404
2 0.2577428456267634 0.4592816419612315 0.03491334139459895 0.015228050171037628
2 0.4065457476823861 0.1785290763968073 0.04633212414349053 0.015946408209806157
2 0.22226924627166467 0.45867730900798176 0.0341193067311568 0.014908779931584949
2 0.25521966948810965 0.20877423033067274 0.11574768238613463 0.01525085518814139
8 0.14338976219266425 0.7072234891676169 0.015868601370415153 0.068654503990878
2 0.5125392986698911 0.1781812998859749 0.1654776299879081 0.015826681870011402
2 0.41765820233776707 0.4594526795895097 0.2813502619911326 0.01651083238312429
2 0.5701531640467553 0.460096921322691 0.0381136638452237 0.015855188141391106
2 0.2937323659814591 0.17876852907639681 0.17774687625957275 0.016904218928164197
0 0.157347843611447 0.4115735461801596 0.01336154776299879 0.08181299885974914
8 0.6476178960096736 0.1894526795895097 0.015933091495364773 0.06854047890535918
0 0.13555018137847644 0.41555872291904217 0.013083434099153567 0.06208095781071836
0 0.11685610640870617 0.4273489167616876 0.013752519145505843 0.03781641961231471
0 0.42022974607013297 0.3717559863169897 0.014719871019750102 0.036841505131128854
0 0.6210721483272874 0.4117958950969213 0.015981459089076985 0.08189851767388825
0 0.6398226521563886 0.4208095781071836 0.01664248286981056 0.05293614595210946
2 0.4517694478033051 0.2105359179019384 0.27432083837162435 0.01918472063854048
2 0.39405481660620717 0.14732041049030786 0.3801047964530431 0.014498289623717218
3 0.25276501410721486 0.5993101482326112 0.019858927851672713 0.03855188141391106
6 0.8570858524788391 0.12212086659064994 0.0282950423216445 0.01782212086659065
