13 0.20203318335208098 0.6652985369711348 0.06971597300337458 0.02929221035982602
0 0.7016929133858267 0.5536536180308422 0.019842519685039372 0.0878212732305259
0 0.7287429696287964 0.552846975088968 0.023340832395950507 0.09139976275207592
3 0.6341732283464566 0.4684539343614077 0.03305680539932508 0.014041122973507314
11 0.8957761529808774 0.2638908659549229 0.018577052868391453 0.044891261368129695
2 0.6094994375703038 0.7293712930011862 0.05376265466816648 0.012380387504942664
0 0.6722497187851518 0.55355871886121 0.020781777277840273 0.08840648477659155
2 0.6234758155230596 0.3926018189007513 0.0417379077615298 0.015484381178331355
2 0.5715607424071991 0.3565638592328984 0.06435320584926885 0.014661921708185052
2 0.5638638920134983 0.4173744563068406 0.03131889763779528 0.012447607750098854
2 0.5729752530933633 0.3936694345591143 0.05454443194600675 0.015504151838671413
2 0.5283127109111361 0.7063542902332938 0.04545275590551181 0.015251087386318703
5 0.7704190101237346 0.6774693554764729 0.050756467941507316 0.015749308026888096
2 0.6547356580427446 0.12165678133649664 0.01404949381327334 0.04512060102807434
2 0.5809673790776153 0.5856109134045077 0.034895950506186726 0.011779359430604982
2 0.5368757030371204 0.7313483590351918 0.05330146231721035 0.015219454329774616
6 0.5156130483689538 0.5063345195729537 0.013442069741282339 0.05212336892052194
3 0.5238667041619797 0.431791221826809 0.033714848143982006 0.02438513246342428
2 0.5535067491563554 0.535005931198102 0.018194600674915636 0.07138790035587188
0 0.7625337457817774 0.5526809015421115 0.02208661417322835 0.08459865559509687
2 0.5242575928008999 0.3890114669829972 0.04248031496062992 0.015041518386714116
0 0.5200506186726659 0.5100988533017002 0.012772778402699664 0.051119019375247134
2 0.8963442069741283 0.21826809015421114 0.07701912260967379 0.018647686832740214
7 0.7101181102362204 0.6792210359826019 0.04534308211473566 0.01564650059311981
7 0.6369938132733408 0.674626334519573 0.06692913385826772 0.012767892447607749
11 0.6153346456692914 0.5505021747726374 0.01861361079865017 0.042740213523131676
2 0.5390916760404949 0.7027481217872676 0.06255624296962879 0.01664689600632661
6 0.5157367829021372 0.6006287069988138 0.012702474690663667 0.048295769078687226
3 0.73855455568054 0.22004349545274812 0.025506186726659167 0.01277184657967576
2 0.5680258717660293 0.6029853697113484 0.06777840269966255 0.011466982997232108
2 0.8993503937007874 0.4297073942269672 0.07279527559055118 0.020842230130486358
14 0.14337739032620922 0.5345670225385528 0.04541338582677166 0.013534994068801896
14 0.14510686164229472 0.5675444839857651 0.04710911136107987 0.016093317516805063
2 0.18313273340832398 0.5859944642151048 0.013675478065241846 0.09909845788849347
2 0.20145669291338583 0.5833570581257413 0.01636389201349831 0.09712139185448794
2 0.20253937007874015 0.5069039145907474 0.02262935883014623 0.08993673388691181
11 0.32930539932508435 0.5349308026888098 0.022325646794150732 0.03771846579675761
0 0.20379077615298086 0.4165164096480822 0.047429696287964 0.018465796757611706
0 0.19696569178852644 0.382495057334915 0.045033745781777275 0.017149070778964017
2 0.26960629921259843 0.3749268485567418 0.06018560179977503 0.02402530644523527
2 0.32896512935883016 0.3756148675365757 0.05807367829021372 0.01990114669829972
