2 0.554479 0.893957 0.472962 0.022805
2 0.880549 0.693273 0.020178 0.075257
2 0.273608 0.241163 0.021792 0.059863
2 0.245359 0.240023 0.022599 0.064424
2 0.223567 0.298176 0.024213 0.066705
2 0.199354 0.246864 0.022599 0.108894
0 0.552058 0.388826 0.081517 0.016534
0 0.554479 0.369441 0.070218 0.014823
0 0.552865 0.335234 0.112994 0.029647
0 0.558515 0.209806 0.129136 0.015393
0 0.548023 0.190992 0.051655 0.014253
0 0.551251 0.170468 0.068604 0.015964
0 0.553672 0.152223 0.052462 0.015393
0 0.557708 0.131129 0.062147 0.015393