0 0.677717 0.307609 0.039242 0.017595
15 0.585000 0.400426 0.016408 0.029317
0 0.596460 0.322272 0.030114 0.016877
0 0.674712 0.281122 0.033084 0.027817
0 0.674507 0.252981 0.033495 0.028465
0 0.680507 0.228869 0.046648 0.019512
0 0.592454 0.239441 0.037725 0.029547
0 0.357970 0.308793 0.036990 0.031979
0 0.271189 0.330355 0.030998 0.028252
0 0.211930 0.271340 0.034111 0.028465
0 0.194769 0.244476 0.021579 0.018234
0 0.290160 0.133221 0.036990 0.019343
1 0.103985 0.537520 0.039863 0.019512
0 0.772052 0.481145 0.030992 0.029583
8 0.280026 0.353141 0.048158 0.022023
15 0.342905 0.400723 0.016163 0.031278
15 0.278227 0.423039 0.017343 0.030231
8 0.078096 0.715843 0.048803 0.022209
7 0.341839 0.760217 0.045239 0.023097
15 0.661192 0.630874 0.038529 0.034650
2 0.685316 0.405089 0.055832 0.013017
8 0.766274 0.598869 0.049664 0.023984
8 0.781716 0.506535 0.049350 0.023132
2 0.352332 0.620466 0.062657 0.017471
2 0.584051 0.685186 0.059857 0.014277
2 0.629604 0.685018 0.030804 0.012573
2 0.580120 0.605679 0.038324 0.015350
2 0.594036 0.629197 0.021619 0.016335
8 0.597625 0.264348 0.045365 0.018651
2 0.437905 0.685878 0.232548 0.019388
2 0.234587 0.745169 0.171454 0.017950
2 0.246648 0.683350 0.146283 0.015093
2 0.178540 0.660856 0.029966 0.012591
2 0.256899 0.619082 0.127092 0.011846
2 0.425137 0.057427 0.058734 0.013860
2 0.922916 0.391282 0.059595 0.028243
11 0.483922 0.116673 0.020547 0.044508
11 0.238158 0.535408 0.016522 0.069077
11 0.658994 0.339876 0.015821 0.019503
3 0.674199 0.582924 0.019230 0.015732
1 0.763082 0.407298 0.041271 0.016264
3 0.663264 0.362258 0.018489 0.019991
3 0.532206 0.575084 0.029590 0.021136
3 0.194031 0.419286 0.017263 0.017595
2 0.852195 0.516912 0.032018 0.060497
2 0.430918 0.811278 0.567241 0.019485
0 0.756927 0.574281 0.031254 0.027320
0 0.495177 0.383917 0.028974 0.020470
3 0.212030 0.583864 0.018700 0.019831
3 0.262580 0.555878 0.024042 0.020151
3 0.377551 0.575164 0.024863 0.016628
