2 0.842722 0.421483 0.028235 0.310255
2 0.750459 0.226904 0.048541 0.068629
3 0.582416 0.451695 0.027718 0.038696
7 0.905600 0.317962 0.030275 0.102086
2 0.805729 0.291328 0.028055 0.099539
2 0.796996 0.550992 0.029286 0.124724
2 0.392647 0.587168 0.029780 0.110018
15 0.730443 0.102635 0.055992 0.054803
0 0.416314 0.801995 0.145929 0.045591
0 0.492733 0.850261 0.150392 0.024560
15 0.752169 0.501804 0.059976 0.035446
0 0.438808 0.071725 0.140220 0.019509
15 0.740965 0.904157 0.053773 0.051965
0 0.401620 0.114615 0.147663 0.040934
0 0.354012 0.157981 0.116635 0.020473
15 0.766914 0.329818 0.060761 0.032941
15 0.535592 0.194054 0.044675 0.043814
15 0.803706 0.077074 0.081012 0.057107
