2 0.7913329583802025 0.36437327006722026 0.022457817772778402 0.08816528272044286
11 0.5171625421822272 0.3228430209569 0.02691226096737908 0.055243179122182684
2 0.4704161979752531 0.08520363780150257 0.2204386951631046 0.02036773428232503
3 0.30134139482564676 0.7644918940292607 0.03659167604049494 0.042613681296955315
5 0.28638076490438696 0.6356662712534599 0.05041057367829021 0.015085013839462237
0 0.4696175478065242 0.5931316725978648 0.05608548931383577 0.014167655199683668
7 0.6881383577052869 0.6772676947410043 0.049623172103487066 0.014068801897983391
2 0.2947581552305962 0.3516725978647687 0.014417885264341958 0.07818505338078291
0 0.4688273340832396 0.6190786872281534 0.0588413948256468 0.028647686832740216
2 0.9133155230596175 0.6206049822064057 0.027848706411698537 0.08364966389877422
2 0.6917800899887514 0.7634480031633056 0.02279527559055118 0.08412811387900355
15 0.3839763779527559 0.677500988533017 0.017758717660292463 0.01674179517595888
0 0.4702896512935883 0.6535863977856861 0.060070303712036 0.02872676947410044
16 0.10879640044994375 0.812115460656386 0.08681946006749157 0.14938315539739028
2 0.8544853768278966 0.7310241202056149 0.06877671541057367 0.025508105970739426
7 0.6271512935883015 0.7649505733491498 0.047429696287964 0.01443653618030842
2 0.7219656917885264 0.6864847765915381 0.013664229471316087 0.12286674574930803
2 0.8040944881889764 0.6836931593515223 0.050416197975253096 0.018465796757611706
11 0.89964848143982 0.6807789640173982 0.028211473565804272 0.04926848556741795
3 0.8523734533183353 0.553910636615263 0.048194600674915634 0.07091340450771055
2 0.6306580427446569 0.6765085013839462 0.021372328458942633 0.09266903914590748
2 0.2763751406074241 0.36342823250296563 0.02120641169853768 0.10245551601423489
2 0.2050843644544432 0.29044681692368524 0.0906636670416198 0.01826809015421115
2 0.19854049493813272 0.24887307236061684 0.07534308211473566 0.022234084618426256
2 0.3305399325084365 0.07684460260972717 0.05958098987626547 0.03436536180308422
2 0.6127980877390327 0.07952550415183868 0.06395950506186726 0.03329379201265322
14 0.6633408323959505 0.3228983788058521 0.04805399325084364 0.015385527876631078
14 0.6557649043869517 0.4058877026492685 0.04933914510686164 0.01703835508105971
2 0.40128796400449945 0.371795175958877 0.015452755905511812 0.11630288651640965
0 0.9107705286839145 0.4113918544879399 0.06141451068616423 0.027402135231316724
