6 0.584141 0.277419 0.024529 0.012903
0 0.735311 0.351613 0.021107 0.022581
16 0.824301 0.76371 0.119795 0.031452
3 0.557901 0.707258 0.016543 0.024194
15 0.528808 0.789516 0.011979 0.024194
15 0.543069 0.801613 0.015973 0.026613
2 0.517969 0.816935 0.066172 0.012097
3 0.53223 0.762097 0.014832 0.025
15 0.49401 0.733871 0.017114 0.018548
2 0.48146 0.76371 0.01255 0.082258
2 0.390188 0.829839 0.058186 0.024194
2 0.335425 0.844355 0.078152 0.01371
15 0.347404 0.751613 0.017684 0.016129
15 0.355391 0.733871 0.018254 0.016129
2 0.394752 0.741935 0.008557 0.035484
3 0.398175 0.697581 0.019966 0.015323
0 0.130063 0.378226 0.009698 0.025806
0 0.148317 0.378226 0.008557 0.025806
2 0.20308 0.429839 0.067313 0.012903
2 0.22761 0.406452 0.034797 0.012097
2 0.192242 0.354032 0.045636 0.012097
5 0.134056 0.117742 0.033086 0.012903
15 0.163149 0.132258 0.014261 0.026613
2 0.185967 0.170968 0.027952 0.012097
2 0.181974 0.147581 0.056475 0.012903
2 0.249287 0.126613 0.162578 0.014516
2 0.274957 0.105645 0.210496 0.015323
15 0.335425 0.142742 0.014261 0.026613
5 0.359954 0.159677 0.034797 0.016129
5 0.464917 0.162903 0.034227 0.012097
15 0.460924 0.198387 0.018254 0.019355
2 0.358813 0.503226 0.031375 0.01371
2 0.368511 0.476613 0.017114 0.012097
2 0.353679 0.255645 0.047347 0.016935
15 0.387906 0.304032 0.016543 0.016935
0 0.463776 0.377419 0.009698 0.043548
0 0.447233 0.377419 0.008557 0.027419
0 0.429549 0.378226 0.009127 0.027419
0 0.414147 0.376613 0.008557 0.025806
0 0.395893 0.385484 0.008557 0.022581