15 0.49499545316762655 0.448756862745098 0.019472567444680206 0.023866666666666668
12 0.3360472870566838 0.2266078431372549 0.09630190966959684 0.01224313725490196
0 0.9117762958472264 0.34498039215686277 0.06679296756592906 0.021972549019607844
2 0.6248226735374356 0.5938941176470588 0.043816307972112764 0.021462745098039214
2 0.7410639587753864 0.2147529411764706 0.10045468323734465 0.021129411764705883
2 0.6965383449530161 0.13943921568627451 0.18886026068505607 0.02364705882352941
0 0.4253016065474386 0.45674117647058826 0.04061230675962413 0.022894117647058825
15 0.6361776295847227 0.5587411764705882 0.02046983934525614 0.025615686274509802
15 0.28639284631706574 0.7014980392156862 0.023094877235525918 0.025372549019607844
15 0.6292179448317672 0.23364313725490193 0.02151864201273113 0.026227450980392156
15 0.6993725371324644 0.5618352941176471 0.023140345559260384 0.025415686274509804
7 0.6456683843588966 0.6768980392156863 0.08444983328281298 0.018176470588235294
15 0.24366777811458018 0.7249333333333333 0.022806911185207637 0.022215686274509802
15 0.5960139436192786 0.5602313725490196 0.023397999393755683 0.027505882352941175
2 0.6382176417096089 0.17789803921568628 0.07549560472870567 0.02399607843137255
15 0.8049499848438921 0.4112196078431372 0.021670203091846012 0.022831372549019607
2 0.5876235222794786 0.21367843137254902 0.0636314034555926 0.021580392156862745
10 0.6870142467414369 0.655878431372549 0.0805183388905729 0.015392156862745098
15 0.5753804183085783 0.4469019607843137 0.020682024856016976 0.021462745098039214
15 0.705886632312822 0.2475176470588235 0.018890572900879053 0.025270588235294118
0 0.548920885116702 0.40158039215686275 0.0370112155198545 0.0207921568627451
15 0.9101182176417096 0.2778470588235294 0.02195816914216429 0.0243921568627451
15 0.5152531070021218 0.7097882352941176 0.02392240072749318 0.026701960784313725
1 0.554704455895726 0.30936470588235293 0.03832373446498939 0.026047058823529413
2 0.6898696574719613 0.593870588235294 0.08645347074871172 0.022490196078431373
15 0.43240982115792664 0.7297098039215686 0.0205213701121552 0.020513725490196078
2 0.46489239163382845 0.7948235294117647 0.10906335253107002 0.017705882352941175
4 0.37448317672021825 0.35802352941176474 0.09417702334040619 0.01368235294117647
0 0.3735101545923007 0.3376823529411765 0.04288572294634738 0.02347450980392157
0 0.47647772052137016 0.35705882352941176 0.0692270384965141 0.02511372549019608
4 0.47705062140042437 0.378478431372549 0.08643831464080025 0.013760784313725492
4 0.5493391936950591 0.4215372549019608 0.09331312518945134 0.013772549019607842
7 0.7303910275841163 0.6182117647058823 0.08418308578357078 0.013701960784313724
4 0.8777417399211883 0.5532235294117647 0.08570475901788421 0.012529411764705883
0 0.8663049408911792 0.532721568627451 0.06615944225522885 0.02376470588235294
7 0.8764625644134586 0.5679803921568627 0.08264019399818126 0.014101960784313725
0 0.8575234919672627 0.40075686274509803 0.03517732646256441 0.025172549019607842
4 0.9116671718702638 0.365 0.0853197938769324 0.014
1 0.8357350712337073 0.3557098039215686 0.03696574719612004 0.025176470588235297
1 0.7550772961503486 0.27278823529411766 0.03729918157017278 0.025650980392156863
3 0.7598605638072143 0.31779999999999997 0.02897241588360109 0.02292549019607843
3 0.8277720521370112 0.3125921568627451 0.03062140042437102 0.02407843137254902
0 0.6410609275538042 0.35901176470588236 0.03863898150954835 0.025168627450980394
15 0.6815337981206426 0.40811764705882353 0.020551682327978174 0.024192156862745097
15 0.6637253713246438 0.20776470588235293 0.021973325250075778 0.028545098039215688
2 0.7216823279781752 0.17617254901960785 0.06667171870263716 0.022274509803921566
15 0.46481054865110644 0.7317529411764706 0.019524098211579265 0.02799607843137255
0 0.5341436799030009 0.634235294117647 0.07407396180660807 0.024141176470588235
4 0.5343437405274325 0.654713725490196 0.08640800242497727 0.014364705882352943
3 0.4369324037587148 0.6314392156862746 0.03254319490754774 0.02443529411764706
3 0.36216732343134284 0.7635960784313726 0.032500757805395575 0.025501960784313726
15 0.3226856623219157 0.770278431372549 0.01719612003637466 0.03004313725490196
2 0.27184298272203694 0.8021254901960785 0.11842376477720522 0.02167058823529412
4 0.21839345256138223 0.6845960784313726 0.08591694452864504 0.013458823529411764
0 0.21684146711124583 0.6643686274509805 0.07293119127008184 0.02303921568627451
12 0.10394968172173386 0.6613019607843137 0.09661715671415581 0.013733333333333335
13 0.08324037587147622 0.5992000000000001 0.0588269172476508 0.02108235294117647
2 0.4773567747802364 0.7682588235294118 0.10545923006971811 0.023450980392156862
12 0.27924522582600786 0.1090156862745098 0.09535313731433767 0.013427450980392157
0 0.24680812367384056 0.04701176470588235 0.035022734161867235 0.023992156862745098
13 0.3168929978781449 0.16512941176470589 0.05855410730524401 0.021784313725490195
