0 0.130092 0.628436 0.021910 0.011846
0 0.336177 0.627642 0.026218 0.022025
0 0.301159 0.628289 0.025859 0.022580
0 0.270750 0.628012 0.027535 0.022025
15 0.115570 0.733671 0.016551 0.026117
15 0.201206 0.276382 0.015204 0.025726
0 0.911345 0.655050 0.026220 0.022764
0 0.598654 0.519645 0.025284 0.012216
0 0.078852 0.628436 0.025978 0.011846
11 0.191154 0.245779 0.014688 0.042216
10 0.092640 0.194066 0.044892 0.018869
14 0.329013 0.382436 0.037755 0.019724
11 0.126501 0.508339 0.012571 0.035720
11 0.288802 0.753086 0.021263 0.049524
12 0.559575 0.441655 0.072751 0.020255
13 0.552352 0.414795 0.037927 0.014435
11 0.887112 0.545902 0.012969 0.032543
0 0.106925 0.627789 0.025620 0.022022
2 0.843188 0.514089 0.035737 0.011616
15 0.414519 0.213419 0.019425 0.033725
2 0.316822 0.242651 0.040318 0.016432
2 0.281726 0.242651 0.033171 0.016432
2 0.226620 0.243218 0.022357 0.024647
2 0.189436 0.332572 0.097312 0.021531
2 0.227806 0.355167 0.174388 0.012855
2 0.147304 0.283872 0.070188 0.022101
2 0.147121 0.316453 0.071288 0.024365
2 0.156125 0.553116 0.022908 0.012276
2 0.236266 0.780705 0.023225 0.013443
0 0.557396 0.401253 0.024690 0.013183
3 0.183906 0.713095 0.022227 0.012731
