2 0.117870 0.433597 0.026151 0.099144
2 0.060329 0.344746 0.021661 0.278467
2 0.104638 0.344534 0.046382 0.085390
2 0.359383 0.230388 0.028109 0.086397
2 0.318409 0.561871 0.165222 0.043441
2 0.341809 0.611385 0.101974 0.008924
2 0.119762 0.714043 0.047632 0.082730
2 0.332467 0.878149 0.053947 0.044234
2 0.314178 0.908872 0.105263 0.010549
2 0.751242 0.759858 0.148421 0.015992
2 0.648787 0.763982 0.050798 0.012082
3 0.717385 0.815651 0.021053 0.020914
0 0.301723 0.160252 0.051160 0.049526
0 0.145123 0.850891 0.026579 0.032944
0 0.316501 0.123268 0.027854 0.028224
0 0.285419 0.344592 0.043684 0.044234
6 0.489930 0.858511 0.022738 0.021544
2 0.612866 0.849228 0.022738 0.071515
