2 0.8391795288383428 0.7897662485746865 0.025150284321689684 0.10145952109464082
2 0.47437855402112106 0.25888825541619154 0.08586515028432169 0.020467502850627137
2 0.8956214459788789 0.6425655644241733 0.03439480097481722 0.40771379703534777
15 0.853842404549147 0.4280843785632839 0.040032493907392365 0.031750285062713796
0 0.6157920389926889 0.3813169897377423 0.043038180341186026 0.015604332953249716
15 0.4292526401299756 0.1419897377423033 0.03530463038180341 0.030530216647662485
2 0.8358001624695369 0.6392930444697833 0.026571892770105607 0.19737742303306727
15 0.7756376929325751 0.4103990877993159 0.03844029244516653 0.03192132269099202
2 0.829195775792039 0.4883067274800456 0.023509341998375306 0.0987400228050171
0 0.5830463038180341 0.6005530216647662 0.03868399675060926 0.014686431014823262
15 0.3725264012997563 0.15835233751425312 0.03272948822095857 0.02884834663625998
2 0.9254914703493095 0.9043728620296465 0.020966693744922826 0.0475484606613455
15 0.5132656376929327 0.6439566704675028 0.03842404549147035 0.026550741163055874
0 0.6574898456539399 0.5015507411630559 0.069285134037368 0.01598631698973774
0 0.6014053614947198 0.8999486887115166 0.06391551584077985 0.01581527936145952
2 0.4051502843216897 0.18181299885974914 0.023533712428919575 0.08328392246294185
15 0.5151746547522339 0.5278620296465223 0.038570268074735986 0.02726339794754846
8 0.5279691307879772 0.9363854047890536 0.05574329813160033 0.015541619156214367
15 0.7803168155970756 0.620188141391106 0.03719740048740861 0.027673888255416192
2 0.43396425670186844 0.07626567844925884 0.08636068237205524 0.036163055872291905
15 0.5198943948009749 0.8906157354618016 0.03447603574329813 0.02835803876852908
2 0.5432818846466287 0.8006499429874572 0.02272948822095857 0.08522805017103763
2 0.543038180341186 0.7726111744583809 0.020714865962632008 0.026157354618015966
2 0.525718927701056 0.4425769669327252 0.02156783103168156 0.06905929304446978
0 0.6251421608448415 0.9318015963511973 0.08493907392363932 0.016106043329532495
15 0.5010641754670999 0.06578107183580388 0.04156783103168156 0.02690992018244014
0 0.5574248578391552 0.1708722919042189 0.022420796100731114 0.026237172177879135
15 0.7974654752233956 0.8275655644241733 0.041657189277010565 0.023004561003420753
11 0.8787002437043054 0.9286602052451539 0.06516653127538587 0.02501140250855188
11 0.8008610885458977 0.4527023945267959 0.02505280259951259 0.02773660205245154
