2 0.630487 0.541084 0.041670 0.012801
2 0.710878 0.540234 0.090753 0.012648
2 0.723626 0.265893 0.067537 0.031649
1 0.815043 0.169690 0.064396 0.013140
15 0.852369 0.194285 0.031100 0.019766
1 0.743187 0.302179 0.046465 0.014498
6 0.706052 0.183835 0.023997 0.012209
2 0.683101 0.146483 0.147651 0.012217
2 0.588797 0.169788 0.047127 0.012031
1 0.550314 0.466590 0.065884 0.014962
5 0.817449 0.475548 0.103928 0.020915
16 0.799883 0.697576 0.179139 0.044672
15 0.579775 0.247983 0.030724 0.021463
15 0.776899 0.232803 0.029818 0.020052
0 0.822346 0.334966 0.061784 0.030721
0 0.884036 0.285002 0.071494 0.029996
0 0.556129 0.301622 0.075713 0.027316
2 0.313503 0.458940 0.284989 0.013116
