2 0.15460483870967742 0.30491728465487733 0.09573387096774193 0.027518539646320596
2 0.12671774193548388 0.5209925841414718 0.02075806451612903 0.08555048488305761
8 0.665016129032258 0.3982601254991443 0.018919354838709677 0.05813462635482031
0 0.24714516129032257 0.9331831146605818 0.03914516129032258 0.03443810610382202
2 0.6833064516129032 0.6986366229321164 0.034983870967741935 0.33132915002852253
2 0.7407419354838709 0.10227609811751283 0.020588709677419357 0.05122076440387907
0 0.4804919354838709 0.9167484312606959 0.017048387096774194 0.03809469480889903
2 0.49455645161290324 0.6322475755847119 0.01935483870967742 0.1664004563605248
3 0.8662177419354838 0.47464346833998855 0.023169354838709678 0.02739874500855676
2 0.3390887096774194 0.655909868796349 0.028903225806451615 0.16584141471762695
2 0.34382258064516125 0.5264803194523674 0.026112903225806453 0.0951968054763263
0 0.3197741935483871 0.4309811751283514 0.03591935483870968 0.0467313177410154
0 0.5273870967741936 0.39573302909298347 0.034766129032258064 0.0416029663434113
3 0.7598467741935484 0.5263491158014832 0.030258064516129033 0.03831717056474615
2 0.7203225806451613 0.6721106674272675 0.029685483870967744 0.3863890473474045
3 0.8469435483870968 0.6519851682829436 0.022629032258064515 0.03746149458071877
2 0.8353145161290322 0.5836794067313178 0.07168548387096774 0.02527096406160867
3 0.8469435483870968 0.3602966343411295 0.024588709677419354 0.03750142612664004
6 0.6586612903225807 0.3189332572732459 0.026153225806451613 0.04224757558471192
0 0.6365887096774193 0.033976041072447234 0.03697580645161291 0.04346833998859099
0 0.2959516129032258 0.9641756988020537 0.04332258064516129 0.04919566457501426
2 0.25517741935483873 0.8903137478608101 0.019814516129032258 0.05172846548773531
2 0.25753225806451613 0.8258984597832287 0.030411290322580647 0.07389617798060467
