15 0.7852720677146312 0.21024515393386545 0.026086255542120112 0.02852337514253136
2 0.6911688835147118 0.16112884834663627 0.30328496573962116 0.02266818700114025
15 0.5314550584441757 0.2751311288483466 0.024240225715437325 0.03169897377423033
0 0.4890971382507054 0.3495952109464082 0.015090689238210398 0.036106043329532496
16 0.9421563885530028 0.7348232611174459 0.07285368802902055 0.04618586088939567
1 0.8293309149536477 0.41812998859749145 0.05490528012898025 0.01839224629418472
15 0.8564611043933898 0.2727023945267959 0.024727932285368803 0.03513683010262258
2 0.5437928254735994 0.5000228050171037 0.05105602579604998 0.01860319270239453
2 0.5532325675130996 0.18908779931584951 0.028335348649738006 0.018985176738882552
15 0.5895808141878275 0.2559863169897377 0.0273559048770657 0.026961231470923604
0 0.6880330511890367 0.3475598631698974 0.019447803305118902 0.05681299885974915
2 0.6916162837565498 0.4982953249714937 0.1139056831922612 0.01750285062713797
2 0.8443490528012898 0.18966362599771952 0.04619508262797259 0.017884834663625997
2 0.7954453849254333 0.4989338654503991 0.09384925433293027 0.0190478905359179
0 0.5093752519145506 0.3488369441277081 0.015493752519145506 0.05259977194982896
1 0.5555300282144296 0.4172177879133409 0.05587263200322451 0.016961231470923602
0 0.8715638855300282 0.3499486887115165 0.015808141878274888 0.0758950969213227
2 0.831515517936316 0.2963911060433295 0.05314389359129383 0.015347776510832384
8 0.8868802902055622 0.3507753705815279 0.016090286174929466 0.07594070695553021
11 0.869036678758565 0.2211060433295325 0.020024183796856106 0.04639680729760547
5 0.4762676340185409 0.16728620296465224 0.051660620717452636 0.02203534777651083
9 0.38359129383313184 0.2857867730900798 0.015602579604997986 0.05753705815279361
15 0.3444256348246675 0.3592588369441277 0.019105199516324063 0.02911630558722919
15 0.36457476823861346 0.3453363740022805 0.021354292623941958 0.029714937286202964
