0 0.705855188141391 0.40898155573376105 0.021077537058152792 0.06400962309542903
2 0.6557981755986317 0.6163993584603047 0.050695553021664765 0.015092221331194868
0 0.43091220068415054 0.33325581395348836 0.03039338654503991 0.023319967923015234
2 0.6347263397947548 0.7382678428227747 0.03597491448118586 0.013520449077786687
15 0.6706499429874572 0.5108580593424218 0.022206385404789055 0.023239775461106657
11 0.3521664766248575 0.2864635124298316 0.08498289623717217 0.0669767441860465
2 0.6401881413911061 0.06972734562951083 0.027765108323831243 0.016086607858861266
0 0.7595610034207525 0.41835605453087416 0.013363740022805017 0.03329591018444267
7 0.5809407069555302 0.18634322373696874 0.04244013683010262 0.017634322373696873
3 0.2974401368301026 0.1972253408179631 0.02214367160775371 0.021804330392943064
2 0.3250057012542759 0.4994226142742582 0.016556442417331813 0.1868644747393745
10 0.6881128848346637 0.7386928628708901 0.0364709236031927 0.017497995188452287
8 0.7381584948688712 0.26160384923817165 0.03672177879133409 0.01607858861267041
2 0.8358152793614595 0.2926784282277466 0.01669897377423033 0.04344025661587811
11 0.8797719498289623 0.3474659182036889 0.07234321550741163 0.036744186046511626
