11 0.47614770459081834 0.1983266129032258 0.0247276874821785 0.060516129032258066
0 0.46431137724550897 0.3095685483870968 0.03775876817792985 0.02116532258064516
2 0.3005873966353009 0.1677782258064516 0.04886797832905617 0.010076612903225805
5 0.48508126603934987 0.743383064516129 0.05616196179070431 0.014923387096774193
2 0.42660963786712286 0.16799999999999998 0.0380211006558312 0.01032258064516129
0 0.4837581978899344 0.7242661290322581 0.03220986598232107 0.01936693548387097
0 0.5230938123752495 0.35166532258064515 0.027105788423153695 0.018951612903225806
2 0.3557912745936698 0.9306249999999999 0.14069860279441118 0.01895967741935484
2 0.2782634730538922 0.5707298387096774 0.07585115483319076 0.03541532258064516
2 0.41554605075563156 0.1269516129032258 0.043287710293698316 0.010487903225806451
2 0.41799258625605934 0.15143548387096775 0.04227259766181922 0.012338709677419355
0 0.11730824066153407 0.35312096774193547 0.02570287995437696 0.011310483870967742
15 0.46567151411462787 0.5888145161290322 0.019894496720844024 0.026649193548387098
2 0.29928999144568 0.8956209677419354 0.05125178214998575 0.011306451612903225
0 0.22000855431993158 0.3447298387096774 0.031431422868548616 0.020024193548387095
0 0.24123182207014543 0.7249395161290322 0.023401767892785856 0.014927419354838711
2 0.4280895352152837 0.19153225806451613 0.03750784145993727 0.010725806451612904
7 0.49169375534644993 0.1526491935483871 0.05834901625320787 0.017858870967741934
2 0.3183290561733676 0.9100040322580645 0.03855431993156544 0.011701612903225807
0 0.20526375819788995 0.321133064516129 0.018936412888508697 0.011548387096774193
15 0.45380952380952383 0.21160483870967742 0.017815796977473625 0.022471774193548386
5 0.15842315369261478 0.3105322580645161 0.04994297120045623 0.01560483870967742
0 0.1605702879954377 0.29204435483870966 0.03449957228400342 0.020516129032258065
5 0.18308525805531795 0.19481048387096775 0.05215568862275449 0.01728225806451613
11 0.28815226689478185 0.49766935483870967 0.042124322783005416 0.0629475806451613
11 0.41195893926432847 0.5024274193548387 0.027567721699458227 0.02831451612903226
2 0.4462161391502709 0.4809596774193548 0.018400342172797263 0.03708064516129032
5 0.5230282292557742 0.3707298387096774 0.038046763615625895 0.016201612903225807
5 0.46367550613059594 0.32854032258064514 0.044496720844026234 0.016016129032258065
