6 0.882796 0.095682 0.013449 0.013624
0 0.267055 0.387561 0.041944 0.026416
5 0.429418 0.070545 0.053273 0.019616
16 0.895898 0.673894 0.086767 0.044431
0 0.119293 0.328204 0.035416 0.034604
0 0.162477 0.371863 0.034111 0.036275
2 0.537409 0.751035 0.013096 0.050996
0 0.481089 0.844290 0.024709 0.017004
2 0.182223 0.762133 0.013660 0.059922
2 0.309054 0.810604 0.202417 0.019388
2 0.292551 0.770380 0.169036 0.014282
2 0.286006 0.741820 0.152970 0.021757
2 0.278962 0.712584 0.139384 0.027882
2 0.271890 0.691114 0.125627 0.012471
2 0.260770 0.663212 0.104618 0.016714
2 0.247412 0.645282 0.028483 0.010816
0 0.267711 0.480404 0.017680 0.017482
2 0.220097 0.408851 0.027925 0.021420
2 0.210678 0.074322 0.035587 0.017004
2 0.246913 0.101188 0.037429 0.013216
2 0.367700 0.093153 0.069219 0.012000
2 0.384359 0.109380 0.037326 0.022039
15 0.417141 0.714353 0.021477 0.026478
15 0.222970 0.107620 0.016089 0.020682
15 0.453324 0.178796 0.018974 0.023506
15 0.375616 0.148925 0.017218 0.022212
15 0.149387 0.211267 0.014647 0.020149
15 0.168076 0.296984 0.015730 0.025325
1 0.309410 0.395827 0.032936 0.015984
0 0.436631 0.441212 0.018210 0.015992
11 0.711049 0.480906 0.033010 0.028463
11 0.815741 0.349000 0.026351 0.046376
0 0.468347 0.378976 0.021140 0.018157
0 0.448911 0.342871 0.023124 0.021663
0 0.430211 0.374408 0.025063 0.019027
0 0.181568 0.395749 0.018563 0.017239
0 0.133147 0.363557 0.018016 0.017373
0 0.096651 0.381631 0.021579 0.018431
15 0.202486 0.714549 0.015336 0.023545
0 0.138444 0.835718 0.015051 0.016471
0 0.729692 0.673396 0.014002 0.014008
0 0.728005 0.652145 0.022759 0.014188
0 0.907845 0.537765 0.025507 0.015294
0 0.805485 0.423682 0.021767 0.016071
2 0.369025 0.217824 0.067959 0.015867
0 0.292802 0.356757 0.025000 0.028180
0 0.498335 0.341980 0.036283 0.031255
5 0.150924 0.087380 0.054892 0.018431
2 0.298780 0.063686 0.140616 0.036235
