1 0.5453411764705882 0.21380418308578358 0.07044509803921568 0.023243407093058506
7 0.6897196078431372 0.6611488329796908 0.07405098039215686 0.017969081539860564
7 0.5899705882352941 0.6616853591997576 0.06688627450980392 0.013370718399515005
8 0.6994333333333334 0.26724765080327373 0.04230588235294117 0.016238254016368598
15 0.7357803921568628 0.23764777205213702 0.02083921568627451 0.022273416186723252
2 0.5851980392156864 0.26174901485298574 0.04867843137254902 0.043789026977872084
2 0.6386960784313725 0.19237647772052135 0.03540392156862745 0.014410427402243103
15 0.7321058823529412 0.2709214913610185 0.015425490196078431 0.022591694452864505
0 0.7463803921568627 0.35955744164898457 0.012629411764705882 0.012525007578053957
0 0.8050039215686275 0.3641406486814186 0.011772549019607843 0.013222188541982418
