15 0.7194352941176471 0.43483929654335957 0.03763921568627451 0.030642813826561553
2 0.8429176470588235 0.5689751364463311 0.020031372549019606 0.18335354760460887
2 0.8187450980392158 0.4654335961188599 0.01887843137254902 0.0821710127349909
0 0.5777490196078431 0.711710127349909 0.03651764705882353 0.05728320194057004
2 0.8162352941176471 0.5869557307459066 0.015937254901960785 0.06896907216494845
0 0.5664862745098039 0.39393571861734383 0.0340156862745098 0.050691328077622805
3 0.7280156862745099 0.7130745906610066 0.04011764705882353 0.08840509399636143
0 0.6068156862745099 0.43454821103699215 0.04149019607843137 0.051140084899939355
2 0.7602980392156863 0.6497028502122498 0.021890196078431373 0.11057610673135233
2 0.7895764705882353 0.664232868405094 0.02314509803921569 0.1163614311704063
0 0.594721568627451 0.7778532443905397 0.036596078431372546 0.04671315949060036
0 0.5115999999999999 0.743244390539721 0.062266666666666665 0.05503941782898727
2 0.6700941176470588 0.5397513644633111 0.09816470588235293 0.04808975136446331
