7 0.740964705882353 0.6177720521370113 0.07006274509803921 0.016605031827826616
2 0.6660666666666667 0.22825098514701425 0.08581176470588235 0.01210366777811458
15 0.6053509803921568 0.27162473476811155 0.023319607843137257 0.023003940588056986
8 0.5448941176470589 0.2785480448620794 0.07133137254901961 0.01888754167929676
7 0.5901941176470588 0.6185450136404971 0.06770588235294119 0.015216732343134283
0 0.7423196078431372 0.34591997575022737 0.020376470588235295 0.014289178538951198
1 0.7612294117647059 0.5440284934828736 0.05686862745098039 0.026335253107002122
15 0.6126960784313725 0.24346771749014853 0.023654901960784312 0.028654137617459836
15 0.725864705882353 0.31841770233404065 0.015790196078431372 0.024580175810851774
0 0.587621568627451 0.3370021218551076 0.013568627450980393 0.01468929978781449
