5 0.8959529411764705 0.33397816858702245 0.08142745098039215 0.028914493632504548
15 0.8241372549019609 0.6528926622195269 0.03374509803921569 0.041952698605215284
15 0.677078431372549 0.28810794420861124 0.031152941176470588 0.03791995148574894
15 0.8013450980392157 0.32455427531837483 0.04317254901960785 0.04263189812007277
15 0.8387764705882353 0.32466949666464523 0.030988235294117646 0.0448271679805943
1 0.6416549019607843 0.651516070345664 0.05591764705882353 0.024790782292298363
1 0.264078431372549 0.460018192844148 0.09762745098039215 0.020594299575500304
2 0.07614117647058824 0.512892662219527 0.03258823529411765 0.10898120072771376
2 0.11568235294117647 0.40729533050333533 0.058803921568627446 0.01941782898726501
2 0.15384705882352942 0.43855063674954514 0.05224313725490196 0.022989690721649483
2 0.33431372549019606 0.5195391146149182 0.04461960784313725 0.31281989084293516
12 0.6176627450980392 0.3641661613098848 0.08372549019607843 0.027701637355973318
7 0.6531372549019608 0.2561006670709521 0.07535686274509804 0.026537295330503335
2 0.7089411764705882 0.31940570042449973 0.07541176470588236 0.02228623408126137
0 0.8829372549019607 0.41795027289266223 0.07096470588235294 0.03047301394784718
2 0.7424941176470587 0.23922377198302003 0.10304313725490195 0.02646452395391146
2 0.5397450980392157 0.3306670709520922 0.16206274509803922 0.040667070952092176
0 0.8382509803921568 0.6068890236506974 0.06889411764705883 0.028768950879320798
