2 0.360962 0.790625 0.150915 0.018363
3 0.791546 0.573711 0.024488 0.016435
0 0.462075 0.387547 0.017141 0.014809
0 0.146379 0.402752 0.036274 0.034141
0 0.216276 0.424703 0.039948 0.030924
0 0.266446 0.393999 0.036060 0.032151
2 0.551869 0.805131 0.013577 0.041306
2 0.547817 0.880696 0.015625 0.097171
16 0.897554 0.728987 0.078762 0.037290
0 0.191036 0.402618 0.017444 0.013748
0 0.115081 0.366669 0.026161 0.015357
0 0.165702 0.365143 0.020097 0.013548
0 0.233030 0.364338 0.027601 0.014621
0 0.375734 0.858879 0.025274 0.015990
0 0.338476 0.948371 0.012645 0.012955
11 0.380200 0.132670 0.017706 0.023719
1 0.463746 0.103354 0.028823 0.018391
2 0.374923 0.115348 0.033532 0.012521
1 0.330052 0.445630 0.034694 0.019327
1 0.394893 0.413822 0.034448 0.016349
1 0.227859 0.183457 0.030524 0.017091
15 0.272202 0.731024 0.029298 0.037610
15 0.242986 0.669743 0.024173 0.032653
15 0.297115 0.625014 0.019464 0.022875
15 0.558333 0.193078 0.017633 0.032624
15 0.448444 0.075054 0.018097 0.026651
15 0.888046 0.187847 0.024802 0.038203
15 0.453050 0.465528 0.020722 0.033314
2 0.159101 0.181224 0.034121 0.024478
0 0.311319 0.227650 0.016548 0.013771
2 0.325089 0.470887 0.081605 0.019595
2 0.310776 0.416600 0.051593 0.028329
2 0.271220 0.602861 0.058077 0.030217
2 0.320008 0.683959 0.071290 0.020114
2 0.336831 0.715973 0.104137 0.024084
2 0.352149 0.753736 0.133573 0.018699
2 0.227510 0.873833 0.012415 0.084141
2 0.249738 0.868451 0.012016 0.071677
0 0.915113 0.628274 0.018081 0.015739
2 0.898897 0.348802 0.012351 0.067051
2 0.550083 0.454800 0.023544 0.124432
2 0.549510 0.362430 0.017302 0.069355
2 0.361202 0.047447 0.158121 0.013936
2 0.343514 0.080799 0.121117 0.014957
2 0.321044 0.117173 0.075218 0.016321
11 0.840790 0.452262 0.042968 0.140371
11 0.532062 0.798403 0.015698 0.035756
