0 0.36077254901960787 0.4169860521528199 0.11498431372549019 0.0415767131594906
0 0.6546039215686275 0.372662219526986 0.10556862745098039 0.04118859915100061
0 0.5775803921568627 0.4710551849605822 0.10936862745098039 0.039927228623408126
15 0.5475882352941176 0.586525166767738 0.03247450980392157 0.041691934505761065
7 0.5230980392156863 0.1624742268041237 0.11829019607843137 0.022371134020618556
10 0.556156862745098 0.1099454214675561 0.1147921568627451 0.02713159490600364
2 0.4229294117647059 0.18149181322013339 0.11433333333333334 0.03528198908429351
2 0.4223764705882353 0.13041843541540327 0.10010980392156862 0.03987871437234688
2 0.5332509803921569 0.22924196482716797 0.11936862745098038 0.03873256519102486
2 0.7911529411764706 0.24546998180715585 0.12884313725490196 0.04070952092177077
2 0.41530980392156863 0.28200727713765916 0.09416470588235294 0.05619163129169193
4 0.36365882352941176 0.4495512431776834 0.12094117647058823 0.02897513644633111
13 0.23861568627450983 0.21006064281382655 0.08382745098039215 0.019508793208004853
4 0.6560274509803922 0.4077926015767132 0.12147058823529412 0.024869617950272892
