10 0.9123175598631699 0.35069729947601774 0.051217217787913334 0.019560661023780734
15 0.7948147092360319 0.41910923014913337 0.02212941847206385 0.021841999193873435
15 0.876821550741163 0.48606207174526406 0.01750855188141391 0.025078597339782346
2 0.26317844925883693 0.4617291414752116 0.020689851767388825 0.0696694881096332
15 0.880188141391106 0.55242241031842 0.02007411630558723 0.02295042321644498
15 0.8590507411630559 0.3219991938734381 0.024387115165336374 0.02353889560661024
0 0.45527080957810717 0.5806690850463523 0.04473204104903079 0.05479242241031842
0 0.5099600912200685 0.5470576380491737 0.05201539338654504 0.02396614268440145
0 0.4960262257696693 0.34096332124143486 0.052460091220068415 0.013293027005239821
0 0.5818101482326111 0.315912938331318 0.045581527936145956 0.051745264006449014
15 0.8753078677309007 0.3477347843611447 0.023041619156214367 0.025558242644095123
2 0.890863740022805 0.4269205965336558 0.023768529076396806 0.1374083031035873
7 0.9131955530216647 0.5049818621523579 0.04757411630558723 0.0168037081821846
