5 0.2642039215686275 0.3134990903577926 0.13129019607843137 0.026889023650697393
15 0.09788627450980393 0.21793814432989692 0.039850980392156864 0.04371134020618556
15 0.22087058823529412 0.7248332322619769 0.03907843137254902 0.046373559733171615
7 0.19740392156862746 0.12880533656761675 0.14089803921568628 0.025706488781079444
10 0.18665882352941177 0.08457246816252274 0.13226666666666664 0.028423286840509397
15 0.1994392156862745 0.2787265009096422 0.033396078431372545 0.0399454214675561
15 0.21611372549019608 0.6048271679805943 0.03672156862745098 0.04054578532443905
15 0.09547843137254902 0.6247362037598545 0.036231372549019605 0.04460278956943602
3 0.23215686274509803 0.542310491206792 0.05345490196078431 0.03806549423893269
15 0.3895529411764706 0.7169981807155852 0.029988235294117645 0.038981200727713765
2 0.25235686274509805 0.6662340812613705 0.11797254901960784 0.05326258338386901
15 0.09571372549019608 0.34982413583990296 0.031450980392156866 0.04325651910248635
1 0.2275843137254902 0.2291691934505761 0.09347843137254902 0.043693147362037596
