7 0.827513725490196 0.15093389933292903 0.11405882352941177 0.020667070952092175
4 0.9046235294117647 0.5065797453001819 0.11504705882352942 0.02252274105518496
15 0.7563647058823529 0.6539902971497877 0.028419607843137254 0.037695573074590656
15 0.8484862745098039 0.31400242571255305 0.030819607843137257 0.04060036385688296
15 0.7596784313725491 0.2614008489993936 0.03272941176470588 0.036300788356579745
15 0.9051411764705883 0.26574893875075806 0.02332549019607843 0.03983020012128563
15 0.8344627450980393 0.19862340812613705 0.02892156862745098 0.03825348696179503
11 0.8786549019607843 0.30428138265615523 0.020650980392156862 0.09898120072771377
1 0.717878431372549 0.7140024257125531 0.06554117647058823 0.041297756215888416
2 0.771756862745098 0.20687083080654942 0.0955843137254902 0.0363068526379624
2 0.8305490196078432 0.2512734990903578 0.06773333333333333 0.03799878714372347
0 0.9018745098039217 0.4820315342631898 0.028733333333333333 0.027186173438447543
0 0.7280039215686275 0.4862522741055185 0.027686274509803918 0.02283808368708308
