2 0.233181 0.744454 0.170468 0.029281
8 0.080388 0.717835 0.052452 0.02307
7 0.342075 0.760426 0.04504 0.021295
3 0.261688 0.55457 0.025086 0.015972
11 0.237742 0.537711 0.017104 0.065661
2 0.1813 0.658385 0.035918 0.015084
2 0.258267 0.616681 0.130559 0.021295
3 0.212087 0.584738 0.019954 0.015972
1 0.104333 0.537711 0.04333 0.015084
0 0.211517 0.267968 0.034208 0.018634
0 0.197834 0.245785 0.029076 0.015972
3 0.194983 0.418811 0.018814 0.015084
15 0.278791 0.424135 0.021095 0.032831
15 0.342075 0.398403 0.021665 0.030169
8 0.280502 0.354037 0.049031 0.015084
0 0.27252 0.326531 0.033637 0.022183
0 0.359179 0.305235 0.041619 0.021295
0 0.676739 0.308784 0.040479 0.015084
0 0.674458 0.277728 0.037058 0.020408
8 0.765678 0.598935 0.058153 0.026619
0 0.757697 0.569654 0.036488 0.022183
1 0.763398 0.406389 0.0439 0.016859
2 0.684151 0.404614 0.055302 0.015972
2 0.59122 0.627329 0.025086 0.015084
2 0.582668 0.605146 0.051311 0.015972
15 0.660205 0.628217 0.036488 0.039929
2 0.582668 0.684117 0.058153 0.016859
2 0.437856 0.685892 0.232611 0.018634
2 0.245724 0.68323 0.143672 0.016859
2 0.353478 0.620231 0.064994 0.015972
3 0.530217 0.574091 0.031357 0.018634
3 0.376283 0.574978 0.029076 0.017746
0 0.496009 0.380657 0.027366 0.015972
0 0.596921 0.322981 0.032497 0.015972
8 0.598062 0.264419 0.04618 0.015972
0 0.59122 0.233363 0.037628 0.02307
0 0.673318 0.246673 0.033637 0.019521
0 0.672178 0.228926 0.032497 0.015972
8 0.781642 0.506655 0.053022 0.027507
0 0.770239 0.480035 0.030217 0.026619