3 0.7140196078431372 0.44411764705882356 0.04976862745098039 0.01721043056397817
2 0.6858392156862746 0.07047907822922983 0.20399215686274508 0.0168465736810188
2 0.7145803921568628 0.1985324439053972 0.0880156862745098 0.01681625227410552
2 0.7037529411764706 0.6359005457853244 0.14263137254901959 0.02810794420861128
2 0.5831960784313726 0.12378411158277744 0.05522745098039216 0.014924196482716798
5 0.5372039215686274 0.4344936325045482 0.047349019607843136 0.019545178896300787
2 0.8211960784313727 0.1687507580351728 0.09066274509803922 0.02790175864160097
0 0.4988901960784314 0.34369921164342027 0.04302745098039216 0.01733171619163129
15 0.21038823529411765 0.45814432989690723 0.022074509803921567 0.026707095209217706
2 0.11960784313725491 0.385009096422074 0.045588235294117645 0.1898908429351122
2 0.644356862745098 0.16640994542146756 0.09041176470588236 0.02779260157671316
2 0.6988509803921569 0.6834445118253487 0.15106666666666668 0.019351121892055793
15 0.5599254901960784 0.27365069739235903 0.023011764705882353 0.02974530018192844
15 0.6167686274509804 0.24788963007883566 0.023278431372549018 0.027519708914493634
2 0.6473058823529412 0.4842692540933899 0.06303137254901961 0.012832019405700425
15 0.15350196078431372 0.4661006670709521 0.021525490196078433 0.023984232868405092
15 0.7897294117647059 0.1945239539114615 0.021599999999999998 0.025651910248635536
15 0.8003098039215686 0.22278956943602182 0.02176862745098039 0.02419648271679806
2 0.30283921568627453 0.42915100060642813 0.046701960784313726 0.01198908429351122
2 0.7524196078431373 0.2264584596725288 0.05513333333333333 0.012516676773802304
0 0.23814509803921569 0.4223893268647665 0.027611764705882353 0.017198302001212855
0 0.5413960784313725 0.4089872650090964 0.06053725490196079 0.02553668890236507
2 0.18978823529411765 0.35810187992722864 0.05413725490196079 0.12564584596725287
7 0.1996392156862745 0.5094420861127956 0.05089019607843138 0.01953911461491813
15 0.6122274509803922 0.20837477258944817 0.02043921568627451 0.03357186173438448
15 0.8991882352941176 0.23630078835657975 0.024733333333333333 0.03337780473013948
0 0.8998823529411764 0.3322437841115828 0.058133333333333335 0.029108550636749546
5 0.8996392156862745 0.3571922377198302 0.04798823529411765 0.017343844754396605
0 0.8093058823529412 0.4537174044875682 0.030415686274509805 0.025439660400242575
11 0.6131764705882352 0.5496543359611886 0.06140392156862746 0.03372346876895088
2 0.31749803921568626 0.3743541540327471 0.11356470588235293 0.01968465736810188
