7 0.400290763968073 0.13642020497803806 0.09740022805017104 0.026808199121522693
5 0.4588369441277081 0.19004392386530017 0.09441847206385405 0.025183016105417275
2 0.3559122006841505 0.07500732064421668 0.1207297605473204 0.021530014641288432
2 0.29687571265678453 0.7756442166910688 0.09047320410490307 0.01774524158125915
0 0.20862029646522237 0.45939238653001463 0.07969783352337514 0.06340409956076135
0 0.4049600912200684 0.4628550512445095 0.07478335233751425 0.06481698389458272
15 0.2241049030786773 0.6861713030746706 0.02194412770809578 0.021076134699853588
2 0.2870296465222349 0.15400439238653002 0.09730330672748004 0.019692532942898973
1 0.39843215507411633 0.745710102489019 0.07926453819840365 0.01724011713030747
0 0.15306727480045612 0.40538799414348464 0.04330102622576967 0.04334553440702782
2 0.25787913340935004 0.11357247437774523 0.18289623717217787 0.042796486090775986
16 0.08177879133409349 0.17863836017569548 0.08126567844925883 0.19119326500732065
