1 0.5424568627450981 0.33809033040315245 0.07518235294117648 0.02266444377083965
8 0.5718980392156863 0.6040103061533798 0.06778823529411765 0.0159745377387087
15 0.744856862745098 0.20618369202788725 0.020635294117647057 0.0228584419521067
0 0.7703843137254902 0.26776295847226433 0.02363137254901961 0.040136404971203396
8 0.5568509803921569 0.26581388299484693 0.06072549019607843 0.014464989390724462
0 0.5558901960784314 0.25264928766292816 0.014184313725490196 0.013446498939072446
2 0.5967960784313725 0.1874113367687178 0.07393333333333334 0.027614428614731734
2 0.670543137254902 0.12250075780539557 0.11084313725490196 0.012979690815398605
7 0.6652156862745098 0.15072749317975143 0.06211372549019607 0.013519248257047591
15 0.5940450980392157 0.68303425280388 0.01577450980392157 0.02799030009093665
0 0.5714588235294118 0.5893634434677175 0.013460784313725492 0.012891785389511974
11 0.7226803921568627 0.17879660503182784 0.04563333333333333 0.026447408305547135
