1 0.331711 0.684721 0.074615 0.017104
7 0.218167 0.820981 0.017843 0.047891
7 0.244931 0.81984 0.019465 0.04732
7 0.246553 0.693273 0.021087 0.048461
7 0.392539 0.686431 0.018654 0.051311
2 0.29927 0.733751 0.018654 0.019954
2 0.222222 0.751425 0.020276 0.055302
2 0.251419 0.757697 0.021898 0.028506
2 0.300892 0.780502 0.017032 0.035348
2 0.318735 0.781072 0.017032 0.033067
2 0.335766 0.758267 0.020276 0.030787
2 0.356042 0.761688 0.020276 0.021665
2 0.402271 0.765108 0.019465 0.029076
15 0.367397 0.787913 0.020276 0.014253
0 0.507705 0.913911 0.034063 0.011973
0 0.51987 0.884835 0.038929 0.012543
0 0.502028 0.852908 0.034063 0.013683
2 0.777778 0.787343 0.021898 0.022235
2 0.739659 0.81699 0.034063 0.011973
2 0.743715 0.801026 0.025142 0.012543
15 0.742903 0.783352 0.018654 0.013683
2 0.627737 0.733181 0.017032 0.018814
2 0.648013 0.735462 0.017032 0.015393
15 0.643958 0.779932 0.021898 0.017104
15 0.63747 0.813569 0.020276 0.018244
8 0.54339 0.822121 0.066504 0.015393
8 0.517437 0.690422 0.061638 0.012543
2 0.460665 0.709806 0.017032 0.027366
2 0.462287 0.769099 0.017032 0.021095
0 0.474453 0.824971 0.028386 0.011973
15 0.459043 0.805017 0.022709 0.014823
7 0.482563 0.770239 0.021087 0.0439
2 0.504461 0.759977 0.018654 0.042759
2 0.542579 0.749715 0.021898 0.04504
2 0.56691 0.77138 0.018654 0.019384
3 0.577453 0.749715 0.021898 0.014823
15 0.524736 0.742303 0.020276 0.015964
15 0.486618 0.709236 0.026764 0.019384
15 0.607461 0.721779 0.018654 0.017674
15 0.709651 0.735462 0.025953 0.013683
15 0.695864 0.694413 0.020276 0.019954
6 0.799676 0.641961 0.022709 0.022235
8 0.735604 0.54561 0.060827 0.011973
8 0.647202 0.607754 0.060016 0.014823
15 0.605839 0.647092 0.025953 0.021095
0 0.51176 0.672178 0.030008 0.011973
0 0.520681 0.649373 0.03163 0.011973
0 0.51987 0.623717 0.030008 0.011973
0 0.508516 0.539339 0.033252 0.011973
6 0.794809 0.458381 0.019465 0.012543
6 0.777778 0.395097 0.017032 0.011973
6 0.618005 0.507412 0.030008 0.013683
6 0.624493 0.493729 0.030819 0.011973
11 0.258719 0.275371 0.021087 0.029076
11 0.271695 0.234322 0.038118 0.058153
11 0.465531 0.198404 0.111922 0.037058
11 0.577453 0.196693 0.111922 0.041619
6 0.744526 0.184151 0.018654 0.019384
6 0.811841 0.220068 0.017032 0.018814
0 0.529603 0.376283 0.124899 0.084379
0 0.580697 0.405929 0.022709 0.023945
0 0.532036 0.278221 0.019465 0.023375