7 0.7257372549019608 0.09566403881140084 0.10885098039215686 0.020418435415403276
15 0.7582274509803921 0.6619708914493632 0.031619607843137255 0.03723468768950879
4 0.9001333333333333 0.4888235294117647 0.1168235294117647 0.024845360824742268
15 0.764764705882353 0.1967798665858096 0.027768627450980393 0.0329047907822923
15 0.8298235294117647 0.14149787750151607 0.02683529411764706 0.0335415403274712
1 0.7200235294117647 0.7243420254699818 0.07534509803921569 0.03801091570648878
15 0.9069333333333333 0.21699211643420255 0.032623529411764704 0.037010309278350514
2 0.7598627450980393 0.15079442086112796 0.10403921568627451 0.03649484536082474
15 0.8473411764705882 0.2665858095815646 0.029866666666666666 0.034414796846573684
11 0.8794196078431372 0.2696179502728927 0.039411764705882354 0.11573074590661007
2 0.8271215686274509 0.20228016979987873 0.0801686274509804 0.032989690721649485
0 0.727278431372549 0.4611340206185567 0.02468235294117647 0.025433596118859914
0 0.8983921568627451 0.4625166767738023 0.030898039215686277 0.021819284414796844
