15 0.735690 0.136777 0.016887 0.025263
15 0.109912 0.595393 0.018147 0.021555
0 0.077158 0.511547 0.009538 0.025765
0 0.098831 0.234640 0.013512 0.073879
0 0.164245 0.252138 0.011032 0.063644
0 0.214085 0.230846 0.012013 0.068494
15 0.876685 0.129142 0.016699 0.023190
2 0.397597 0.358121 0.021032 0.014494
2 0.257654 0.403704 0.017326 0.014421
2 0.183706 0.656040 0.117206 0.026478
15 0.238010 0.642146 0.016705 0.024518
15 0.096676 0.409806 0.017514 0.024874
15 0.250867 0.353020 0.015895 0.022024
15 0.248697 0.308628 0.015479 0.023393
15 0.238592 0.114972 0.017332 0.024988
15 0.897794 0.147397 0.016511 0.023457
2 0.323595 0.367105 0.123244 0.024559
0 0.902577 0.253498 0.010696 0.027449
0 0.710696 0.252907 0.014185 0.070040
0 0.730060 0.274972 0.008786 0.025911
0 0.094515 0.540757 0.009852 0.022874
7 0.235459 0.370785 0.032092 0.019725
8 0.215080 0.287611 0.012953 0.048502
8 0.077118 0.574761 0.013244 0.045344
7 0.097204 0.657874 0.032058 0.018696
1 0.277437 0.693004 0.026710 0.015174
2 0.600017 0.108271 0.035576 0.014615
3 0.588746 0.074680 0.016157 0.015547
7 0.856881 0.201308 0.030844 0.015733
8 0.711844 0.307955 0.012822 0.044640
7 0.732794 0.407777 0.031015 0.016656
2 0.820547 0.404895 0.121710 0.021466
10 0.833469 0.405696 0.024521 0.017223
2 0.819823 0.379263 0.116271 0.015352
2 0.894538 0.377802 0.021767 0.014437
1 0.877711 0.450717 0.027052 0.012656
15 0.748298 0.389101 0.016403 0.020972
11 0.195388 0.407951 0.011038 0.064599
15 0.112500 0.638822 0.016437 0.021109
15 0.379487 0.109231 0.016613 0.022057
15 0.872540 0.171818 0.017052 0.022211
0 0.232697 0.254777 0.008757 0.026251
15 0.775784 0.342931 0.016813 0.022575
