7 0.772780 0.253690 0.087893 0.018431
11 0.863637 0.387851 0.015399 0.011953
10 0.854683 0.301196 0.083262 0.017098
8 0.865567 0.628322 0.074013 0.016580
8 0.897376 0.542655 0.083774 0.017765
0 0.664845 0.503827 0.065508 0.024518
12 0.227593 0.437182 0.100255 0.017322
2 0.827887 0.336598 0.067239 0.020820
2 0.720571 0.336520 0.077372 0.021745
2 0.687717 0.366469 0.071070 0.021322
0 0.596081 0.444912 0.062316 0.013549
0 0.896296 0.509075 0.065747 0.023318
8 0.665264 0.523888 0.083774 0.016435
4 0.897549 0.528708 0.088751 0.016435
15 0.639291 0.394098 0.021115 0.019765
2 0.796296 0.287741 0.134313 0.012259
4 0.596791 0.458878 0.087696 0.016471
