6 0.765682001614205 0.25229190421892816 0.020597255851493138 0.07590079817559862
16 0.4512671509281679 0.8751596351197263 0.055827280064568205 0.09080387685290764
0 0.6358272800645681 0.4574629418472064 0.07642453591606134 0.016482326111744584
2 0.8239305891848265 0.2477993158494869 0.022308313155770785 0.1282896237172178
2 0.7919612590799031 0.21604332953249714 0.021711057304277644 0.05671607753705816
2 0.6519935431799839 0.3472519954389966 0.018934624697336564 0.04647662485746864
15 0.6758514931396288 0.38972633979475485 0.03493139628732849 0.02453249714937286
2 0.6114850686037127 0.32349486887115164 0.02129136400322841 0.09852907639680729
1 0.5174011299435027 0.3787856328392246 0.018926553672316385 0.06413911060433296
0 0.6143260694108151 0.4047491448118586 0.05083938660209847 0.018010262257696693
0 0.6343583535108959 0.4337001140250855 0.09034705407586763 0.020364880273660204
2 0.854221146085553 0.2771835803876853 0.02139628732849072 0.18369441277080958
1 0.4924051654560129 0.3480387685290764 0.020048426150121066 0.03668757126567845
0 0.6236723163841809 0.14740022805017106 0.09000000000000001 0.016744583808437855
0 0.6424293785310735 0.12458380843785634 0.07325262308313156 0.014287343215507411
1 0.4680548829701372 0.3008779931584949 0.017376916868442293 0.03928734321550741
9 0.6145278450363196 0.7019669327251995 0.29506860371267146 0.14279931584948688
