2 0.6836101849045165 0.30153725490196076 0.16237647772052136 0.034580392156862746
12 0.461730827523492 0.4265529411764706 0.09789026977872083 0.017192156862745098
0 0.8291391330706275 0.5135137254901961 0.044801454986359505 0.022870588235294118
12 0.08564413458623826 0.602243137254902 0.09384662018793574 0.014705882352941176
0 0.932922097605335 0.44145490196078435 0.048778417702334036 0.02219607843137255
0 0.5041436799030009 0.5220666666666667 0.04577144589269476 0.02032156862745098
0 0.429317975143983 0.37304313725490196 0.037744771142770535 0.020925490196078433
2 0.7748742043043346 0.34400000000000003 0.08467414367990299 0.020309803921568628
2 0.7775780539557442 0.7725294117647059 0.13301606547438619 0.026792156862745095
0 0.43267353743558656 0.5961411764705883 0.04036374658987572 0.023611764705882353
15 0.9342437102152168 0.3857137254901961 0.026520157623522278 0.023223529411764705
0 0.8796089724158835 0.5411921568627451 0.07668990603213095 0.02187450980392157
3 0.680906335253107 0.6994745098039216 0.03268869354349803 0.028713725490196077
2 0.7765838132767505 0.7343176470588235 0.07401636859654441 0.021905882352941178
10 0.691976356471658 0.35449411764705885 0.08123067596241286 0.013819607843137256
4 0.5072779630190967 0.5423764705882352 0.08484389208851166 0.01591372549019608
7 0.6647590178842073 0.7482745098039215 0.09334040618369203 0.018027450980392157
11 0.11531373143376782 0.5034392156862745 0.054492270384965145 0.09692549019607843
11 0.20670203091846012 0.40427058823529416 0.13046680812367384 0.1018156862745098
12 0.5165262200666869 0.7867725490196078 0.09829645347074871 0.014019607843137254
3 0.7993695059108821 0.6165490196078431 0.03201576235222795 0.02551372549019608
4 0.8802121855107609 0.5588980392156863 0.08621703546529251 0.01316862745098039
4 0.9328190360715368 0.4607607843137255 0.08582600788117611 0.014074509803921569
15 0.7241558047893301 0.3903725490196079 0.017474992421946042 0.030286274509803923
7 0.8086632312822067 0.2332862745098039 0.08894816611094271 0.013968627450980391
