0 0.5974172719935432 0.548078677309008 0.08745762711864406 0.02249144811858609
2 0.9065778853914447 0.4311687571265678 0.021234866828087166 0.04398517673888256
0 0.6425262308313155 0.5915678449258837 0.04395480225988701 0.016157354618015964
2 0.863720742534302 0.46899657924743443 0.03400322841000807 0.0831927023945268
1 0.4670137207425343 0.8825142531356899 0.021242937853107345 0.06867160775370582
5 0.4271993543179983 0.33848916761687575 0.02354317998385795 0.07879703534777652
5 0.815956416464891 0.5151824401368301 0.023551251008878126 0.07843785632839226
15 0.5374576271186441 0.7315564424173319 0.03515738498789346 0.024042189281641962
6 0.5648103309120258 0.20398517673888256 0.02103309120258273 0.04580957810718358
0 0.5962066182405166 0.3603762827822121 0.0384180790960452 0.034007981755986315
0 0.6633414043583535 0.21475484606613454 0.020677966101694915 0.04230330672748005
0 0.5837691686844229 0.5064994298745724 0.061589991928974984 0.017514253135689852
