7 0.2622462203023758 0.7077295492487479 0.07974802015838732 0.032409571508069
0 0.7588804895608352 0.4207178631051753 0.045000000000000005 0.023806343906510853
0 0.6939164866810655 0.46091819699499165 0.052109431245500354 0.03831942125765164
2 0.3383297336213103 0.21301057317751806 0.08949244060475163 0.017167501391207568
2 0.44255939524838017 0.7389259877573734 0.2964074874010079 0.02386199220923762
0 0.19623830093592512 0.43805230940456313 0.051508279337652986 0.03812465219810796
0 0.139812814974802 0.390740122426266 0.04692584593232542 0.028069003895381188
2 0.4765298776097912 0.6932164718976072 0.2235277177825774 0.021240957150806903
2 0.31961123110151185 0.257762938230384 0.08531677465802735 0.017479131886477463
0 0.08416126709863211 0.3510517529215359 0.047469402447804177 0.026688925987757375
2 0.5534485241180706 0.6483249860879243 0.0774442044636429 0.020528658875904285
15 0.7094240460763139 0.2682081246521981 0.026763858891288694 0.03469115191986644
2 0.5851259899208063 0.2448636616583194 0.09479841612670988 0.01895937673900946
15 0.27159107271418287 0.32531997774067895 0.026277897768178547 0.030884808013355594
1 0.24974082073434126 0.3732665553700612 0.07320374370050396 0.024557595993322204
8 0.5361843052555796 0.19204229271007237 0.08504679625629949 0.02646076794657763
2 0.4483621310295176 0.6468503060656651 0.0990388768898488 0.01984418475236505
0 0.8165550755939525 0.3737506956037841 0.05555075593952483 0.04092376182526433
2 0.48870410367170625 0.24476349471341122 0.09491000719942405 0.021547022815804118
5 0.7810655147588194 0.26912632164718975 0.07467242620590353 0.027306622148024484
3 0.6500071994240461 0.3997440178074569 0.05960043196544276 0.02293266555370061
13 0.535662347012239 0.08766833611574847 0.08710223182145428 0.0389259877573734
0 0.5627141828653708 0.16149137451307735 0.061321094312455 0.046243739565943236
0 0.5569942404607631 0.1207178631051753 0.05169906407487401 0.044691151919866445
