0 0.924135 0.411528 0.053769 0.037829
0 0.859598 0.453733 0.084490 0.035409
13 0.253257 0.367841 0.057494 0.018872
12 0.274167 0.627656 0.128427 0.025585
0 0.248831 0.580018 0.050886 0.035112
0 0.315763 0.528963 0.058255 0.041577
11 0.499427 0.300249 0.092557 0.067423
7 0.738543 0.243563 0.110851 0.025901
1 0.733047 0.485518 0.061647 0.035925
11 0.483880 0.323181 0.063612 0.033711
15 0.927590 0.340979 0.025643 0.036780
2 0.575655 0.461492 0.042690 0.083020
2 0.829829 0.289330 0.118365 0.031164
12 0.284635 0.421734 0.128353 0.029012
