0 0.098431 0.446938 0.009412 0.035173
11 0.386275 0.844148 0.013333 0.041237
2 0.383137 0.802304 0.008627 0.032141
3 0.349412 0.839903 0.011765 0.029715
15 0.360392 0.863554 0.01451 0.020619
1 0.245882 0.665858 0.030196 0.013341
15 0.296078 0.596725 0.016863 0.020012
15 0.168627 0.348696 0.014118 0.020619
15 0.141176 0.211643 0.016078 0.023044
15 0.190588 0.198908 0.016471 0.021831
5 0.224314 0.189812 0.05451 0.023044
2 0.187059 0.178896 0.022353 0.018193
2 0.247843 0.144936 0.143922 0.014554
15 0.380784 0.259551 0.014118 0.020012
1 0.353725 0.243784 0.029412 0.017586
5 0.359608 0.372347 0.012549 0.085506
15 0.31098 0.383869 0.01451 0.026076
0 0.350196 0.461492 0.008627 0.032141
0 0.414902 0.460279 0.010196 0.034566
11 0.590196 0.228017 0.120392 0.086113
0 0.625882 0.391146 0.016471 0.032141
0 0.573333 0.678593 0.019608 0.013341
0 0.566275 0.665252 0.016471 0.013341