0 0.384039 0.425185 0.012413 0.040645
2 0.198679 0.241423 0.122949 0.030605
0 0.414298 0.394234 0.019127 0.122984
6 0.604589 0.320282 0.025037 0.012177
2 0.698078 0.269552 0.406001 0.020508
2 0.700165 0.310847 0.044427 0.018419
2 0.698314 0.291544 0.252909 0.017992
2 0.535003 0.294952 0.078768 0.016403
2 0.595148 0.577685 0.198659 0.024823
2 0.114606 0.424883 0.019241 0.124105
15 0.488334 0.272133 0.020548 0.072492
15 0.463902 0.338758 0.052219 0.028790
15 0.908217 0.335294 0.020588 0.071960
0 0.409244 0.615214 0.016286 0.089798
15 0.441594 0.860032 0.060268 0.035000
15 0.361620 0.858879 0.054079 0.030855
15 0.163628 0.380581 0.052938 0.029742
15 0.309621 0.234952 0.051278 0.029855
15 0.468055 0.471726 0.055197 0.029097
3 0.315388 0.341476 0.053731 0.024516
1 0.940516 0.395915 0.047444 0.015540
