15 0.8577530589543938 0.7638217821782178 0.02288654060066741 0.02095049504950495
15 0.7048943270300334 0.7921861386138613 0.023793103448275864 0.02052277227722772
1 0.4786874304783092 0.7717267326732673 0.017719688542825362 0.049900990099009904
15 0.3625472747497219 0.8689148514851486 0.02453281423804227 0.020095049504950495
2 0.9218965517241379 0.8244435643564355 0.016885428253615126 0.047643564356435644
15 0.7033704115684094 0.8548079207920791 0.027491657397107898 0.018768316831683167
0 0.5983815350389322 0.8858772277227723 0.033587319243604 0.010855445544554455
0 0.5970022246941046 0.7321861386138614 0.02936596218020022 0.013144554455445543
5 0.29789210233592883 0.7011524752475248 0.01909899888765295 0.07693465346534653
1 0.8835150166852057 0.8996118811881189 0.020567296996662956 0.06266534653465346
