2 0.629739 0.222138 0.029260 0.074800
2 0.626617 0.343284 0.030225 0.168985
15 0.281323 0.579208 0.044224 0.031984
15 0.261452 0.483960 0.044755 0.031716
15 0.343435 0.469570 0.044006 0.029584
15 0.532414 0.299666 0.045503 0.032514
15 0.345004 0.239629 0.047836 0.031984
15 0.245583 0.167990 0.045133 0.031659
11 0.584618 0.164333 0.105615 0.025542
11 0.587695 0.454672 0.108311 0.028786
8 0.391271 0.631796 0.082269 0.021471
2 0.608150 0.520582 0.026935 0.042303
7 0.476669 0.459672 0.028994 0.059595
2 0.260813 0.211599 0.030459 0.043951
2 0.207180 0.340798 0.050692 0.321083
1 0.328089 0.133686 0.027828 0.050371
1 0.362164 0.549843 0.024827 0.050371
0 0.403665 0.324507 0.050772 0.018432
0 0.435877 0.582768 0.078866 0.018136
0 0.489014 0.634937 0.103789 0.017856
2 0.468214 0.100014 0.187691 0.019173
2 0.491802 0.187534 0.029912 0.094658
