2 0.5273803921568627 0.3199696785930867 0.04296470588235294 0.014214675560946029
2 0.46376862745098035 0.10903577926015767 0.04976470588235294 0.013826561552456035
11 0.14015686274509803 0.15144329896907216 0.08641176470588235 0.01771376591873863
2 0.11629019607843138 0.18030927835051547 0.09756470588235294 0.031109763493026073
5 0.41123137254901965 0.3969011522134627 0.0464 0.015621588841722257
2 0.5158509803921569 0.3015949060036386 0.0653372549019608 0.012067919951485748
0 0.6164627450980392 0.3767616737416616 0.030631372549019608 0.03027289266221953
2 0.3905686274509804 0.7794420861127956 0.04008627450980392 0.00995148574893875
15 0.5416039215686275 0.5061613098847786 0.02009019607843137 0.021570648878107945
2 0.5163254901960784 0.28232868405093997 0.06461568627450981 0.013832625833838689
2 0.2379843137254902 0.7867252880533656 0.03456470588235294 0.027410551849605825
0 0.4112156862745098 0.3756882959369315 0.03203921568627451 0.023486961795027288
2 0.20348627450980392 0.7875985445724681 0.03594509803921569 0.02611885991510006
0 0.5769843137254902 0.3739053972104306 0.028905882352941174 0.015439660400242573
2 0.4665725490196078 0.1292116434202547 0.05427843137254902 0.015209217707701636
0 0.37654901960784315 0.37528805336567617 0.02994117647058823 0.02639175257731959
5 0.5779803921568627 0.3912249848392965 0.04578823529411765 0.018077622801697998
0 0.0598078431372549 0.2242449969678593 0.028529411764705883 0.017974530018192846
0 0.5536666666666666 0.42453001819284414 0.023898039215686274 0.01840509399636143
2 0.5224 0.1405275924802911 0.047078431372549016 0.018071558520315344
13 0.5881647058823529 0.13130382049727107 0.04133333333333333 0.019205579138872046
0 0.4241411764705882 0.7561613098847787 0.059333333333333335 0.02992116434202547
0 0.3042078431372549 0.7984354154032747 0.03154901960784314 0.030661006670709524
0 0.15551372549019607 0.7977380230442692 0.03107843137254902 0.030175864160097026
2 0.2106823529411765 0.8724075197089144 0.041850980392156865 0.012795633717404489
11 0.187 0.850036385688296 0.03030980392156863 0.03128562765312311
2 0.22918431372549017 0.9042510612492419 0.04056078431372549 0.03184960582171013
2 0.26918039215686274 0.8988781079442086 0.03925882352941176 0.01927228623408126
2 0.3723529411764706 0.8252456033959975 0.027686274509803918 0.052310491206792
3 0.5513803921568627 0.5886658580958156 0.040152941176470586 0.020952092177077015
1 0.4275529411764706 0.5787507580351728 0.03627450980392157 0.017198302001212855
11 0.5898862745098039 0.7716070345664039 0.09325490196078431 0.13765312310491207
11 0.5866392156862745 0.907865372953305 0.08935686274509805 0.13420861127956338
11 0.4975529411764706 0.7721406913280776 0.08794509803921569 0.1387265009096422
11 0.4975960784313725 0.9097453001819285 0.08525882352941176 0.12724075197089144
