16 0.790323 0.621791 0.120161 0.041072
0 0.169355 0.090702 0.046774 0.015973
0 0.207258 0.079293 0.044355 0.017684
0 0.531452 0.079863 0.031452 0.017684
0 0.51371 0.064461 0.029839 0.015973
0 0.425806 0.210496 0.044355 0.031945
11 0.304839 0.249287 0.128226 0.121506
2 0.823387 0.363948 0.054839 0.015973
5 0.730645 0.369652 0.08871 0.020536
2 0.83871 0.087849 0.075 0.015973
15 0.737903 0.092413 0.049194 0.039361
15 0.776613 0.223046 0.042742 0.032516
0 0.894355 0.270964 0.023387 0.038791
0 0.639516 0.280091 0.022581 0.039932