15 0.904839 0.634341 0.090726 0.034797
3 0.072984 0.649743 0.017742 0.024529
3 0.115323 0.640616 0.016532 0.028523
2 0.107258 0.725043 0.06129 0.018254
2 0.154032 0.67142 0.009677 0.053052
11 0.167339 0.693668 0.018145 0.0251
3 0.281048 0.63263 0.011694 0.016543
3 0.331048 0.617228 0.011694 0.024529
0 0.360081 0.632059 0.009677 0.034227
11 0.352823 0.707359 0.031048 0.066172
2 0.452419 0.58243 0.053226 0.019966
15 0.565323 0.463776 0.019355 0.031945
8 0.552419 0.361666 0.014516 0.078722
8 0.366129 0.365088 0.014113 0.067884
0 0.397581 0.376497 0.009274 0.029093
0 0.379435 0.361666 0.009677 0.039361
0 0.352823 0.376497 0.011694 0.034227
2 0.250403 0.333714 0.010484 0.059897
15 0.200806 0.141472 0.023387 0.028523
15 0.193952 0.173417 0.023387 0.023959
0 0.302016 0.173417 0.015323 0.014832
0 0.302016 0.159156 0.015323 0.01312
5 0.37379 0.117513 0.057661 0.021107
2 0.554435 0.112379 0.258065 0.022818
5 0.730242 0.118083 0.057661 0.022248
2 0.720968 0.174558 0.076613 0.017114
2 0.809677 0.174558 0.104839 0.016543
5 0.892742 0.13976 0.014516 0.081004
1 0.871371 0.193383 0.009677 0.033086
2 0.849597 0.268682 0.045161 0.01312
6 0.886694 0.369652 0.009274 0.028523
0 0.760484 0.362236 0.010081 0.030804
0 0.703226 0.374216 0.01129 0.0251
0 0.664919 0.363948 0.015323 0.035938
0 0.633065 0.365659 0.009274 0.029663
2 0.497177 0.138049 0.141532 0.017114
2 0.591935 0.137479 0.052016 0.01312
1 0.669355 0.154022 0.010484 0.029663
11 0.647581 0.192242 0.022177 0.047347
15 0.630645 0.175699 0.022581 0.033657
15 0.595968 0.170565 0.021774 0.032516
15 0.558065 0.172847 0.018548 0.034227
11 0.542742 0.182544 0.019355 0.058186
2 0.597984 0.211067 0.039919 0.013691
2 0.474597 0.288648 0.094758 0.014261
2 0.560484 0.288078 0.084677 0.01312
0 0.539516 0.376497 0.010887 0.027952