2 0.7128901960784313 0.5745967252880534 0.05712941176470589 0.026203759854457248
2 0.7216274509803922 0.6074530018192844 0.0909764705882353 0.026452395391146147
2 0.7397960784313725 0.3593450576106731 0.2220235294117647 0.024026682838083686
2 0.6702627450980393 0.40258338386901155 0.08933333333333333 0.023329290479078228
2 0.7516862745098039 0.4500667070952092 0.0528078431372549 0.0882413583990297
0 0.5778705882352941 0.41338386901152213 0.048184313725490195 0.02102486355366889
10 0.09560392156862745 0.36723468768950884 0.04690588235294118 0.02085506367495452
2 0.09023921568627452 0.49559126743480897 0.0442235294117647 0.2412734990903578
14 0.08889803921568627 0.6258338386901152 0.03886274509803921 0.01647058823529412
2 0.5644078431372549 0.46779260157671315 0.025094117647058826 0.05674348089751364
0 0.8226941176470588 0.593862947240752 0.039996078431372546 0.02028502122498484
