0 0.483176 0.4222006841505131 0.099968 0.01985176738882554
10 0.293344 0.5999543899657924 0.09976 0.023112884834663627
0 0.478232 0.5634948688711516 0.094328 0.022348916761687574
2 0.201656 0.4708893956670468 0.037984 0.10718358038768529
1 0.246496 0.5341505131128849 0.029927999999999996 0.08053591790193843
2 0.296288 0.47679019384264537 0.037832 0.0758836944127708
2 0.48108 0.11087799315849486 0.074824 0.025786773090079814
2 0.536512 0.22943557582668186 0.029136000000000002 0.035210946408209806
1 0.693808 0.5290877993158495 0.032136 0.07090079817559863
1 0.641896 0.47523375142531354 0.040048 0.07191562143671608
3 0.488696 0.18132269099201825 0.052160000000000005 0.030005701254275943
